5 0.17756410312499998 0.5890625 0.1854166671875 0.5671875 0.23541666718749998 0.575 0.325 0.540625 0.3729166671875 0.5109375 0.39791666718749996 0.471875 0.4 0.409375 0.375 0.35625 0.33541666718749996 0.3125 0.3145833328125 0.29375 0.35208333281250004 0.2234375 0.3104166671875 0.209375 0.28125 0.271875 0.1875 0.234375 0.1270833328125 0.234375 0.0875 0.246875 0.0770833328125 0.28125 0.06875 0.303125 0.0645833328125 0.334375 0.0354166671875 0.3859375 0 0.4100852265625 0 0.420703125 0.03125 0.43125 0.0208333328125 0.4578125 0.0166666671875 0.49375 0.0208333328125 0.5421875 0.01875 0.5703125 0.03984375 0.5890625 0.17756410312499998 0.5890625
3 0.95 0.37578125 0.00859375 0.05546875
3 0.9875 0.384375 0.0125 0.053125
4 0.95 0.43515625 0.1 0.3078125
3 0.79706914375 0.17082643749999998 0.79706914375 0.1689734671875 0.7804083937499999 0.178238484375 0.807482184375 0.267182375 0.817895225 0.252358365625 0.79706914375 0.17082643749999998
3 0.8283081703124999 0.183797478125 0.8241430296875001 0.1893564703125 0.800193046875 0.24309334843750002 0.8106060859375 0.2690353453125 0.8376798781250001 0.2023274265625 0.8283081703124999 0.183797478125
3 0.7606236453124999 0.378310675 0.7876974359375 0.45984251875000004 0.79706914375 0.454283525 0.7731192546875001 0.35978064062500004 0.7606236453124999 0.378310675
3 0.8157434796875 0.382226046875 0.8053996140624999 0.3708986265625 0.778325728125 0.44131256875 0.7876974359375 0.46725456562499995 0.8157434796875 0.382226046875
3 0.7960757671875001 0.5890625 0.785614865625 0.5469334390625 0.7845735328125001 0.5524924328124999 0.769995353125 0.5728754359375 0.7759729828124999 0.5890625 0.7960757671875001 0.5890625
4 0.2984375 0.79453125 0.596875 0.4109375
3 0.5763754750000001 0.590656240625 0.5316923453125 0.7765354515625 0.5580960234375001 0.7948187093750001 0.6048101531250001 0.611986625 0.5763754750000001 0.590656240625
3 0.22265625 0.68359375 0.0296875 0.1890625
0 0.6390625 0.5890625 0.6390625 0.6610445 1 0.9148478859375 1 0.782364490625 0.8014773343750001 0.5890625 0.6390625 0.5890625