1 0.734375 0.16328125 0.0203125 0.0171875
2 1 0.096168371875 0.7354553156250001 0.26451882968749996 0.525783321875 0.4390625 0.576275515625 0.4390625 0.72311425 0.31592754375 1 0.13440779375 1 0.096168371875
3 0.74140625 0.1703125 0.05078125 0.23671875
4 0.64453125 0.21953125 0.2703125 0.4390625
3 0.41321979531249997 0.5423319234375 0.43612835156249996 0.6164518046875 0.45070662656250005 0.6034808484375 0.428839309375 0.52009595 0.42259150312499993 0.52009595 0.41321979531249997 0.5423319234375
3 0.4579956703125 0.5386259 0.43404578125000004 0.599774825 0.4434174890625 0.6238637671875 0.4704912796875 0.553449909375 0.4694500421875 0.5460378625 0.4579956703125 0.5386259
3 0.39239371562500003 0.7406026234375 0.4163436984375 0.809163596875 0.42675664375 0.7887805921875 0.4059306578125 0.7183666515625 0.40488932499999997 0.7128076578125 0.39239371562500003 0.7406026234375
3 0.4194676015625 0.8221345515625 0.4486239625 0.7461616171875 0.45278919687499997 0.742455678125 0.43612835156249996 0.72392564375 0.40697199062499995 0.805457571875 0.4194676015625 0.8221345515625
3 0.3976002828125 0.9184904062499999 0.4277979765625 0.9926103718749999 0.437169684375 0.9833453546875 0.41009589375 0.9092254734375 0.4090545609375 0.9018134265625001 0.3976002828125 0.9184904062499999
3 0.43301088437499996 1 0.45383052968750004 0.9277554218749999 0.461119571875 0.9240493984375 0.44237615625000004 0.90737241875 0.42155017031249997 0.9851983234375 0.432987190625 1 0.43301088437499996 1
1 0.79765625 0.5984375 0.02578125 0.03515625
2 1 0.8430560484375 0.509375 0.8199618046874999 0.509375 0.85572955625 1 0.8809519109374999 1 0.8430560484375
2 1 0.7605556468750001 0.509375 0.7331731546875 0.509375 0.7754507687500001 1 0.8007265234375 1 0.7605556468750001
3 0.8 0.66953125 0.0953125 0.45703125