5 0.95127241875 0.2363771984375 0.9336422343749999 0.224635665625 0.8807516062499999 0.233441828125 0.8736995484375001 0.256924846875 0.8642968046874999 0.27600480781250003 0.9054339265625 0.2921493984375 0.9336422343749999 0.28040786406249996 0.9489217328125001 0.256924846875 0.95127241875 0.2363771984375
4 0.7671875 0.39375 0.1125 0.371875
4 0.703773571875 0.5796875 0.7040592015625 1 0.77838365625 1 0.7661728828125 0.5796875 0.703773571875 0.5796875
2 0.409375 0.963170925 0.7011852921875 0.9532027046875001 0.7014453484375001 0.9341032515624998 0.409375 0.943453784375 0.409375 0.963170925
2 0.409375 0.9297243250000001 0.7027912203125 0.9193432296875 0.7027049640625 0.9009990578125 0.409375 0.9113906796875 0.409375 0.9297243250000001
2 0.409375 0.89826969375 0.70429445 0.8879876265625001 0.7031937140625001 0.8692864109375 0.409375 0.8820448750000001 0.409375 0.89826969375
2 0.409375 0.87769961875 0.703434925 0.8672517296875 0.703434925 0.8531897718749999 0.409375 0.8635114500000001 0.409375 0.87769961875
2 0.873419340625 1 0.7842177640625 0.964682975 0.7842865531250001 0.96583420625 0.7837715890625001 0.9827959859375 0.8283578468750001 1 0.873419340625 1
2 0.9598238359375 1 0.785969434375 0.9317412812500001 0.7856602203125 0.932780365625 0.785370553125 0.9475335203125 0.925062125 1 0.9598238359375 1
2 1 1 1 0.985933634375 0.9477270234375 0.9654760078125 0.7933829015625 0.906379503125 0.7929593421875 0.9201576593749999 0.998372075 1 1 1
2 1 0.96776578125 0.9795524062500001 0.96043738125 0.7958771125 0.8864930859375001 0.7956737015625001 0.9007724734375 1 0.9808285078125 1 0.96776578125
2 1 0.800076884375 0.9556496796874999 0.7839203875 0.8003821578125001 0.7256568624999999 0.7769377937499999 0.719563853125 0.7770537875000001 0.7296835796875 1 0.8112128578125001 1 0.800076884375
2 1 0.7703872171875 0.8430089468750002 0.7128164578125 0.7753094921875 0.6866163984375 0.7743073468749999 0.6953141578124999 0.7746810468750001 0.6966493390624999 1 0.778895759375 1 0.7703872171875
2 0.409375 0.7273671140625 0.68792431875 0.72059773125 0.6892468093749999 0.6951129390624999 0.6894789203125 0.6946753203125 0.44915372812500004 0.7030847015624999 0.409375 0.7045123046875 0.409375 0.7273671140625