5 0.09635416718749999 0.4046875 0.1359375 0.4 0.1776041671875 0.3875 0.2109375 0.35625 0.25052083281250004 0.3328125 0.2546875 0.309375 0.2526041671875 0.2609375 0.21510416718749997 0.253125 0.1651041671875 0.2546875 0.1338541671875 0.259375 0.0880208328125 0.2640625 0.06302083281250001 0.29375 0.0671875 0.3046875 0.0838541671875 0.3203125 0.0817708328125 0.3328125 0.0796875 0.3734375 0.09635416718749999 0.4046875
3 0.859375 0.225 0.28125 0.45
3 0.5546875 0.5578125 0.015625 0.0578125
3 0.5484375 0.6796875 0.0140625 0.0578125
3 0.59140625 0.6859375 0.0109375 0.0546875
3 0.5921875 0.575 0.0125 0.05546875
4 0.5515625 0.725 0.10625 0.55
3 0.3404106328125 0.48067390468750004 0.32158967656250004 0.497419875 0.3590765078125 0.6234237499999999 0.37261345156250003 0.6104527937500001 0.3404106328125 0.48067390468750004
3 0.381985159375 0.50297886875 0.34866346875 0.6123057624999999 0.361159078125 0.632688765625 0.39760467187500004 0.5344798578125001 0.40072857500000003 0.5270678953125 0.381985159375 0.50297886875
3 0.3382505234375 0.80872349375 0.374696021875 0.9199033578125 0.38927420156250003 0.8976673859375002 0.3580351765625 0.7957525390625 0.3569939390625 0.786487521875 0.3382505234375 0.80872349375
3 0.39656333906249996 0.788340575 0.36011784062499996 0.9143443640625 0.374696021875 0.929168375 0.412182853125 0.80872349375 0.41530675468749995 0.80872349375 0.39656333906249996 0.788340575