3 0.4828125 0.49453125 0.04765625 0.31484375
3 0.6984375 0.41953125 0.0296875 0.26328125
4 0.7664438062500001 0.66875 0.7879394046875 0.33807039375 0.8159121078125 0.3508125609375 0.7775165187499999 0.274859253125 0.7771026328125 0.1839000171875 0.7421089921874999 0.2923257875 0.63840001875 0.27014245468750003 0.543978265625 0.07891152812499999 0.5590346671875001 0.270218165625 0.47259790468750007 0.34020544531249997 0.5699824828125 0.3399783125 0.5981943296875001 0.66875 0.7664438062500001 0.66875
2 1 0.655861359375 0.7793086453125 0.5773714703125 0.77872496875 0.5853707499999999 1 0.665952903125 1 0.655861359375
2 1 0.6459838312499999 0.783872959375 0.571245678125 0.7835839375 0.577546009375 0.9837343453125001 0.647523878125 1 0.6532786625 1 0.6459838312499999
2 1 0.6160838046875 0.78627523125 0.544580471875 0.7857206437500001 0.5514973234375 0.9793530609375001 0.6169019625 1 0.6240969125 1 0.6160838046875
2 1 0.600547728125 0.7932805640625 0.537742028125 0.7929634140624999 0.543113315625 0.99210825 0.6105911609375 1 0.613186178125 1 0.600547728125
2 1 0.5558670578125 0.8045324734375001 0.4976984671875 0.8042601375 0.5070125765625 1 0.5670683984375 1 0.5558670578125
2 1 0.522489590625 0.8104893656249998 0.4708924484375 0.8105445234375 0.48001781875000005 1 0.5303371203125 1 0.522489590625
2 1 0.5106866859375 0.8175493875000001 0.462618984375 0.817695896875 0.46928687968749994 0.9829212593750001 0.5162400734375 1 0.5204335265625 1 0.5106866859375
2 0.52341065625 0.66875 0.5129348 0.6633962328125 0.46402739843749996 0.655435590625 0.31875 0.6508383624999999 0.31875 0.667889553125 0.3424330265625 0.66875 0.52341065625 0.66875
2 0.31875 0.6368739437500001 0.45543988906250005 0.637405828125 0.45199086250000003 0.6193685531249999 0.31875 0.6212501421875001 0.31875 0.6368739437500001
2 0.513345478125 0.62158220625 0.5899285671875 0.6591442140625 0.58701375625 0.6328483046875 0.513048321875 0.6015291031250001 0.5139698421875 0.6037978484375001 0.513345478125 0.62158220625
2 0.31875 0.6167544359375 0.43236151093749997 0.6148810499999999 0.45580343125 0.6123079406249999 0.45476168906250003 0.6040524984375 0.31875 0.6057997734375 0.31875 0.6167544359375
2 0.31875 0.21575497656249998 0.5350815625 0.1134785 0.5327677109375 0.0838346953125 0.5341085125 0.0817481171875 0.31875 0.186522159375 0.31875 0.21575497656249998
2 1 0.06569756875 0.573011475 0.0774832140625 0.5864433109375 0.11021722812500001 1 0.0980827359375 1 0.06569756875
2 1 0.2074452484375 0.7925300046875 0.1932402421875 0.79250858125 0.1935809609375 0.79308153125 0.21402151093750002 1 0.2251135078125 1 0.2074452484375
4 0.10078125 0.871875 0.02578125 0.17734375
3 0.1861787203125 0.8204150140625 0.190271840625 0.8134002109375 0.1665549875 0.7705354359375 0.161653784375 0.7787201749999999 0.1861787203125 0.8204150140625
3 0.18086671875 0.8143275093750001 0.1875989484375 0.819502128125 0.20953477343750002 0.7792054453125 0.20454978906250001 0.77318520625 0.18086671875 0.8143275093750001