5 0.11927083281249999 0.1859375 0.1130208328125 0.2125 0.1234375 0.2421875 0.1442708328125 0.259375 0.1484375 0.2875 0.1526041671875 0.3125 0.1963541671875 0.3140625 0.2130208328125 0.3328125 0.2588541671875 0.3453125 0.2838541671875 0.3421875 0.2921875 0.321875 0.23177083281250002 0.1484375 0.1817708328125 0.1 0.1630208328125 0.1078125 0.12552083281249998 0.121875 0.0796875 0.1390625 0.0984375 0.171875 0.11927083281249999 0.1859375
1 0.6578125 0.2953125 0.01171875 0.01484375
3 0.471875 0.24453125 0.025 0.1484375
3 0.659375 0.303125 0.04921875 0.20078125
4 0.5734375 0.23984375 0.228125 0.4796875
1 0.31796875 0.7796875 0.01796875 0.0171875
3 0.325 0.8296875 0.071875 0.27265625
4 0.36015625 0.73984375 0.1984375 0.5203125
3 0.446875 0.76171875 0.025 0.1421875
3 0.92265625 0.7890625 0.009375 0.04921875
3 0.915625 0.88671875 0.0125 0.05078125
3 0.96015625 0.8015625 0.0078125 0.04375
3 0.96015625 0.8890625 0.0078125 0.0515625
4 0.92578125 0.84375 0.1046875 0.3125
3 0.7659147125000001 0.5624207546875 0.75384589375 0.5731590734374999 0.7788371140624999 0.6639559328125 0.7902913921875 0.650984978125 0.7659147125000001 0.5624207546875
3 0.7455154234375 0.75475279375 0.7444741859375 0.7603117875000001 0.7309372421875 0.7714297734375 0.7580110328125 0.8529617015625 0.7694654062499999 0.8399907453125 0.7455154234375 0.75475279375
3 0.790509765625 0.782839175 0.77779578125 0.7658707796875 0.750721990625 0.841843715625 0.76217626875 0.856667725 0.790509765625 0.782839175
3 0.7986217671875 0.5805710359375 0.7715479765625 0.6565439703125 0.78508491875 0.6695149265625 0.8059109046875002 0.6102189703125 0.8100761406250001 0.6028070078125001 0.7986217671875 0.5805710359375
3 0.76993993125 1 0.7548871312500001 0.9567296031249999 0.75384589375 0.951170609375 0.7423915203125 0.9622885968750001 0.7552910796875001 1 0.76993993125 1
3 0.791352140625 1 0.7986217671875 0.9808185453124999 0.8017456703124999 0.9771125218750001 0.788208821875 0.9604355421874999 0.772697134375 1 0.791352140625 1