5 0.2625 0.315625 0.2833333328125 0.3328125 0.2875 0.3609375 0.2916666671875 0.3859375 0.33541666718749996 0.3875 0.35208333281250004 0.40625 0.39791666718749996 0.41875 0.42291666718750004 0.415625 0.43125 0.3953125 0.3708333328125 0.221875 0.32083333281250004 0.1734375 0.3020833328125 0.18125 0.2645833328125 0.1953125 0.21875 0.2125 0.2375 0.2453125 0.25833333281250004 0.259375 0.2520833328125 0.2859375 0.2625 0.315625
2 1 0.477902809375 0.61875 0.4139171015625 0.61875 0.45294507656249994 1 0.5222154953125 1 0.477902809375
2 1 0.37869913125 0.61875 0.34115112812500004 0.61875 0.39101070625 1 0.4306735953125 1 0.37869913125
3 0.4421875 0.7578125 0.01953125 0.11171875
3 0.5453125 0.63046875 0.01796875 0.08515625
4 0.4504853625 0.56875 0.42424609375 1 0.5483291453125 1 0.55087431875 0.56875 0.4504853625 0.56875
2 0.61875 0.90320755 0.5694879953124999 0.871455396875 0.56568534375 0.8730420515624999 0.561598615625 0.9163184015624999 0.61875 0.9520046015625001 0.61875 0.90320755
2 0 0.7157613375 0.418336878125 0.8309474609375 0.4219178171875 0.7821900359375 0 0.6795410625 0 0.7157613375
2 0 0.56875 0 0.5948508343750001 0.4293700328125 0.672864321875 0.4305860609375 0.6259969734374999 0.4301326953125 0.6282725203125 0.0754759796875 0.56875 0 0.56875
3 0.7390625 0.97890625 0.015625 0.0421875
3 0.7453125 0.76796875 0.0140625 0.08828125
3 0.66953125 0.70546875 0.01015625 0.0625
4 0.676394228125 0.56875 0.642282696875 1 0.745547809375 1 0.7482782015625 0.56875 0.676394228125 0.56875
3 0.659375 0.87109375 0.0078125 0.05703125