5 0.4817586703125 0.37352514531250003 0.504541325 0.3541827859375 0.4974217453125 0.3316166984375 0.4433129390625 0.31872179218749996 0.37781280625 0.302603159375 0.3678453953125 0.32194551875 0.3948997984375 0.328392971875 0.39347588125 0.350959059375 0.4475846875 0.37191328125 0.4817586703125 0.37352514531250003
4 0.7296875 0.7796875 0.7894231171875 0.7796875 0.8335320984375001 0.1383096484375 0.8165222765625 0.024195465625000002 0.7953534296875 0.129862090625 0.74277358125 0.1302395109375 0.7296875 0.0722724 0.7296875 0.7796875
2 0.90105715625 0.7796875 0.7978589890625 0.7237108234375 0.797772884375 0.7238421671874999 0.7940178875 0.7342402859375 0.8781723593749999 0.7796875 0.90105715625 0.7796875
2 1 0.7490550703125 0.8059045781249999 0.6512063859375 0.8056418890625 0.6674887453125 1 0.7649638453125001 1 0.7490550703125
2 1 0.7230115390625 0.80991496875 0.6312157296875001 0.80991496875 0.641213246875 1 0.7346125125 1 0.7230115390625
2 1 0.6613861078125 0.8174862578125 0.5822767125 0.8176190609375 0.5990253453125 1 0.6787506703124999 1 0.6613861078125
2 1 0.5064050609375 0.8175711203124999 0.4441859375 0.817730803125 0.4553774046875 0.9724539374999999 0.50647800625 1 0.5159689937499999 1 0.5064050609375
2 1 0.4950773359375 0.81970081875 0.43386647500000003 0.8192665625 0.434578428125 0.8191193890624999 0.442565553125 1 0.503825525 1 0.4950773359375
2 1 0.4624862390625 0.821904746875 0.406038475 0.821904746875 0.4146315890625 1 0.47064784375 1 0.4624862390625
2 1 0.45169255937499997 0.8241645078125 0.3975612609375 0.8234234875 0.4041090265625 1 0.4602698125 1 0.45169255937499997
2 1 0.4162126375 0.8275133953125 0.36310131874999996 0.825696309375 0.37155466718749997 1 0.42273784843750006 1 0.4162126375
2 1 0.3764112125 0.830180025 0.33067520156249997 0.8297220921875 0.3363901078125 1 0.382935971875 1 0.3764112125
2 1 0.3686583953125 0.9574373375 0.3573330171875 0.8347873453125001 0.3249160515625 0.8346338671875 0.33056121875 0.9925727234374999 0.372286559375 1 0.3743003921875 1 0.3686583953125
4 0.9622969734375 0.340666578125 0.9911555390625001 0.3570405828125 0.9912347328125 0.22694485625 0.9775613796875 0.22044925 0.9799677609374999 0.2245366765625 0.9622969734375 0.340666578125
2 1 0.0319797078125 0.8360072171875 0.031633696875 0.836209440625 0.058097634375 1 0.0632429484375 1 0.0319797078125
3 0.76015625 0.29609375 0.015625 0.1609375
3 0.41953125 0.98125 0.4859375 0.0375
0 0.7715357546875 0.7796875 0.7296875 0.995323903125 0.7296875 1 0.8704209046875 1 0.948562690625 0.7796875 0.7715357546875 0.7796875