2 0.026123490625000002 0 0.026096109375 0.0008404625000000001 0.23329481875 0.409375 0.41738870625 0.409375 0.145257909375 0 0.026123490625000002 0
4 0.79765625 0.2046875 0.3953125 0.409375
3 0.98984375 0.025 0.0140625 0.05
3 0.7521091906249999 0 0.7657411203125 0.1240083734375 0.7754237500000001 0.12039097031249998 0.7626304687500001 0 0.7521091906249999 0
1 0.3421875 0.74296875 0.03828125 0.06015625
1 0.33828125 0.8078125 0.03515625 0.04609375
1 0.33671875 0.85234375 0.03203125 0.05859375
1 0.33515625 0.903125 0.0359375 0.0609375
1 0.34609375 0.57890625 0.0328125 0.04296875
3 0.34140625 0.76640625 0.0890625 0.4671875
2 0.9738831921875001 1 0.804411303125 0.9647747859375 0.8026051843750001 0.9888563578125 0.8526152171875001 1 0.9738831921875001 1
4 0.6 0.409375 0.6 1 0.8106133312499999 1 0.7933061968749999 0.409375 0.6 0.409375