2 0 0 0 0.14471313125000002 0.0825299265625 0.5890625 0.16239461093750002 0.5890625 0.018340956250000002 0 0 0
2 0.14369465625 0 0.409375 0.5238430125 0.409375 0.21791938593750002 0.2645137453125 0 0.14369465625 0
4 0.07265625 0.13671875 0.1453125 0.2734375
3 0.891220528125 0.1553524921875 0.8763541078125 0.0885432171875 0.8527727406250001 0.0993939109375 0.8541373109375 0.1087952625 0.893452671875 0.2036458328125 0.9311026437500001 0.1198552203125 0.9139125281249999 0.09289124531250001 0.891220528125 0.1553524921875
3 0.9263519390624999 0.37932215937499997 0.9059115796875 0.4515965265625 0.88854539375 0.3933196109375 0.8864157984375 0.392584071875 0.8745234828124999 0.41652934531249997 0.9053089234375001 0.485134340625 0.9055087671875001 0.485134340625 0.9386564343749999 0.3951792765625 0.9388562796875 0.3951792765625 0.9263519390624999 0.37932215937499997
2 0.4730653359375 0.27426481406250003 0.8736941421874999 0.2075951484375 0.8693763406249999 0.1786693875 0.8692640078124999 0.17838855468749998 0.47110301875000005 0.24308615156250002 0.4730653359375 0.27426481406250003
2 0.6602291328125001 0 0.496265621875 0.0721402109375 0.501162640625 0.1076000109375 0.7482596234375001 0 0.6602291328125001 0
2 1 0.5067748046875 0.9254985890625 0.4780153734375 0.9249977156250001 0.474534475 0.9142366078125 0.4979304328125 1 0.544892440625 1 0.5067748046875
2 0.5291648 0.41819531562499995 0.5232869484375 0.44772404843749997 0.8888088890624999 0.4905878375 0.88862150625 0.47081107031249997 0.5291648 0.41819531562499995
0 0.2046875 0.93046875 0.409375 0.1390625
0 0.471682734375 0.5890625 0.930125746875 0.8618852953125 0.994381584375 0.7486547484375 0.7475043015624999 0.5890625 0.471682734375 0.5890625