5 0.214171553125 0.2604982265625 0.21883189375 0.237954090625 0.18310285937499998 0.21822800781249999 0.12873266875 0.21822800781249999 0.1100914109375 0.2337270828125 0.12096546875 0.27036124375 0.1582478828125 0.3084044546875 0.206404353125 0.3281305359375 0.23281270781250002 0.350674625 0.26388140312499997 0.3943538453125 0.2996104375 0.364764696875 0.2871830015625 0.3394026046875 0.2390265296875 0.2971323859375 0.214171553125 0.2604982265625
3 0.39296875 0.0765625 0.046875 0.071875
3 0.3171875 0.2765625 0.053125 0.06953125
3 0.47890625 0.0984375 0.046875 0.07265625
3 0.52109375 0.15546875 0.0578125 0.0671875
4 0.39453125 0.29296875 0.3109375 0.4921875
4 1 0.5390625 1 0 0.8506691640625 0 0.8466530203125 0.5390625 1 0.5390625
3 0.86484375 0.06796875 0.01875 0.10390625
3 0.85859375 0.26640625 0.01953125 0.10703125
3 0.55 0.19367015625 0.5696903718749999 0.24488104531250002 0.5832272203125 0.22449804218749997 0.55 0.145142075 0.55 0.19367015625
3 0.5686490390625 0.2504400390625 0.599888065625 0.159643178125 0.6019706359375 0.1577901234375 0.589475025 0.12628921875000002 0.5540708109375 0.22449804218749997 0.5686490390625 0.2504400390625
1 0.01640625 0.74453125 0.0328125 0.0234375
3 0.13359375 0.82734375 0.2671875 0.0734375
3 0.13671875 0.7421875 0.2734375 0.059375
3 0.13984375 0.61328125 0.2796875 0.0609375
3 0.1359375 0.55546875 0.271875 0.0328125
2 0 0.9344021890625 0.48913755156249994 0.9184910765625001 0.4992839578125 0.8912351453125 0.47696178749999996 0.8972919953125 0.154304071875 0.9048631109375 0 0.909085471875 0 0.9344021890625
4 0.48046875 0.76953125 0.1390625 0.4609375
0 0.9133521015625 0.5390625 0.55 0.6026605968750001 0.55 0.7400367265625001 0.8855267437500001 0.7067107359375 0.9841336500000001 0.5390625 0.9133521015625 0.5390625