4 0.715625 0.11953125 0.56875 0.2390625
3 0.48828125 0.125 0.0390625 0.19921875
2 0 0.9237146515625 0.246853696875 0.8359145921875001 0.246573734375 0.8023968859374999 0 0.89507665625 0 0.9237146515625
2 0 0.8390240999999999 0.24304358593750003 0.7581706234375 0.23945656875000002 0.734677121875 0 0.8116720703125001 0 0.8390240999999999
2 0 0.77043009375 0.2381201859375 0.696263965625 0.2370572046875 0.672159990625 0 0.73647031875 0 0.77043009375
2 0 0.5209039453125 0.165909440625 0.4994682624999999 0.2224473046875 0.4898941625 0.22076510312500003 0.47815874687500004 0 0.507448815625 0 0.5209039453125
2 0 0.5026536203124999 0.21770856093750002 0.4769942859375 0.216152465625 0.46346707656249997 0 0.4866755859375 0 0.5026536203124999
2 0 0.475875353125 0.22114406562500002 0.4518274390625 0.22077331249999999 0.4420612015625 0 0.4619468609375 0 0.475875353125
2 0 0.45751775000000006 0.21590038125 0.436724496875 0.21562929375 0.423584725 0 0.4427021 0 0.45751775000000006
2 0 0.3826076125 0.211383584375 0.3750771828125 0.208498628125 0.3530310921875 0 0.361885584375 0 0.3826076125
2 0 0.34053866875 0.20449815 0.338674675 0.203718109375 0.32251809375 0 0.3265272359375 0 0.34053866875
2 0 0.3219885921875 0.20319272968750002 0.32178101875 0.2008685515625 0.305889028125 0 0.3066214859375 0 0.3219885921875
4 0.36875 0.2390625 0.20600453437500002 0.2390625 0.229038275 0.46547994374999996 0.2625624921875 0.7981158625 0.2473418765625 1 0.3687264734375 1 0.349424403125 0.8736099812500001 0.36456728437499997 0.333973075 0.36875 0.33635895625 0.36875 0.2390625
3 0.528109896875 0.55114213125 0.523039975 0.561657525 0.5619093765625001 0.642776275 0.5703592468750001 0.627754284375 0.528109896875 0.55114213125
3 0.6100736343750001 0.5691685203125 0.6024687515625 0.5586531265625 0.5534595062500001 0.6367674796875 0.565289325 0.642776275 0.6100736343750001 0.5691685203125
3 0.560219403125 0.7884895859375 0.5534595062500001 0.8050137765625 0.59401888125 0.8861325265625 0.6033137390625 0.8786215312500001 0.560219403125 0.7884895859375
3 0.646408075 0.81703136875 0.6362682312500001 0.7990049796875 0.5889489593749999 0.8756171328125 0.5965538421875 0.8876347250000001 0.646408075 0.81703136875