5 0.446332959375 0.172196203125 0.415277059375 0.1793739234375 0.40722552968750003 0.199471540625 0.416427278125 0.2238757890625 0.38997225156250004 0.2238757890625 0.39112246875 0.2425378625 0.4060753109375 0.25689330312499997 0.4233285890625 0.2626354796875 0.449783615625 0.2626354796875 0.4762386421875 0.2482800390625 0.48659060781249996 0.21813361250000002 0.478539078125 0.1951649078125 0.46703689375 0.17793837968749998 0.446332959375 0.172196203125
0 0.884375 0.33203125 0.23125 0.1015625
1 0.36640625 0.96015625 0.0703125 0.0640625
3 0.47127014375 1 0.253545915625 0.6330804796875 0.2567042578125 0.6388076093749999 0.133527084375 0.7457139749999999 0.2972804859375 1 0.47127014375 1
4 0.86328125 0.85078125 0.1015625 0.2984375
3 0.84296875 0.78828125 0.01953125 0.05390625
3 0.83671875 0.88203125 0.01953125 0.05234375
3 0.83125 0.9703125 0.015625 0.059375
3 0.89453125 0.80234375 0.01640625 0.059375
3 0.8984375 0.88671875 0.0171875 0.05078125
3 0.89765625 0.975 0.0140625 0.05
3 0.639124115625 0.5390625 0.665690878125 0.6046838625000001 0.6729762906250001 0.595770834375 0.6523951640625001 0.5390625 0.639124115625 0.5390625
3 0.6854526546875 0.5390625 0.6561287921875 0.5998222171875 0.664324865625 0.61116606875 0.698930521875 0.5422927421875 0.697564509375 0.5398619203125 0.6968293921875001 0.5390625 0.6854526546875 0.5390625
3 0.6461113562499999 0.765928403125 0.6174251 0.6881420859375 0.618335803125 0.6865215625000001 0.6087737171875001 0.6970551140625 0.6379152828125 0.77403116875 0.6461113562499999 0.765928403125
3 0.6406473078125 0.778082515625 0.6747976125 0.7148811328125 0.6747976125 0.7124503093750001 0.665690878125 0.701916759375 0.633817246875 0.7667387015625 0.6406473078125 0.778082515625
3 0.6561287921875 0.957892721875 0.6661462296874999 0.9506002546874999 0.6374599734374999 0.8792961437500001 0.6278978875 0.8857783484375 0.626076525 0.881726965625 0.6561287921875 0.957892721875
3 0.64929873125 0.9522208156249998 0.6615928421875 0.9611338437499999 0.689849984375 0.8922838625 0.6807170124999999 0.8841577890625001 0.64929873125 0.9522208156249998