5 0.09135903281249999 0.123564221875 0.10656747343749999 0.11091531875 0.105672890625 0.09747584687500001 0.099410575 0.08087414375 0.0895698078125 0.07613080312500001 0.080623684375 0.07613080312500001 0.0627313765625 0.07534023437500001 0.0546798359375 0.0800835890625 0.060942153124999995 0.0951041703125 0.073466725 0.11091531875 0.07525595 0.1330509046875 0.0850967171875 0.152814853125 0.09135903281249999 0.123564221875
3 0.3 0.049663434374999996 0.2242267609375 0.0930090234375 0.25406024375 0.125470359375 0.2448806625 0.13155684843749998 0.3 0.10353751562499999 0.3 0.049663434374999996
3 0.049816176562499995 0.43182360312499996 0.0521109140625 0.4297948046875 0.1576753703125 0.3750164046875 0.13472652031250001 0.3202380046875 0.01998269375 0.38921818125 0.049816176562499995 0.43182360312499996
3 0.1324317828125 0.0848937359375 0.1324317828125 0.095037915625 0.153085684375 0.1193838703125 0.2402909765625 0.070691959375 0.21504738906249998 0.040259515625 0.1324317828125 0.0848937359375
3 0 0.25680416875 0.049816176562499995 0.2329982671875 0.0268673265625 0.1944505359375 0 0.2100593859375 0 0.25680416875
0 1 0 0.688681746875 0 0.67669654375 0.054550453124999995 0.8095644765625 0.19391099375 1 0.11547452656249999 1 0
3 0.05859375 0.7546875 0.1171875 0.490625
4 0.190625 0.7546875 0.21875 0.490625
4 0.6296875 0.9296875 0.659375 0.115625
2 0.84776395 0.509375 0.8507584296874999 0.6492929953125 0.8551890796875 0.8716757671875 0.8668243 0.871318303125 0.8569004078125001 0.509375 0.84776395 0.509375
2 0.8624326937500001 0.509375 0.8734057703125 0.8692344859375 0.877802840625 0.8690848062500001 0.8667541328125001 0.509375 0.8624326937500001 0.509375
2 0.875103303125 0.509375 0.8865685875 0.867946621875 0.8924835390624999 0.86883739375 0.8800536843749999 0.509375 0.875103303125 0.509375
2 0.8981567546874999 0.509375 0.9111426953125001 0.8670072031250001 0.9111426953125001 0.86707535 0.916169309375 0.86738444375 0.9040457375 0.509375 0.8981567546874999 0.509375
2 0.924898015625 0.509375 0.9375032140624999 0.8697513453125 0.9439819968750001 0.870586140625 0.9305613828125001 0.509375 0.924898015625 0.509375
2 0.5876896484375 0.509375 0.5812820421875 0.8673313828125 0.5953681140625 0.8695348359375 0.6002808734375 0.509375 0.5876896484375 0.509375
2 0.6103319125000001 0.509375 0.6072177156249999 0.8672839390625 0.615792046875 0.8693055015625 0.61869954375 0.509375 0.6103319125000001 0.509375
2 0.3060439578125 0.509375 0.3 0.608735653125 0.3 0.8115897578125001 0.31962617031249996 0.509375 0.3060439578125 0.509375
2 0.33302085468750003 0.509375 0.3130465515625 0.869184459375 0.31307572656250005 0.869184459375 0.3183739046875 0.8693223734375 0.3392427515625 0.509375 0.33302085468750003 0.509375
2 0.3449248484375 0.509375 0.3260459203125 0.865618475 0.3260459203125 0.8658932484375 0.33210953593750003 0.8676191671875 0.3522089015625 0.509375 0.3449248484375 0.509375
2 0.3567145578125 0.509375 0.337081215625 0.8628547328125 0.34559489375 0.8678006515625001 0.3640741234375 0.509375 0.3567145578125 0.509375