4 0.28984375 0.259375 0.0203125 0.51875
3 0.459340440625 0 0.45727687968749997 0.0030015421875 0.48130822812499996 0.054148075 0.48706221250000004 0.0469273875 0.462275109375 0 0.459340440625 0
3 0.479277409375 0.044520492187499996 0.48401598593749995 0.050537731249999995 0.51143203125 0.010222229687499999 0.5070319249999999 0.0030015421875 0.479277409375 0.044520492187499996
3 0.499247121875 0.193748021875 0.5050011062499999 0.1895359546875 0.47995435000000003 0.13658425000000002 0.4762311828125 0.1432032125 0.499247121875 0.193748021875
3 0.5056780468750001 0.1973583640625 0.5330940921874999 0.15403424375000002 0.5259862281250001 0.14500838437500002 0.50026253125 0.1889342296875 0.5056780468750001 0.1973583640625
3 0.4775850609375 0.3291359 0.4809697578125 0.3357548640625 0.5083858046875 0.2942359140625 0.5056780468750001 0.2876169515625 0.4775850609375 0.3291359
3 0.4809697578125 0.3351531390625 0.48469292500000005 0.3285341765625 0.4593076984375 0.2785910921875 0.45592300156250004 0.28460833124999996 0.4809697578125 0.3351531390625
0 0 0.51875 0 0.9322487140625 0.0115625765625 0.9425558203125 0.2796875 0.896868590625 0.2796875 0.5231704984375 0.27321758749999997 0.51875 0 0.51875
4 0.49296875 0.759375 0.4265625 0.48125
3 0.826207421875 0.7108542703125 0.6192351828125 0.8239512515625 0.6755263453125 0.8663821046875 0.8872812031249999 0.7515691703125 0.826207421875 0.7108542703125
2 0.2796875 1 0.31412927812499997 1 0.642986078125 0.8669280984375 0.62057376875 0.8317902437499999 0.2796875 0.981014434375 0.2796875 1
4 0.7578125 0.55234375 0.05625 0.0671875
4 0.93671875 0.578125 0.0484375 0.11875