5 0.082392709375 0.3084804109375 0.0832006484375 0.294635940625 0.0662333375 0.29186705625 0.0646174046875 0.34170711875 0.059769609375 0.37908720156250003 0.0508819578125 0.4178516796875 0.054921759375000004 0.4261583796875 0.0735050578125 0.38739385625 0.079160846875 0.34170711875 0.082392709375 0.3084804109375
5 0.167679734375 0.4296875 0.1696533015625 0.4178516796875 0.1704612390625 0.369396059375 0.172077171875 0.333400465625 0.178540953125 0.294635940625 0.1817728171875 0.2572559046875 0.177732959375 0.2489492046875 0.1615735875 0.2544870203125 0.1389504875 0.265562559375 0.13571862343750002 0.3029426421875 0.132486759375 0.3472449359375 0.13410269218749998 0.3680116171875 0.1502620640625 0.354167146875 0.1583417234375 0.3555515890625 0.1615735875 0.383240528125 0.16480545156249998 0.41646723750000003 0.16480545156249998 0.4296875 0.167679734375 0.4296875
3 0.4296875 0.345002134375 0.49884782968749997 0.1730318375 0.49780659375 0.17117886875 0.47489794218750003 0.1489428953125 0.4296875 0.26680024375 0.4296875 0.345002134375
4 0.16328125 0.7703125 0.05703125 0.30234375
3 0.269419478125 0.6006819953125 0.265336628125 0.6060099734375 0.2801662671875 0.6347984109375 0.2845477640625 0.6282010781249999 0.269419478125 0.6006819953125
3 0.294321840625 0.5952143078125001 0.2740995921875 0.6288008281249999 0.28185147499999996 0.6365976874999999 0.300388515625 0.6018116671875 0.299377403125 0.6018116671875 0.294321840625 0.5952143078125001
3 0.2720773671875 0.66898468125 0.289266278125 0.7007719234375 0.2949959359375 0.6941745640625 0.27982925000000003 0.66838493125 0.2788181375 0.6665856531250001 0.2720773671875 0.66898468125
3 0.3047006046875 0.6637018453125 0.2852218296875 0.6959738421875 0.2896033265625 0.7031709515625 0.309488528125 0.6707839578125 0.3047006046875 0.6637018453125
1 0.91328125 0.89765625 0.03515625 0.0515625
1 0.915625 0.95625 0.03828125 0.04765625
1 0.9125 0.98984375 0.034375 0.0203125
3 0.91328125 0.87265625 0.0921875 0.2546875