5 0.298680828125 0 0.2974299046875 0.03858211875 0.292582109375 0.0759622015625 0.28369445781249997 0.11472667968750001 0.28773425937499997 0.12303337968750001 0.30631755781250003 0.08426885625 0.311973346875 0.03858211875 0.315205209375 0.0053554109375 0.3155177421875 0 0.298680828125 0
5 0.3685178203125 0 0.365299259375 0.0441199359375 0.3669151921875 0.0648866171875 0.3830745640625 0.051042146875000007 0.3911542234375 0.052426589062499994 0.3943860875 0.080115528125 0.3976179515625 0.11334223750000001 0.3976179515625 0.1438000609375 0.40246580156249995 0.11472667968750001 0.40327373906249997 0.066271059375 0.404889671875 0.030275465624999998 0.40993794687499996 0 0.3685178203125 0
3 0.021495257812499998 0 0.01928061875 0.0056237109375 0.0282214734375 0.0177676203125 0.0353685578125 0 0.021495257812499998 0
3 0.0644667234375 0 0.063676590625 0.0024557359375 0.0729257515625 0.010375675 0.076333671875 0 0.0644667234375 0
3 0.0800134171875 0 0.07385066875 0.0151276390625 0.0821749125 0.02621555625 0.09111576875 0.0003437515625 0.09076785000000001 0 0.0800134171875 0
3 0.088649325 0.09749501875 0.0957403484375 0.1059429546875 0.10591442656250001 0.08376712187499999 0.0960486546875 0.0747911890625 0.088649325 0.09749501875
3 0.0991317078125 0.1112229140625 0.10838086875 0.121782834375 0.116088503125 0.0980230140625 0.105297815625 0.0901030734375 0.0991317078125 0.1112229140625
1 0.87890625 0.06875 0.06171875 0.0359375
1 0.8734375 0.11953125 0.05234375 0.040625
1 0.87265625 0.16953125 0.05546875 0.04765625
1 0.86640625 0.215625 0.053125 0.04296875
1 0.8609375 0.26875 0.05 0.05234375
3 0.85859375 0.15 0.1921875 0.3
4 0.84453125 0.15 0.3109375 0.3
0 0.6890625 0.46677075468750007 0.05697265 0.4073908515625 0.0533908109375 0.4089840265625 0.0677181671875 0.62246054375 0.6890625 0.804481559375 0.6890625 0.46677075468750007