4 0.21663685937500002 0 0.21746430625 0.309375 0.374064121875 0.309375 0.382665184375 0 0.21663685937500002 0
2 0.6890625 0.309375 0.6890625 0.2943793578125 0.5476412515625 0.30048620000000004 0.5479572484374999 0.309375 0.6890625 0.309375
2 0.6890625 0.14337152343749998 0.504464490625 0.1266822359375 0.50425003125 0.13677869843749998 0.6890625 0.15184658906249998 0.6890625 0.14337152343749998
2 0.6890625 0.11086939843750002 0.49066655312499996 0.0870439328125 0.49066655312499996 0.093480790625 0.6890625 0.1174025984375 0.6890625 0.11086939843750002
3 0.45250804375 0 0.470594534375 0.309375 0.5012308671875 0.309375 0.48094294687500005 0 0.45250804375 0
2 0 0.23379496875 0.216127084375 0.1385796921875 0.21511856875 0.13265302031249998 0.21511856875 0.1325311609375 0 0.22671278749999998 0 0.23379496875
2 0 0.2214665234375 0.1511441109375 0.155945634375 0.215509 0.1284024328125 0.2140282796875 0.1212079578125 0 0.21429203281250003 0 0.2214665234375
2 0 0.17745710625 0.21578827656250002 0.09098686406249999 0.215303378125 0.085147125 0 0.16998359999999998 0 0.17745710625
2 0 0.16535947812500001 0.1141657328125 0.12010178281249999 0.21442079062500002 0.0808230140625 0.21378737499999997 0.073141971875 0 0.15787198281249998 0 0.16535947812500001
2 0 0.1250755140625 0.214399296875 0.0448906078125 0.2134690890625 0.038671553125 0.213339809375 0.038477634375 0 0.1175620078125 0 0.1250755140625
2 0 0.11064980312499999 0.1061790203125 0.071795465625 0.21223525312499997 0.033429389062499995 0.2109270265625 0.0271167171875 0 0.10403893281250001 0 0.11064980312499999
2 0.185987690625 0 0 0.0631020078125 0 0.06727225 0.07925560781249999 0.040376465625 0.166286965625 0.0114332203125 0.19833828125 0 0.185987690625 0
2 0.6890625 0.10640263125 0.494101565625 0.0798963421875 0.49416248281249997 0.084813259375 0.6890625 0.109607815625 0.6890625 0.10640263125
2 0.6890625 0.0951646875 0.49424205781249997 0.072942028125 0.49421187343749995 0.0767599859375 0.6089745171875001 0.0930822078125 0.6890625 0.10305431406250001 0.6890625 0.0951646875
4 0.84453125 0.1546875 0.3109375 0.309375
0 0.4645700453125 0.779218728125 0.5145259703125 0.698169509375 0.29805003281250003 0.46593255468749994 0.25598187499999997 0.5360712515625 0.2568582828125 0.5360712515625 0.4645700453125 0.779218728125
1 0.80234375 0.4421875 0.01796875 0.0140625
4 0.965625 0.6546875 0.06875 0.690625
3 0.78515625 0.4421875 0.1921875 0.065625
3 0.8015625 0.74921875 0.225 0.0828125