4 0.2 0.21484375 0.08125 0.4296875
2 0 0.3882988953125 0.20090555000000002 0.3151356359375 0.20158255 0.3006896375 0 0.3720179015625 0 0.3882988953125
2 0 0.42756652187500005 0.171054546875 0.365696596875 0.173085621875 0.352454434375 0 0.4140734421875 0 0.42756652187500005
2 0.3657148703125 0.4296875 0.2301891953125 0.351406784375 0.22936059062499997 0.37171574375 0.33014251875 0.4296875 0.3657148703125 0.4296875
2 0.43379991718750005 0.4296875 0.231391628125 0.3151356359375 0.231391628125 0.32837778125 0.41021706562500004 0.4296875 0.43379991718750005 0.4296875
2 0.131838715625 0 0 0.045746103125 0 0.058471521875 0.1604971953125 0 0.131838715625 0
2 0 0.1050035640625 0.1924972359375 0.0323021703125 0.1945283109375 0.021467679687499998 0 0.0913931015625 0 0.1050035640625
2 0.61875 0.24232099375 0.2155693125 0.031935265625 0.2141146859375 0.0455443328125 0.61875 0.2537368859375 0.61875 0.24232099375
2 0.23379858437499998 0 0.61875 0.19841910625 0.61875 0.179702215625 0.26427476875 0 0.23379858437499998 0
2 0.33814304375000004 0 0.61875 0.1418230140625 0.61875 0.1164952625 0.392360378125 0 0.33814304375000004 0
1 0.77578125 0.203125 0.059375 0.071875
1 0.76171875 0.2765625 0.06015625 0.07109375
1 0.7546875 0.34921875 0.06328125 0.07734375
1 0.74609375 0.4125 0.0640625 0.034375
3 0.7609375 0.21484375 0.228125 0.4296875
3 0.50859375 0.73125 0.02734375 0.1546875
4 0.5484375 0.71484375 0.140625 0.5703125
2 0.2107222734375 1 0.0119166015625 0.9288071999999999 0.008810103125 0.9848269437500001 0.057697318750000004 1 0.2107222734375 1
2 0.00673654375 0.7751544781249999 0.4443013734375 0.8861289093749999 0.47396843125 0.8830082765625 0.466402 0.8466771921875 0.007148665625 0.7516552234375 0.00673654375 0.7751544781249999
2 0.01334665625 0.74125926875 0.3589377359375 0.7857662984375 0.464697603125 0.799419690625 0.4639537609375 0.7750442078124999 0.015829596874999997 0.71227538125 0.01334665625 0.74125926875
5 0.9708211703125 0.5141501453124999 0.9936038249999999 0.4948077859375 0.9864842453125 0.4722416984375 0.9323754390625 0.45934679218749996 0.8668753062500001 0.443228159375 0.8569078953125 0.46257051875000005 0.8839622984375 0.46901797187499994 0.8825383812500001 0.49158405937499994 0.9366471875 0.51253828125 0.9708211703125 0.5141501453124999