0 0.0565144109375 0.4 0.0623697234375 0.2813644546875 0.011537292187500001 0.2766884796875 0.0102608390625 0.2761513125 0.0009050781250000001 0.4 0.0565144109375 0.4
3 0.57734375 0.2546875 0.009375 0.06640625
3 0.5875 0.08359375 0.01015625 0.06640625
3 0.70234375 0.0921875 0.0125 0.0859375
3 0.7015625 0.3078125 0.0140625 0.0921875
3 0.5671875 0.38984375 0.009375 0.0203125
4 0.59854065 0 0.57065743125 0.4 0.6902364515625 0.4 0.6894414359375001 0 0.59854065 0
2 0.4890625 0.21504080781249998 0.701598565625 0.139308346875 0.6997240921875 0.128357934375 0.4890625 0.2037080234375 0.4890625 0.21504080781249998
1 0.23828125 0.90390625 0.05703125 0.05546875
3 0.22265625 0.7 0.1828125 0.6
4 0.30390625 0.7 0.3703125 0.6
1 0.64140625 0.65703125 0.02265625 0.021875
3 0.76015625 0.53046875 0.246875 0.053125
3 0.7078125 0.65234375 0.29140625 0.06015625
4 0.9015625 0.7375 0.196875 0.525
3 0.7625 0.5859375 0.2453125 0.0484375
1 0.8390625 0.5796875 0.02734375 0.02265625
3 0.715625 0.71484375 0.29453125 0.059375