4 0.129263528125 0 0.0920157453125 0.0438697921875 0 0.050467518749999996 0 0.6 0.11769225781249999 0.6 0.189668425 0.222024234375 0.35252521406250004 0.2087115109375 0.2702776640625 0.031204303125 0.28135551406250003 0 0.129263528125 0
3 0.3608957890625 0.187638175 0.3602334078125 0.19258639375 0.30244494843749997 0.3184334609375 0.3237612640625 0.34793973437500003 0.38499890937500003 0.2168820890625 0.3608957890625 0.187638175
2 0.32197214218750003 0.6 0.2961344515625 0.418159134375 0.2679336046875 0.4211281265625 0.2664917140625 0.4215281234375 0.29216769062500003 0.6 0.32197214218750003 0.6
2 0.3899906390625 0.6 0.355971328125 0.40331417500000005 0.3306518875 0.4080429296875 0.3604211484375 0.6 0.3899906390625 0.6
2 0.3637917046875 0 0.47255746875 0.4202648421875 0.4796875 0.40097176250000005 0.4796875 0.3504867078125 0.38637857656249996 0 0.3637917046875 0
3 0 0.346086746875 0.0032821625 0.3564673375 0.0960084421875 0.26830251875 0.088597725 0.24791908281250002 0 0.3340202046875 0 0.346086746875
0 0.84296875 0.490625 0.3140625 0.115625
4 0.27421875 0.8 0.0859375 0.4
4 0.2171875 0.8 0.10625 0.4
3 0.27578125 0.87265625 0.0171875 0.2546875
4 0.70546875 0.88671875 0.0921875 0.2265625
4 0.515625 0.76796875 0.071875 0.3359375
4 0.63984375 0.70703125 0.0390625 0.2140625