4 0.5100042748706155 0 0.46125903259572787 0 0.46193859519358255 1 0.5390207709016156 0.9987897836168932 0.5100042748706155 0
2 0.4589977921875 0.8547652046875 0.4592578484375 0.8356657515625001 0.00307971875 0.8502701390625 0.0018100999999999998 0.8513504187500001 0.000312840625 0.8704338515625001 0.4589977921875 0.8547652046875
2 0.4606037203125 0.8209057296875001 0.4605174640625 0.8025615578125 0.002983225 0.8187703453124999 0.0026366171875 0.8179372468749999 0.0016298625 0.8371442703125 0.4606037203125 0.8209057296875001
2 0.002919284375 0.790740378125 0.0024438000000000003 0.805575815625 0.46210695 0.7895501265625 0.4610062140625 0.7708489109375 0.002919284375 0.790740378125
2 0.461247425 0.7688142296875 0.461247425 0.7547522718749999 0.0044219921874999995 0.770787115625 0.0036253484375 0.7710640515625 0.0040785171875 0.7850573484375001 0.461247425 0.7688142296875
2 0.8412828890625 1 0.8427325124999999 0.9853006437499999 0.5420302640625 0.866245475 0.5420990531250001 0.8673967062499999 0.5415840890625 0.8843584859375 0.8412828890625 1
2 0.944963659375 1 0.9460206250000001 0.9912307437500001 0.543781934375 0.83330378125 0.5434727203125 0.8343428656249999 0.543183053125 0.8490960203125001 0.944963659375 1
2 0.9999574859375 0.9963151453125001 0.9999574859375 0.9822623406250001 0.7055395234375 0.8670385078124999 0.5511954015625 0.8079420031250001 0.5507718421875001 0.821720159375 0.9999574859375 0.9963151453125001
2 0.7808609625 0.8914215078125001 1 0.9745207234375 0.999918165625 0.956098734375 0.7373649062500001 0.86199988125 0.5536896125 0.7880555859375 0.5534862015625001 0.8023349734374999 0.7808609625 0.8914215078125001
2 0.7134621796875 0.6854828875 0.5581946578125 0.6272193625 0.5347502937499999 0.621126353125 0.5348662875 0.6312460796875 1 0.8013409906250001 0.9996328515625 0.78973276875 0.7134621796875 0.6854828875
2 0.532493546875 0.5982118390625 0.9986581765625001 0.768372278125 0.999327115625 0.7605164203125 0.600821446875 0.6143789578125001 0.5331219921875 0.5881788984375 0.5321198468749999 0.5968766578125 0.532493546875 0.5982118390625
2 0.44729142031249997 0.5962378203124999 0.20696622812499998 0.6046472015625 0.0016651515624999998 0.612015175 0 0.63299265 0.44573681875000004 0.62216023125 0.447059309375 0.5966754390625 0.44729142031249997 0.5962378203124999
2 1 0.47571775625 0.532272384375 0.3286548296875 0.5310469328125 0.34880463125 0.7874771109375 0.4335283296875 1 0.49391126406249997 1 0.47571775625
2 0.15375529375000002 0.3149058734375 0.0012987328125 0.31828065625 0.001333634375 0.34071793125 0.45268298281249997 0.335556896875 0.45319489375 0.315315084375 0.15375529375000002 0.3149058734375
2 0.38090629374999996 0.27124910625 0.37207193125 0.2466945453125 0.0098454390625 0.25635453125 0.009076025 0.25661766875 0.0092315609375 0.2721502734375 0.38090629374999996 0.27124910625