3 0.30078125 0.2078125 0.02265625 0.2671875
4 0.12421875 0.075 0.0609375 0.15
4 0.4890625 0.5390625 0.4890625 0 0.31976953125 0 0.3013028 0.035899379687499997 0.356617096875 0.034378598437500005 0.370137196875 0.5390625 0.4890625 0.5390625
2 0 0.42983496875 0.287149178125 0.4663520421875 0.3608955625 0.5104351421875 0.35966723749999996 0.471711653125 0.2903787375 0.44436709375000005 0 0.4070294453125 0 0.42983496875
2 0 0.386582346875 0.09512250312500001 0.3964214640625 0.2382714890625 0.4105305796875 0.3219599875 0.41696891249999996 0.3646025671875 0.4408186578125 0.3634951921875 0.4194292375 0.31464866874999997 0.398739934375 0.2586433578125 0.394459915625 0.00030708593749999996 0.374530215625 0 0.3745004125 0 0.386582346875
2 0 0.361979221875 0.14304249375 0.37067279062499997 0.2817260546875 0.37458433750000003 0.36320002812499996 0.41452009062500006 0.362650715625 0.396453609375 0.283628371875 0.3599298609375 0.1881868703125 0.358838609375 0 0.34774882812499996 0 0.361979221875
2 0 0.3391012078125 0.072172421875 0.341870753125 0.27672119687499996 0.3490855484375 0.27407417500000003 0.32958495625 0.2739168765625 0.32958495625 0 0.32142983125 0 0.3391012078125
2 0 0.2830707390625 0.2802062265625 0.278059234375 0.27984218125 0.2686413890625 0 0.2727910171875 0 0.2830707390625
2 0 0.2486827265625 0.2802719703125 0.2334335109375 0.2790330828125 0.2228578453125 0.27858478125 0.223132746875 0.2786569609375 0.223132746875 0 0.23426766875 0 0.2486827265625
2 0.325177628125 0.33671381875 0.3242144671875 0.351745525 0.3593961046875 0.3697357421875 0.36035433437500003 0.341405525 0.325177628125 0.33671381875
3 0.45859375 0.13828125 0.015625 0.1609375
3 0.49140625 0.23359375 0.0046875 0.1015625
0 0.2827611796875 0.5390625 0.2810884328125 0.8894069703125 0.35383135 0.8894069703125 0.3515669828125 0.5390625 0.2827611796875 0.5390625
4 0.52890625 0.76953125 0.0796875 0.4609375
3 0.559375 0.85546875 0.01953125 0.25703125
3 0.49375 0.74296875 0.009375 0.1359375