4 0.25625 0.24453125 0.265625 0.4890625
3 0.1828125 0.3171875 0.02578125 0.23046875
3 0.384375 0.0421875 0.009375 0.084375
3 0.30986738125 0.1778008734375 0.316992196875 0.180967459375 0.34638206562499996 0.0590539328125 0.3379213453125 0.0527207625 0.30986738125 0.1778008734375
3 0.2889382328125 0.11446917187500001 0.2809228140625 0.1247605734375 0.303187865625 0.196800384375 0.30986738125 0.1873006296875 0.2889382328125 0.11446917187500001
4 0.771875 0.24453125 0.45625 0.4890625
3 0.64921875 0.36875 0.0484375 0.240625
3 0.9890625 0.14921875 0.021875 0.2421875
2 1 0.24398241875 0.3890625 0.2235866234375 0.3890625 0.25825429375 0.9974184375 0.28526950625 1 0.2862029578125 1 0.24398241875
3 0.796422971875 0.92974015625 0.79465543125 0.9322564484375 0.8208151671875001 0.9882438656249999 0.8271783484374999 0.9813240921874999 0.8006650921875 0.925965721875 0.796422971875 0.92974015625
3 0.845560884375 0.9379180984375001 0.8172800875 0.9857275874999999 0.8236432687499999 0.9932764531250001 0.851924065625 0.9454669640625 0.85121705625 0.9448378875 0.845560884375 0.9379180984375001