4 0.35234375 0.25 0.2734375 0.5
3 0.25 0.24921875 0.0234375 0.171875
1 0.76328125 0.496875 0.0328125 0.00625
3 0.8132315921875 0.5 0.7699026828125 0.3875628703125 0.6899387171875 0.43298942343749997 0.6851408765625 0.42962446875 0.711421428125 0.5 0.8132315921875 0.5
3 0.5937758796875 0 0.56519485625 0.010690703125000001 0.5576078421874999 0.010863843750000001 0.6931372296875 0.36905573125 0.776299853125 0.33372396875 0.643614828125 0 0.5937758796875 0
3 0.6699826421875 0 0.8018882390625001 0.365690853125 0.899444384375 0.32362917812499997 0.7619330812499999 0 0.6699826421875 0
4 0.74453125 0.25 0.5109375 0.5
3 0.97677836875 0.5 0.9515995499999998 0.3287077234375 0.89723050625 0.3433446703125 0.9254680437499999 0.5 0.97677836875 0.5
4 0.22578125 0.68359375 0.0421875 0.2125
3 0.47025235 0.6158778671875 0.47431398593749996 0.60805545625 0.444528653125 0.5551037531249999 0.44114395625 0.561722715625 0.47025235 0.6158778671875
3 0.4890625 0.5762838609375 0.46822153125000004 0.6092589046875 0.47262163749999997 0.6164795921875 0.4890625 0.588758 0.4890625 0.5762838609375
3 0.4890625 0.7692427343749999 0.46348295625 0.7247898953125 0.45942132031250005 0.73201058125 0.4890625 0.781778490625 0.4890625 0.7692427343749999
4 0.7171875 0.75 0.221875 0.5
3 0.65322265625 0.5 0.6515625 0.5029513890625 0.6953125 0.5946180562500001 0.70625 0.586284721875 0.6695206921875 0.5 0.65322265625 0.5
3 0.73837890625 0.5 0.68125 0.58350694375 0.69375 0.6029513890625 0.7577559625 0.5 0.73837890625 0.5
3 0.734375 0.8723958328125001 0.790625 0.7890625 0.78125 0.7501736109375 0.7234375 0.8473958328125001 0.734375 0.8723958328125001
3 0.68125 0.761284721875 0.7328125 0.8723958328125001 0.7515625 0.8557291671874999 0.7 0.741840278125 0.68125 0.761284721875
4 0.98046875 0.72890625 0.0390625 0.2421875