2 0.5 0.509377871875 0.1892478796875 0.64085500625 0.1438877765625 0.6796875 0.36349176875 0.6796875 0.5 0.6147811875 0.5 0.509377871875
2 0.5 0.301261428125 0.1210457546875 0.45880610624999996 0 0.560623146875 0 0.6796875 0.0013609609375 0.6796875 0.1624541359375 0.5606667328125 0.5 0.42325078749999995 0.5 0.301261428125
4 0.1296875 0.40859375 0.146875 0.5421875
4 0.38125 0.1125 0.09375 0.225
3 0.20078125 0.55078125 0.0171875 0.19921875
3 0.10373202343750001 0.512208228125 0.1115461109375 0.509429884375 0.09643887500000001 0.39829618437500003 0.0896666640625 0.401074528125 0.10373202343750001 0.512208228125
3 0.0609375 0.4046875 0.00859375 0.1109375
3 0.1339464984375 0.4297840671875 0.127695228125 0.42422738125 0.10998329375 0.5168387984375 0.11623456406249999 0.5223954828124999 0.1339464984375 0.4297840671875
4 0.88984375 0.36796875 0.0265625 0.1703125
3 1 0.2917446203125 0.98786664375 0.26812909218750003 0.9805595125 0.275294346875 0.9792772828124999 0.2757714875 1 0.31264762031250004 1 0.2917446203125
1 0.8765625 0.85 0.01328125 0.0140625
3 0.87890625 0.87109375 0.0828125 0.2578125
4 0.83984375 0.83984375 0.2453125 0.3203125
3 0.75234375 0.85546875 0.05078125 0.1640625