4 0.0984375 0.303125 0.06875 0.453125
4 0.2234375 0.29296875 0.153125 0.4734375
3 0.27421875 0.41640625 0.01328125 0.1578125
3 0.20078125 0.30078125 0.01171875 0.1296875
3 0.1578125 0.2359375 0.01015625 0.0953125
4 0.6421950187500001 0 0.610883115625 0.5296875 0.7758685437499999 0.5296875 0.7747640625 0 0.6421950187500001 0
3 0.6453125 0.33125 0.0265625 0.146875
3 0.77109375 0.21328125 0.01875 0.12265625
2 1 0.3737812296875 0.7863796953125 0.2656048390625 0.783732671875 0.282391721875 1 0.39078283593749996 1 0.3737812296875
2 1 0.1466809703125 0.79396685625 0.064161115625 0.794083959375 0.08151210625000001 1 0.1717345171875 1 0.1466809703125
2 0.7917009953125 0 0.7888926703125 0.0148598015625 1 0.0923598578125 1 0.05958819375 0.836732196875 0 0.7917009953125 0
2 0.3 0.4017872359375 0.6117133953125 0.48460632031250006 0.616435953125 0.4561930203125 0.61676606875 0.451662425 0.3 0.3654658859375 0.3 0.4017872359375
2 0.3 0.341919953125 0.6188986562500001 0.403039196875 0.6188986562500001 0.3730287390625 0.3 0.31872380625 0.3 0.341919953125
3 0.0578125 0.6359375 0.0390625 0.16171875
3 0.0828125 0.98046875 0.04375 0.0390625
4 0.05078125 0.76484375 0.1015625 0.4703125
0 0.397204584375 0.5296875 0.3732826109375 0.6062145265625001 0.7054525703125 0.88203235 0.7294123765625 0.66428145 0.42030274843750004 0.5296875 0.397204584375 0.5296875