4 0.31796875 0.33984375 0.0890625 0.6796875
4 0.08125 0.23359375 0.090625 0.4484375
4 0.23828125 0.25390625 0.03359375 0.1734375
2 0 0.65615716875 0.02181901875 0.648785671875 0.269044015625 0.5612173296875 0.2671355703125 0.5495569421875001 0 0.6395579687499999 0 0.65615716875
2 0 0.5917462015625 0.0654547703125 0.56989390625 0.2700851234375 0.498579303125 0.2689311515625 0.48822721874999997 0 0.5784647953125 0 0.5917462015625
2 0.5618307359375 0.6796875 0.4582807296875 0.619818209375 0.382770640625 0.575782684375 0.3808295625 0.5900609921875 0.39597622656250003 0.5974143640625 0.48298147656249996 0.648711190625 0.5371821999999999 0.6796875 0.5618307359375 0.6796875
2 0.65 0.6796875 0.65 0.6704921015624999 0.5881137453124999 0.636165640625 0.38156611093750004 0.5164999671875 0.38113769375 0.51909135 0.3800931046875 0.5283475671875 0.590754759375 0.6506492640625 0.6419696890625 0.6796875 0.65 0.6796875
2 0 0.5726570359375 0.147256575 0.5244147015625 0.2711659359375 0.48207700625000005 0.2706113453125 0.474534159375 0.1853835484375 0.5043225328125 0.087108096875 0.5364081515625 0.0029869171875 0.5632986828125001 0 0.564325765625 0 0.5726570359375
2 0 0.5578721734375 0.008585484375 0.5550607296875001 0.1489245140625 0.5085325734375 0.21890710000000002 0.483828659375 0.27182340625 0.46684134843749997 0.27107141874999996 0.4620461015625 0.1965969296875 0.48681078125 0.072785484375 0.5286630375 0 0.552298090625 0 0.5578721734375
2 0 0.5486282890624999 0.070874825 0.52405624375 0.146374265625 0.4999194125 0.27077605625 0.4573787921875 0.27001406875 0.45157680781250004 0.27038044375000003 0.4509701921875 0.211828521875 0.47132984999999994 0.0822443953125 0.5156738390625 0 0.542700165625 0 0.5486282890624999
2 0 0.5299177546875 0.080733378125 0.5039378546875 0.167864621875 0.47587413749999996 0.22235662343749998 0.4570392640625 0.2722140796875 0.4403945046875 0.2715387703125 0.43737447031250004 0.2211784609375 0.454104278125 0.17821518281249998 0.4678639828125 0.0014011359375000001 0.5245175359375 0 0.5249625765625 0 0.5299177546875
2 0 0.522557396875 0.07362036562499999 0.49876525781250003 0.129325159375 0.48067442031249996 0.1692399015625 0.46840991875000004 0.23946212656250002 0.4436647265625 0.2721767140625 0.4330638765625 0.27182522656249997 0.42953410156249994 0.2719274765625 0.429462109375 0.25534108906249997 0.43416829375 0.1868877109375 0.4568756203125 0.14090073125 0.472772975 0.093914603125 0.48833405625 0.04372341875 0.5049442484375 0.006951753125 0.5170748671875 0 0.5193876703125 0 0.522557396875
2 0.65 0.6589645828124999 0.599448840625 0.6301275953125 0.5085529046875 0.5790508703125 0.42859524687499995 0.5329621578125 0.3648579421875 0.497279478125 0.3639300765625 0.5023929765624999 0.5131122312499999 0.58775589375 0.6119623921875 0.6433236140624999 0.65 0.6641755875 0.65 0.6589645828124999
2 0.65 0.6438840359375 0.6172177265625 0.6256255875 0.5679471328125001 0.5984644625 0.40438934687500006 0.5052889140625 0.36703810937500003 0.4837380484375 0.3670650234375 0.48395251093749997 0.36649301875 0.4884248765625 0.4314205078125 0.5265489578125 0.5644486625 0.60158540625 0.6335754171875 0.640468090625 0.65 0.6498040484375001 0.65 0.6438840359375
2 0.65 0.6335379296875 0.5707523250000001 0.588729925 0.5070568734374999 0.55254764375 0.41314948124999995 0.4972651078125 0.36642343906249997 0.4714980578125 0.3654068078125 0.478060828125 0.456746228125 0.5300103203125001 0.644888328125 0.637508903125 0.6449225609375 0.637508903125 0.65 0.64034755625 0.65 0.6335379296875
2 0.65 0.618316665625 0.5193041765624999 0.544959884375 0.41721890625 0.48755220781249997 0.3675213859375 0.459374184375 0.36648724062500004 0.4637043109375 0.494198315625 0.537131121875 0.6202448265625 0.6074635140625 0.65 0.6239861984374999 0.65 0.618316665625
2 0.65 0.609673309375 0.3695745640625 0.45315368281249996 0.3687665140625 0.457161828125 0.4647026109375 0.512703240625 0.5388493859375 0.5527103859375 0.646788409375 0.6138526203125 0.65 0.61559905625 0.65 0.609673309375
1 0.95625 0.36328125 0.06171875 0.06640625
1 0.96953125 0.43125 0.0609375 0.065625
1 0.971875 0.5078125 0.05625 0.090625
1 0.9765625 0.5984375 0.046875 0.08125
3 1 0.6796875 1 0.130797053125 0.84916880625 0.16451811249999998 0.912495765625 0.6796875 1 0.6796875
4 0.0014005078125 0.6796875 0.0022572093750000003 1 0.1540951515625 1 0.1630002921875 0.6796875 0.0014005078125 0.6796875
2 0.65 0.9654686640625 0.45425347968749996 1 0.5586373953125 1 0.65 0.9829189453125 0.65 0.9654686640625
2 0.65 0.901426221875 0.322639928125 0.9427029953125 0.322897253125 0.9427029953125 0.3214337109375 0.9614053828125 0.65 0.9187067359375 0.65 0.901426221875
2 0.65 0.8556811874999999 0.3268697265625 0.8757760671874999 0.327191384375 0.8886916312500001 0.65 0.869831403125 0.65 0.8556811874999999
2 0.65 0.8211300484375 0.3320162515625 0.8348612 0.33270781562499996 0.8543144593750001 0.65 0.8399022140625 0.65 0.8211300484375
2 0.393294815625 0.6796875 0.65 0.7006168546875 0.65 0.6937093296875 0.49490638750000004 0.6796875 0.393294815625 0.6796875
3 0.2453782125 0.6796875 0.25565238749999997 0.8554304187499999 0.2864207015625 0.8561755828125 0.274847121875 0.6796875 0.2453782125 0.6796875
4 0.825 0.71171875 0.35 0.0640625