3 0.0125 0.28828125 0.025 0.2421875
3 0.37441096875 0 0.4104581453125 0.0827867875 0.4218709484375 0.0607852359375 0.3947450359375 0 0.37441096875 0
3 0.4386003328125 0 0.40808047187499996 0.07347843125 0.419017746875 0.08955650468750001 0.4572405703125 0 0.4386003328125 0
3 0.459682559375 0.409375 0.416164546875 0.30057438593749997 0.40332514374999995 0.3141138203125 0.4023740703125 0.317498659375 0.4386717875 0.409375 0.459682559375 0.409375
3 0.5025097374999999 0.409375 0.53457239375 0.34288505156250004 0.5331457937499999 0.3420388515625 0.5198308421875 0.32934565625 0.477484115625 0.409375 0.5025097374999999 0.409375
3 0.12828535624999998 0.691129703125 0.12377619687500001 0.6991459890625 0.1488270875 0.7499157953125 0.154338284375 0.74457160625 0.12828535624999998 0.691129703125
3 0.181393246875 0.7053808765625 0.17638306875 0.6982552906249999 0.147324034375 0.7427902093750001 0.1523342125 0.7516971921875 0.181393246875 0.7053808765625
3 0.1523342125 0.84700191875 0.1448189453125 0.855908903125 0.167865765625 0.9102415031250001 0.177886121875 0.903115915625 0.1523342125 0.84700191875
3 0.20694515781249997 0.86748798125 0.1999309078125 0.855908903125 0.1673647484375 0.9013345203124998 0.1753810328125 0.9066787093750002 0.20694515781249997 0.86748798125
4 0.51328125 0.79375 0.4078125 0.4125
3 0.68359375 0.87109375 0.0265625 0.19140625