4 0.2046875 0.2 0.409375 0.4
3 0.3875 0.29765625 0.034375 0.2046875
3 0.015625 0.12734375 0.03125 0.1890625
2 0.8602277968750001 0 1 0.2937130328125 1 0.22217281875 0.8922473953125 0 0.8602277968750001 0
2 0.6281407156250001 0 0.9590669921874999 0.4 0.9980751578125 0.4 0.664018040625 0 0.6281407156250001 0
2 0.8164555218749999 0.4 0.5 0.20852144374999998 0.5 0.24876317499999998 0.7519596453125 0.4 0.8164555218749999 0.4
2 0.5492029890625 0 0.9339084328125 0.4 0.960892353125 0.4 0.5789820125 0 0.5492029890625 0
1 0.47734375 0.834375 0.01796875 0.0390625
3 0.4703125 0.81640625 0.059375 0.3671875
2 0.5 0.4816173234375 0 0.6021288390625 0 0.6357268749999999 0.5 0.505260640625 0.5 0.4816173234375
5 1 0.851513671875 0.9677083328125 0.85 0.9510416671874999 0.871875 0.953125 0.89375 0.953125 0.9078125 0.9677083328125 0.9265625 0.9885416671874999 0.9515625 1 0.9673177078125 1 0.851513671875