3 0.42890625 0.1796875 0.0140625 0.13984375
4 0.25859375 0.2203125 0.0765625 0.440625
4 0.37890625 0.225 0.1328125 0.45
3 0.36015625 0.06484375 0.00859375 0.10703125
3 0.31953125 0.0203125 0.0078125 0.040625
3 0.2734375 0.0109375 0.00625 0.021875
4 0.65546875 0.225 0.2734375 0.45
3 0.53515625 0.31328125 0.01640625 0.1640625
3 0.78359375 0.34453125 0.0234375 0.2109375
5 0.120557403125 0.8686616234375 0.09083403281249999 0.876053478125 0.100017565625 0.9654949328125 0.1196237734375 0.9810178296875 0.1420308671875 0.9788002718750001 0.14763264062499998 0.9610598187499999 0.1373627234375 0.9174478703125001 0.120557403125 0.8686616234375
3 0.628125 0.46875 0.21875 0.0375
3 0.6234375 0.75 0.209375 0.09375
4 0.8796875 0.725 0.240625 0.55