3 0.0831045125 0.22828618281250002 0.11357024687499999 0.2589839015625 0.1359118125 0.0820205609375 0.10561365468749999 0.0710205890625 0.0831045125 0.22828618281250002
2 0 0.4143952984375 0.08707855 0.24410867343749998 0.078452915625 0.23006631249999998 0 0.38430162343749996 0 0.4143952984375
2 0 0.5292144984375 0.1122402296875 0.29395386874999996 0.10213732187499999 0.2780667078125 0 0.484957596875 0 0.5292144984375
2 0.2890625 0.0247921625 0.13719024062500002 0.171960571875 0.14477175625 0.1882481546875 0.2890625 0.046143764062499995 0.2890625 0.0247921625
2 0.2890625 0.0488111796875 0.1291379546875 0.210114278125 0.1294504734375 0.210258096875 0.1348161546875 0.2208124890625 0.2890625 0.0633819453125 0.2890625 0.0488111796875
2 0.2890625 0.065307525 0.12847376562499999 0.24016497499999998 0.13298131875000002 0.24949698125 0.2890625 0.07633063906250001 0.2890625 0.065307525
2 0.2890625 0.0865700234375 0.2858345078125 0.0833290296875 0.13082042968750002 0.25994316875 0.13142580625 0.2607921375 0.14332853437499998 0.277881684375 0.2890625 0.0931564828125 0.2890625 0.0865700234375
4 0.58046875 0.47578125 0.5609375 0.3671875
3 0.8435621921875001 0.6203959203125 0.8523523265625 0.6231155312500001 0.8515556671875 0.49336920781250004 0.8379147078125001 0.4929521421875 0.8435621921875001 0.6203959203125
3 0.584652784375 0.6017105375 0.5930128203125 0.618688559375 0.6589938109375 0.53632690625 0.6523272875 0.5209346 0.584652784375 0.6017105375
3 0.5706159390625001 0.621734003125 0.5741398125 0.6106991578125001 0.508491171875 0.5257742921874999 0.501968828125 0.5441121203125 0.5706159390625001 0.621734003125
3 0.35673000468750005 0.6355232156249999 0.363526046875 0.6275946359375 0.3224980890625 0.5059767359375 0.31178717499999997 0.5151956109375 0.35673000468750005 0.6355232156249999
2 0.2890625 0.8625664453125002 0 0.8689573046875001 0 0.9176496843749999 0.2890625 0.9035583671874999 0.2890625 0.8625664453125002
1 0.54921875 0.8875 0.03125 0.03046875
1 0.58828125 0.8984375 0.03828125 0.0328125
1 0.66171875 0.921875 0.0328125 0.03203125
1 0.69296875 0.93203125 0.0375 0.03125
3 0.355156765625 0.8695416484375 0.7137002328125 0.9873671640625 0.7622933640625 0.9058202453125 0.3990019984375 0.78436725625 0.355156765625 0.8695416484375
4 0.84609375 0.8296875 0.3078125 0.340625