4 0.5766608703125 1 0.520001684375 0.20872040468750003 0.4861111109375 0 0.4696387578125 0.6844948015625001 0.45910216249999997 1 0.5766608703125 1
2 0.0016893484375 0.9126292453125 0 0.9398145875000001 0.45879425156250003 0.7604499515625001 0.45903000625 0.7296486625 0.22110946875 0.8199624015625 0.001972334375 0.9137605984375 0.0016893484375 0.9126292453125
2 0.46266779687500004 0.6822523734375 0.4614551203125 0.65929933125 0.002809609375 0.8428442203125 0.002376584375 0.845035703125 0.0017756390625 0.8657232984375 0.46266779687500004 0.6822523734375
2 0.46300265312500005 0.4846546015625 0.46016742187500004 0.4637396390625 0.0028701875000000003 0.6481830359375 0.0023668015625 0.647977584375 0.0027073375 0.674406865625 0.46300265312500005 0.4846546015625
2 1 0.9444498906250001 0.9999843640625 0.922968415625 0.577302846875 0.7474178609375 0.5769431515625 0.7471817125 0.576499878125 0.7676787968750001 1 0.9444498906250001
2 0.5743066484375 0.701653940625 0.9994681906249999 0.8839148031249999 1 0.8626031421875 0.579487875 0.679195075 0.5761789890625 0.7016715546875 0.5743066484375 0.701653940625
2 0.99977463125 0.69341519375 0.9992830265625001 0.671683775 0.5783591578125 0.4746428890625 0.57821396875 0.47337948750000003 0.577578446875 0.49318863281249997 0.99977463125 0.69341519375
2 1 0.29274749211905204 1 0.2629484131058977 0.5309536579315157 0.00861501774915187 0.5309421477878147 0.008543840628830892 0.5279295162880004 0.03484774544349542 1 0.29274749211905204
2 0.361926290625 0.45415610468749995 0.46426658125 0.41036889062500004 0.45806803125 0.3954558875 0.4580154078125 0.3954558875 0.0036536046875 0.57824884375 0.0037417453125 0.5932213734375 0.361926290625 0.45415610468749995
2 0.378093740625 0.48437857187500005 0.4628682609375 0.450042396875 0.46110570781250004 0.43325109843750004 0.003148328125 0.61642531875 0.0030196765625 0.633293678125 0.378093740625 0.48437857187500005
2 0.995155096875 0.655439265625 0.995155096875 0.655149440625 0.9959405468750001 0.6376594671875 0.57855501875 0.44474800625000005 0.5781397671875 0.4585391828125 0.8046342203125001 0.5670337187500001 0.8046342203125001 0.5668163328125 0.995155096875 0.655439265625
2 0.4559924015625 0.025854415625 0.453201653125 0 0.0772498484375 0.13147224531249999 0.07898492968750001 0.1352070734375 0.07895233593749999 0.17759819375000002 0.4559924015625 0.025854415625