4 0.30191055 0 0.2082566796875 0.23028339375 0.354642840625 0.2817034 0.3471918046875 0.66875 0.51875 0.66875 0.51875 0.016500923437500002 0.41685623281249995 0 0.30191055 0
3 0.2171875 0.39765625 0.03671875 0.253125
2 0.155307840625 0 0 0.1355233203125 0 0.18121191406249998 0.190592590625 0.00221405 0.1895994 0 0.155307840625 0
2 0.2720801484375 0.66875 0.22730571249999998 0.6054815265625 0.22437548281250003 0.6164721078125 0.25954796875 0.66875 0.2720801484375 0.66875
2 0.28527020625 0.66875 0.23535863906249999 0.599711571875 0.2330841796875 0.6091852 0.2764441203125 0.66875 0.28527020625 0.66875
2 0.3300630234375 0.66875 0.2489398703125 0.5619842859374999 0.24942816093750003 0.5641168859375 0.24447021875 0.5744717374999999 0.3183395328125 0.66875 0.3300630234375 0.66875
2 0 0.617550515625 0.08237799375 0.6247470109375 0.181434496875 0.6317805203125 0.1812587265625 0.6181041015625001 0 0.603128753125 0 0.617550515625
2 0 0.5973331796875 0.18029805000000002 0.6092926828125 0.180288959375 0.5961577171875 0 0.584088053125 0 0.5973331796875
2 0 0.554742134375 0.17319977656250002 0.5488007234375 0.17245881406250002 0.5295131203125 0 0.5359593874999999 0 0.554742134375
2 0 0.5279522453125 0.1922016953125 0.5128413640625 0.1934978296875 0.493807475 0.19121674375 0.4927963 0 0.5054385796875 0 0.5279522453125
3 0.50604855625 0.31415703125 0.46399618125000003 0.40978792343750003 0.471696796875 0.42029583437499995 0.512381509375 0.3224310140625 0.50604855625 0.31415703125
3 0.4544674984375 0.4258791515625 0.46221389999999996 0.4136076109375 0.42174794374999997 0.324301665625 0.4137412375 0.3346286921875 0.4544674984375 0.4258791515625
4 1 0.1835591765625 0.7444857484374999 0.1866875953125 0.6349195515625 0.01901663125 0.6367027328125 0.0179270203125 0.6027856 0.025093387499999998 0.6455391109375 0.1791082046875 0.5499049687500001 0.2700917015625 0.670892084375 0.2936599640625 0.741487625 0.66875 0.7991841453124999 0.66875 0.7192612374999999 0.286741346875 1 0.296742365625 1 0.1835591765625
3 0.5466218703125 0.2863131109375 0.5364280499999999 0.2860177859375 0.5345330875000001 0.2856939625 0.5499402625 0.45794947500000005 0.5683220734375001 0.453054221875 0.5466218703125 0.2863131109375
3 0.8829249296875 0.29551944531249996 0.8827014656250001 0.2954337375 0.8821166218750001 0.46466382343749996 0.8957600984375 0.4667129640625 0.8968590828125 0.2957983375 0.8829249296875 0.29551944531249996
2 0.9050698765625 0.66875 0.9049120640625 0.6096688234375 0.9068566703125001 0.29570253750000003 0.902841746875 0.2954511125 0.8971280109374999 0.66875 0.9050698765625 0.66875
2 0.8675958500000001 0.66875 0.8697736812500001 0.6293737968750001 0.87595463125 0.5032251953125 0.8730060703125 0.5031272171875 0.8644755546875 0.66875 0.8675958500000001 0.66875
2 0.8708169703124999 0.66875 0.8764787375 0.547526121875 0.8733626749999999 0.547378996875 0.87349984375 0.5474964875 0.8679404749999999 0.66875 0.8708169703124999 0.66875
2 0.6686715453125001 0.66875 0.711299746875 0.5025556328125 0.70761655 0.5005108109374999 0.70761655 0.5003547375 0.6646005203125 0.66875 0.6686715453125001 0.66875
2 0.51875 0.659591196875 0.590522665625 0.514305309375 0.582768796875 0.508419628125 0.51875 0.6368887062499999 0.51875 0.659591196875
2 0.51875 0.5951651859375 0.5568471953125 0.524472965625 0.553233840625 0.5202368703125 0.51875 0.58410205 0.51875 0.5951651859375
2 0.51875 0.091421215625 0.598838284375 0.0482471203125 0.5897630203124999 0.033423875 0.51875 0.06968165781249999 0.51875 0.091421215625
2 0.577608575 0.44112615312500003 0.6789296828125 0.35930688593750004 0.67112305 0.34938162500000003 0.5715166 0.429108803125 0.5717908281249999 0.42915966875 0.577608575 0.44112615312500003
2 0.682914825 0.3784873203125 0.6784402015625 0.37122250625 0.585079059375 0.45336023125 0.5899723953125 0.46230358125000004 0.682914825 0.3784873203125
2 0.5964137890625001 0.48539617812499997 0.6876843171875 0.3934459796875 0.6820685546874999 0.387614225 0.5876974875000001 0.481649878125 0.5890612531249999 0.48165872500000007 0.5964137890625001 0.48539617812499997
2 0.593339059375 0.49532670312500005 0.5979603734375 0.5026636546875001 0.6890775687499999 0.4093887609375 0.684908134375 0.4026480765625 0.593339059375 0.49532670312500005
0 0.0668271140625 0.66875 0.0025418890625 1 0.13539900625 1 0.237033934375 0.7134510734374999 0.2316248796875 0.66875 0.0668271140625 0.66875
3 0.6483180015625 0.66875 0.6191883609375 1 0.7993886546875 1 0.8277959125000001 0.66875 0.6483180015625 0.66875
4 0.82109375 0.834375 0.3578125 0.33125