4 0.296875 0.16484375 0.3625 0.3296875
3 0.4328125 0.24453125 0.0375 0.1703125
3 0.15078125 0.23984375 0.0265625 0.1796875
3 0.54140625 0.22578125 0.0234375 0.2078125
1 0.39296875 0.8171875 0.03828125 0.03515625
3 0.5296875 0.691947875 0 0.8831845703125001 0 0.895022003125 0.036637621875 1 0.046699128125 1 0.5296875 0.8184661671875 0.5296875 0.691947875
3 0.19392022656250002 0.3296875 0.139317615625 0.3556723640625 0.1372215953125 0.3559384359375 0.1996768671875 0.45704692031250005 0.48468839687500004 0.3296875 0.19392022656250002 0.3296875
4 0.7359375 0.796875 0.4125 0.40625
3 0.9171875 0.85546875 0.0234375 0.125
3 0.5296875 0.8752588359375 0.59156595625 0.9290657875000001 0.5972164203125 0.9101370046875001 0.5296875 0.8479106328124999 0.5296875 0.8752588359375
3 0.69335456875 0.8492044343749999 0.6871226796875 0.8327185453125001 0.610530225 0.9091383015625001 0.61853586875 0.9281893734375 0.69335456875 0.8492044343749999