3 0.3875 0.19921875 0.03125 0.3296875
2 0.1073719984375 0.4 0.2146826859375 0.366576465625 0.2136197046875 0.34247249062499996 0.0015649562499999998 0.4 0.1073719984375 0.4
2 0.5390625 0.35908138125 0.41394380000000003 0.3450316875 0.414570915625 0.3466570203125 0.4136372890625 0.3829404640625 0.5390625 0.3906257421875 0.5390625 0.35908138125
2 0 0.1881882953125 0.142471940625 0.16978076250000002 0.1990098046875 0.16020666249999999 0.197327603125 0.148471246875 0 0.1746517390625 0 0.1881882953125
2 0 0.1702037546875 0.1942710609375 0.1473067859375 0.19271496562499998 0.1337795765625 0 0.154471578125 0 0.1702037546875
2 0 0.143639184375 0.197706565625 0.12213993906250001 0.1973358125 0.1123737015625 0 0.1301482796875 0 0.143639184375
2 0 0.1255729953125 0.19246288125 0.10703699687499998 0.19219179375 0.093897225 0 0.110936665625 0 0.1255729953125
2 0 0.052085162500000004 0.187946084375 0.0453896828125 0.185061128125 0.0233435921875 0 0.03120274375 0 0.052085162500000004
2 0 0 0 0.010637537499999999 0.18106065 0.008987175 0.18062674843749998 0 0 0
4 0.19178643281250002 0 0.205600775 0.13579244375 0.23222854062499998 0.4 0.330025546875 0.4 0.34112978437499997 0.004285575 0.38744008124999996 0.030701634375 0.3796980109375 0 0.19178643281250002 0
2 0.5390625 0.20905467031249997 0.40882193281249996 0.1729538171875 0.4081070015625 0.1914025921875 0.5390625 0.22621663593750002 0.5390625 0.20905467031249997
2 0.5390625 0.14263616875000001 0.411439428125 0.10604148437500001 0.41085457343750004 0.1208944171875 0.5390625 0.160820521875 0.5390625 0.14263616875000001
1 0.375 0.5171875 0.034375 0.0296875
1 0.384375 0.6953125 0.04140625 0.0359375
3 0.384375 0.60546875 0.159375 0.4109375
4 0.81015625 0.7 0.3796875 0.6
3 0.5390625 0.71919713125 0.62225693125 0.6910454515625 0.620928940625 0.661836321875 0.5390625 0.6791585921875 0.5390625 0.71919713125
3 0.687328503125 0.7618554625 0.7032643984375 0.743267834375 0.6448327828125 0.6742280734375 0.6302248796875001 0.6875049499999999 0.687328503125 0.7618554625
3 0.7092403593750001 0.7609703375000001 0.7284962328125 0.7547744609375 0.6733845953125 0.6751131984375001 0.6594406875 0.6892752015625 0.7092403593750001 0.7609703375000001