3 0.15625 0.42265625 0.034375 0.2734375
4 0.103125 0.2796875 0.20625 0.559375
3 0.59375 0.47578125 0.046875 0.1671875
4 0.74140625 0.2796875 0.3390625 0.559375
3 0.9046875 0.22421875 0.009375 0.09921875
3 0.796948575 0.3670375125 0.8048167656249999 0.373001025 0.8368333312499999 0.2720992140625 0.8289905578125 0.26408167968749996 0.796948575 0.3670375125
3 0.7483044390625 0.3422290265625 0.7899299796875 0.3887115609375 0.7944829765625 0.378011471875 0.7538972859374999 0.3316467015625 0.7483044390625 0.3422290265625
4 0.175 0.67578125 0.0453125 0.22265625
3 0.537242434375 0.7292848546874999 0.5482146 0.7260338421875 0.52017461875 0.6610135953125 0.51346940625 0.668599290625 0.537242434375 0.7292848546874999
3 0.5329754796875 0.7249501703125001 0.5415093875 0.7292848546874999 0.5671111093750001 0.671850303125 0.5597963312500001 0.6653482796875 0.5329754796875 0.7249501703125001
4 0.825 0.7796875 0.35 0.440625