4 0.334375 0.25546875 0.05 0.4078125
4 0.28359375 0.2296875 0.1296875 0.459375
3 0.5625 0.03984375 0.01875 0.0796875
3 0.55 0.2796875 0.01953125 0.11171875
3 0.65859375 0.01171875 0.0203125 0.0234375
3 0.653125 0.15234375 0.01796875 0.08515625
4 0.5638119125 0 0.5358613859375 0.459375 0.6565105109375 0.459375 0.6592216734375 0 0.5638119125 0
2 0.77976565625 0.459375 0.6773004953124999 0.39333039687500004 0.6734978437500001 0.3949170515625 0.669411115625 0.43819340156250003 0.7033334078125 0.459375 0.77976565625 0.459375
2 0.359375 0.30690230625 0.526149378125 0.3528224609375 0.5297303171875 0.3040650359375 0.359375 0.262619053125 0.359375 0.30690230625
2 1 0.3552131984375 0.687304115625 0.1808674921875 0.6842400312500001 0.18484760625000002 0.6816604187499999 0.2278403234375 1 0.40294022968750004 1 0.3552131984375
2 0.359375 0.16243295468750002 0.5371825328125001 0.194739321875 0.5383985609375 0.1478719734375 0.5379451953125 0.1501475203125 0.359375 0.120177840625 0.359375 0.16243295468750002
2 0.359375 0.0824185765625 0.5389705578124999 0.10110258593749999 0.53873221875 0.051167051562499996 0.5430042046875 0.049352540625 0.359375 0.03126753125 0.359375 0.0824185765625
2 1 0.27928893593750004 0.6818043703125 0.1085094140625 0.6813103437500001 0.110194828125 0.6777622624999999 0.1580742953125 1 0.3298311828125 1 0.27928893593750004
2 0.6831927562500001 0 0.680190428125 0.036846843750000004 1 0.1829421484375 1 0.12409534375 0.8499396546875001 0.0600280265625 0.7106876718749999 0.005096396875 0.7020603171875 0 0.6831927562500001 0
1 0.3421875 0.98671875 0.021875 0.0265625
3 0.3296875 0.88359375 0.059375 0.2328125
4 0.31796875 0.7296875 0.0828125 0.540625
3 0.52265625 0.57265625 0.0203125 0.08515625
3 0.51328125 0.75 0.01484375 0.0765625
4 0.522035509375 0.459375 0.488157209375 1 0.5933045984375 1 0.5914742593750001 0.459375 0.522035509375 0.459375