4 0.10078125 0.06015625 0.0515625 0.1203125
4 0.246875 0.05234375 0.021875 0.1046875
4 0.32109375 0.2015625 0.2578125 0.35625
1 0.8984375 0.12578125 0.06171875 0.06640625
1 0.91328125 0.19375 0.06171875 0.065625
1 0.91796875 0.2703125 0.06171875 0.090625
1 0.92578125 0.35 0.0609375 0.059375
3 0.8003275703125 0 0.84700048125 0.3796875 1 0.3796875 1 0.3550278328125 0.9574602703124999 0 0.8003275703125 0
3 0.1609375 0.428125 0.009375 0.07734375
3 0.23515625 0.39140625 0.0078125 0.0234375
4 0.1828125 0.68984375 0.13125 0.6203125
1 0.84609375 0.8 0.02109375 0.03828125
3 0.8453125 0.7921875 0.0875 0.4046875
2 0.45 0.580137290625 0.9325425875000001 0.44936693281249995 0.9309369562499998 0.4311697671875 0.45 0.560322790625 0.45 0.580137290625
4 1 1 1 0.3796875 0.90620645625 0.3796875 0.8203173875 0.562769459375 0.881058840625 1 1 1