4 0.83046875 0.11953125 0.3390625 0.2390625
0 0.2796875 0.2390625 0 0.2390625 0 0.43423369999999994 0.2796875 0.282918915625 0.2796875 0.2390625
4 0.645714728125 1 0.6216149171875001 0.3704432203125 0.559136865625 0.36488426562500004 0.5312221875 1 0.645714728125 1
3 0.55703125 0.446875 0.01015625 0.05078125
3 0.6234375 0.459375 0.009375 0.06796875
3 0.62734375 0.565625 0.0078125 0.0609375
3 0.6296875 0.66484375 0.0109375 0.05234375
3 0.55234375 0.54375 0.00625 0.0421875
3 0.4032259515625 0.350995946875 0.4083806765625 0.344324753125 0.385958003125 0.286966765625 0.3793267046875 0.2934570140625 0.4032259515625 0.350995946875
3 0.4032259515625 0.35683321718750005 0.42384489687500004 0.2976265140625 0.4243135234375 0.295124821875 0.41822154375 0.28761974375 0.39760260000000003 0.34766036875 0.4032259515625 0.35683321718750005
3 0.394322296875 0.4855133703125 0.39853981093749996 0.47800829218749996 0.37985436406249995 0.42397565937500004 0.374171978125 0.43047612968750004 0.394322296875 0.4855133703125
3 0.3877617328125 0.480509984375 0.3929164578125 0.4896828703125 0.41381363593750004 0.4371366296875 0.4051004171875 0.42797443749999997 0.3877617328125 0.480509984375
3 0.4069748390625 0.6181030859375 0.41212960781249997 0.6114319296875 0.39544647343749995 0.555355184375 0.38823035937499994 0.5613980749999999 0.4069748390625 0.6181030859375
3 0.41072376874999994 0.616435315625 0.4285310375 0.5755743093750001 0.4280624109375 0.573072615625 0.4196273828125 0.56389976875 0.40135148593750003 0.6089302375 0.41072376874999994 0.616435315625