3 0.28125 0.51640625 0.04765625 0.31484375
3 0.496875 0.44140625 0.0296875 0.26328125
4 0.83359375 0.46328125 0.04765625 0.1703125
4 0.2710354046875 0.3620804453125 0.3684199828125 0.36185331249999997 0.4231792484375 1 0.5454222828125 0.98997475625 0.5863769046875 0.35994539375 0.6143496078124999 0.3726875609375 0.57595401875 0.296734253125 0.5755401328125 0.2057750171875 0.5405464921875 0.3142007875 0.43683751875 0.2920174546875 0.342415765625 0.100786528125 0.35747216718749997 0.292093165625 0.2710354046875 0.3620804453125
2 0.73106344375 1 0.732318796875 0.9830561421875 0.564448915625 0.892354515625 0.5611140859375 0.9170351328124999 0.73106344375 1
2 0.8876191718750001 0.9899981625000001 0.7003362203125 0.8952365906249999 0.5778370265625 0.8294644218749999 0.5753327078125 0.8448871859375 0.82593035625 0.9729642875 0.8883109953125 1 0.8876191718750001 0.9899981625000001
2 0.817959965625 0.950816771875 0.9195032515625 1 0.9213017499999999 0.9879702765625 0.7833652437499999 0.9185664296875 0.643491140625 0.8458205984375 0.586670265625 0.818017696875 0.5871140718750001 0.8202231140625 0.586546703125 0.8292021828125 0.817959965625 0.950816771875
2 1 0.9560933015625 0.5853586640625 0.75949818125 0.5855368046875 0.7744767171875 1 0.9698016640624999 1 0.9560933015625
2 0.8842876109375 0.719092103125 0.9997773499999999 0.759972365625 0.9998721265625001 0.7495576765624999 0.9998721265625001 0.74937750625 0.5777461453125 0.5992464703125 0.57716246875 0.6072457499999999 0.8842876109375 0.719092103125
2 0.7821718453125001 0.669398878125 0.8758130375000001 0.702529103125 1 0.7464111921875001 0.9998414984374999 0.7375209125 0.999885603125 0.7375209125 0.582310459375 0.593120678125 0.5820214375 0.599421009375 0.7821718453125001 0.669398878125
2 0.7777905609375 0.6387769624999999 0.907830634375 0.68409273125 0.9999605046875001 0.7145330703125 1 0.705365496875 0.9999173390625 0.705365496875 0.58471273125 0.566455471875 0.5841581437500001 0.5733723234375 0.7777905609375 0.6387769624999999
2 1 0.692841896875 0.925458809375 0.6617918484375 0.9245625171875 0.660742153125 0.5917180640625 0.559617028125 0.5914009140625 0.564988315625 0.7905457499999999 0.6324661609375 1 0.7013402937500001 1 0.692841896875
2 0.8261799859375 0.59745519375 0.9995500578125001 0.647371321875 0.9995500578125001 0.6375905375 0.6029699734375 0.5195734671875 0.6026976375 0.5288875765625 0.8261799859375 0.59745519375
2 1 0.5992430359375 0.608926865625 0.49276744843750003 0.6089820234375 0.50189281875 0.8794576390625 0.5737310375 1 0.6069438203125 1 0.59940850625 1 0.5992430359375
2 1 0.587529 0.94639445 0.5715418265625 0.6159868875 0.48449398437499996 0.616133396875 0.49116187968749997 0.781358759375 0.5381150734375 0.8889578234375 0.5645345671875 1 0.59536810625 1 0.5875354640625 1 0.587529
2 0 0.7167732359375 0.266201065625 0.735892296875 0.2670943890625 0.7349031640625 0.40496865625 0.8194377125000001 0.40140610781249997 0.7890174953125 0.2737737484375 0.716988590625 0 0.694794453125 0 0.7167732359375
2 0.26590057031250003 0.69516756875 0.30460279218749997 0.6984354640625 0.3958200390625 0.74531785625 0.37983865781250004 0.72026149375 0.3113723 0.6852712328125 0.2624648984375 0.677310590625 0.0010082906250000001 0.6690369328125 0.0012804062499999999 0.6699058671875 0.0016460109375 0.6855667203125 0.26590057031250003 0.69516756875
2 0.2538773890625 0.659280828125 0.2504283625 0.641243553125 0.003946475 0.6447242984375 0.0025625234375 0.6442635375 0.0028964078125 0.6583042156250001 0.2538773890625 0.659280828125
2 0.3883660671875 0.6810192140625 0.38545125625 0.6547233046875001 0.31148582187499996 0.623404103125 0.3124073421875 0.6256728484375 0.311782978125 0.64345720625 0.3883660671875 0.6810192140625
2 0.2307990109375 0.63675605 0.25424093124999997 0.6341829406249999 0.2531991890625 0.6259274984375 0.0015607078125 0.629160175 0.0010623171875 0.6405442703124999 0.2307990109375 0.63675605
2 0.33254601250000004 0.10362311718749999 0 0.2654100359375 0.00016902812499999998 0.2929535578125 0.3335190625 0.1353535 0.3312052109375 0.1057096953125 0.33254601250000004 0.10362311718749999
2 0.37144897499999996 0.0993582140625 0.38488081093750004 0.13209222812500002 0.9982969109375001 0.11409350468749999 0.9973349890625001 0.0820826421875 0.37144897499999996 0.0993582140625
2 0.9994423687499999 0.2577635015625 0.9989151875 0.2430465078125 0.5909675046875 0.2151152421875 0.59094608125 0.21545596093750002 0.59151903125 0.23589651093750003 0.9994423687499999 0.2577635015625