4 0.49765625 0.234375 0.4640625 0.46875
3 0.2633344359375 0 0.251878134375 0.068422771875 0.26001193125 0.076148515625 0.2728005203125 0 0.2633344359375 0
3 0.542354375 0.25341424375 0.6409076781249999 0.20136564843750002 0.6375761453125001 0.18591673125 0.535213103125 0.238227303125 0.542354375 0.25341424375
3 0.45926250937499996 0.08681250625 0.451741275 0.09626935 0.5101283578125 0.23324717968750003 0.5176958234375 0.22417816406250002 0.45926250937499996 0.08681250625
1 0.24296875 0.771875 0.04453125 0.0234375
3 0.2578125 0.85390625 0.4828125 0.0734375
3 0.2546875 0.76953125 0.50078125 0.06015625
3 0.29765625 0.640625 0.428125 0.0609375
3 0.2890625 0.56953125 0.42890625 0.06015625
3 0.33828125 0.4828125 0.3890625 0.028125
2 0.7296875 0.9180273218749999 0.7082117875 0.9238544953125001 0.385554071875 0.9314256109375 0 0.9419758734375 0 0.9684869984375 0.7203875515625 0.9450535765625 0.7296875 0.9200714546875 0.7296875 0.9180273218749999
4 0.6859375 0.734375 0.0875 0.53125
4 0.7296875 0.46875 0.7296875 1 0.9331646625 1 0.9702817765624999 0.46875 0.7296875 0.46875
2 1 0.5819731203125 0.9725466984375 0.563725709375 0.9689939609374999 0.5849333828125001 1 0.6065994421875 1 0.5819731203125