4 0.153125 0.259375 0.184375 0.51875
3 0.271875 0.090625 0.028125 0.18125
2 0 0.2882497328125 0.0579863703125 0.267657278125 0.05714082499999999 0.24448614218750003 0 0.2648994046875 0 0.2882497328125
2 0.5 0.20727722656249997 0.28940928593750004 0.2121655859375 0.28915207187499997 0.24243353281250002 0.5 0.2343510109375 0.5 0.20727722656249997
2 0.5 0.1770726546875 0.3252453375 0.1724631640625 0.3249928484375 0.192816721875 0.5 0.19710291562499999 0.5 0.1770726546875
2 0.5 0.13847059687500002 0.3038746234375 0.1228928546875 0.303379275 0.144491553125 0.5 0.159677578125 0.5 0.13847059687500002
2 0.5 0.058941125000000004 0.35174009375000004 0.030587698437499998 0.2991407421875 0.0215582234375 0.29898420468750003 0.027811803125 0.29901626875 0.0278124453125 0.298915265625 0.036219859375 0.451420584375 0.0680876921875 0.5 0.0754034453125 0.5 0.058941125000000004
4 0.6265625 0.259375 0.15 0.51875
3 0.84140625 0.73203125 0.01640625 0.1921875
4 0.6828125 0.759375 0.365625 0.48125
3 0.5390625 0.746875 0.01171875 0.1625