4 0.10390625 0.3296875 0.0953125 0.659375
4 0.2359375 0.340625 0.13125 0.6375
3 0.28671875 0.48828125 0.02109375 0.2625
3 0.2085197515625 0.4400737484375 0.215931971875 0.43574701562499996 0.20743681406249997 0.3159051265625 0.1978966984375 0.319496440625 0.2085197515625 0.4400737484375
3 0.46796875 0.103125 0.03515625 0.1171875
3 0.6125 0.1078125 0.0296875 0.11015625
3 0.61875 0.32265625 0.0234375 0.12265625
3 0.6296875 0.5265625 0.0265625 0.13671875
3 0.4578125 0.29765625 0.01796875 0.1125
3 0.45234375 0.475 0.01875 0.10625
4 0.99296875 0.1765625 0.0140625 0.296875
4 0.448118615625 0 0.43713287031250003 0.659375 0.62910916875 0.659375 0.6181097734375001 0 0.448118615625 0
5 0.6270833328125001 0.9546875 0.7729166671875001 0.9578125 0.7333333328125 0.9203125 0.7541666671875 0.85 0.68125 0.825 0.65 0.7890625 0.6104166671875 0.78125 0.58125 0.7921875 0.5770833328125 0.8171875 0.5625 0.828125 0.5479166671875 0.8359375 0.5520833328125001 0.853125 0.5666666671874999 0.884375 0.5666666671874999 0.9234375 0.5666666671874999 0.9515625 0.56875 0.959375 0.6 0.9609375 0.6270833328125001 0.9546875