3 0.50703125 0.528125 0.02265625 0.2671875
4 0.33046875 0.38515625 0.0609375 0.1703125
4 0.1984375 0.39296875 0.02734375 0.08203125
4 0.5595517171875 0.035149184374999996 0.553642496875 0.26661337500000004 0.5075528 0.3562118796875 0.562867096875 0.3546910984375 0.580154434375 1 0.6909680375 0.9878829828125 0.7382195984375 0.3008096484375 0.7212097765625 0.186695465625 0.7000409296875 0.292362090625 0.64746108125 0.2927395109375 0.5907925109375001 0.0417160609375 0.5617200359375001 0.034101048437499996 0.5595517171875 0.035149184374999996
2 0.9008156187499999 0.9937558234375 0.7025464890625 0.8862108234375 0.7024603843749999 0.8863421671875 0.6987053875 0.8967402859375 0.88991109375 1 0.900008578125 0.9941564250000001 0.9008156187499999 0.9937558234375
2 0.998719921875 0.9746232859375 0.998635278125 0.9589166546874999 0.710592078125 0.8137063859375001 0.7103293890625 0.8299887453125001 0.998719921875 0.9746232859375
2 0.9993109718750001 0.943606246875 0.9995109078125 0.9313036312499999 0.71460246875 0.7937157296875 0.71460246875 0.803713246875 0.9993109718750001 0.943606246875
2 0.9999122390625 0.8828768578125 0.9999122390625 0.865160653125 0.7221737578125 0.7447767125 0.7223065609375 0.7615253453124999 0.9999122390625 0.8828768578125
2 0.8771414375000001 0.6689780062499999 1 0.7113088859375 0.99959831875 0.7012753078125 0.7222586203125 0.6066859375 0.722418303125 0.6178774046875 0.8771414375000001 0.6689780062499999
2 0.9785762859375 0.691349903125 1 0.6976139906250001 0.9998027796875 0.6898685984374999 0.72438831875 0.5963664750000001 0.7239540625 0.597078428125 0.7238068890625 0.605065553125 0.9785762859375 0.691349903125
2 0.9155968343750001 0.6365791546875 1 0.6637923359375 0.9996242656250001 0.6550767 0.726592246875 0.568538475 0.726592246875 0.5771315890625 0.9155968343750001 0.6365791546875
2 0.97331548125 0.6445971859374999 0.9996094734375 0.65181385625 0.999790496875 0.6436114890625 0.999790496875 0.6434702015625 0.7288520078125 0.5600612609375 0.7281109875 0.5666090265625 0.97331548125 0.6445971859374999
2 0.7322008953125 0.5256013187499999 0.7303838093749999 0.5340546671874999 0.9992490843749999 0.6130052625 0.9996725218750001 0.6079600078125 0.7322008953125 0.5256013187499999
2 0.9999644296874999 0.5714801421875 0.9996559765624999 0.5644881749999999 0.7348675250000001 0.49317520156250005 0.7344095921875 0.4988901078125 0.9999644296874999 0.5714801421875
2 0.8972602234375 0.534786559375 1 0.562643446875 0.9999578171874999 0.556508603125 0.8621248375 0.5198330171875 0.7394748453125 0.4874160515625 0.7393213671875001 0.49306121875000003 0.8972602234375 0.534786559375
2 0.49339917812499995 0.7866645421875 0.5671455625 0.8307476421875 0.5659172375 0.7920241531250001 0.49662873750000003 0.76467959375 0.006672515625 0.7016797578125 0.0039972640625 0.7005203953125 0.0038983734375000003 0.7244141921875 0.49339917812499995 0.7866645421875
2 0.30137250312499997 0.7167339640625 0.44452148906250005 0.7308430796875001 0.5282099875 0.7372814125 0.5708525671875 0.7611311578125 0.5697451921875001 0.7397417374999999 0.52089866875 0.719052434375 0.46489335781249996 0.7147724156249999 0.20655708593750002 0.694842715625 0.001799546875 0.674970978125 0.0013015984375 0.6763102 0.0013575265624999999 0.6857015343749999 0.30137250312499997 0.7167339640625
2 0.34929249375000004 0.690985290625 0.48797605468749994 0.6948968375 0.569450028125 0.7348325906250001 0.568900715625 0.716766109375 0.489878371875 0.6802423609375 0.39443687031249997 0.679151109375 0.0016514015625 0.6560044109375001 0.0012583796875 0.6568744625 0.0012878734375000001 0.6698349171875 0.34929249375000004 0.690985290625
2 0.278422421875 0.662183253125 0.482971196875 0.6693980484375001 0.48032417499999996 0.64989745625 0.4801668765625 0.64989745625 0.0012593875 0.635639296875 0.0009189859374999999 0.651534334375 0.278422421875 0.662183253125
2 0.000484625 0.5961547 0.0001315015625 0.6070696796874999 0.4864562265625 0.598371734375 0.48609218125 0.5889538890625 0.000484625 0.5961547
2 0.2022587765625 0.5692123828125 0.4865219703125 0.5537460109375 0.4852830828125 0.5431703453125001 0.48483478125 0.543445246875 0.4849069609375 0.543445246875 0.001010509375 0.562781384375 0.0010826890625 0.5713016328125 0.2022587765625 0.5692123828125
2 0.5656461046875 0.6900482421875 0.566604334375 0.661718025 0.531427628125 0.6570263187500001 0.5304644671875 0.672058025 0.5656461046875 0.6900482421875
4 0.8958430390625001 0.5195405828124999 0.8959222328124999 0.38944485625 0.8822488796875 0.38294925 0.8846552609374999 0.3870366765625 0.8669844734375 0.503166578125 0.8958430390625001 0.5195405828124999
2 1 0.041957299999999996 0.9973281609375 0.013856137499999999 0.600652975 0.0438045265625 0.6060611328125 0.06601790156250001 1 0.041957299999999996
2 1 0.22873709375 0.9968926046875 0.19517203125 0.9968926046875 0.194674253125 0.7406947171875 0.19413369687499998 0.740896940625 0.22059763437500002 1 0.22873709375
2 0 0.34304554375 0.548451546875 0.0937087484375 0.548489225 0.051077896874999994 0.548287746875 0.0467105078125 0 0.299392209375 0 0.34304554375
3 0.66484375 0.45859375 0.015625 0.1609375