0 0.44453125 0.23828125 0.3484375 0.1140625
3 0.9048828125 0.246721428125 0.90390625 0.24541964218749998 0.90390625 0.2402125 0.901953125 0.237608928125 0.901953125 0.1907446421875 0.9 0.188141071875 0.9 0.14908749999999998 0.8990234375 0.14778571406250002 0.8931640625 0.14778571406250002 0.8921875 0.14908749999999998 0.8921875 0.1777267859375 0.894140625 0.1803303578125 0.894140625 0.24541964218749998 0.8921875 0.2480232140625 0.894140625 0.2506267859375 0.894140625 0.255833928125 0.8921875 0.2584375 0.8921875 0.261041071875 0.8951171875 0.264946428125 0.89609375 0.2636446421875 0.89609375 0.261041071875 0.8990234375 0.2571357140625 0.9048828125 0.264946428125 0.905859375 0.2636446421875 0.905859375 0.25323035781250003 0.909765625 0.2480232140625 0.909765625 0.24541964218749998 0.9087890625 0.2441178578125 0.9068359375 0.246721428125 0.9048828125 0.246721428125
3 0.866796875 0.438083928125 0.86484375 0.4354803578125 0.86484375 0.40423749999999997 0.8638671875 0.40293571406249995 0.8619140625 0.40293571406249995 0.8599609375 0.4003321421875 0.85703125 0.40423749999999997 0.85703125 0.44329107187499994 0.858984375 0.44589464218749997 0.858984375 0.5005696421875 0.8619140625 0.504475 0.8677734375 0.504475 0.86875 0.5031732140625 0.86875 0.5005696421875 0.870703125 0.49796607187499997 0.86875 0.4953625 0.86875 0.4875517859375 0.866796875 0.4849482140625 0.866796875 0.438083928125
2 0.8400396921875 0.559375 0.8574145796874999 0.47149039375 0.8556103531249999 0.46180666875 0.854529425 0.4610621109375 0.8346756125000001 0.559375 0.8400396921875 0.559375
2 0.8910840859375 0.266121696875 0.8912997359375 0.26140973125 0.8653802296875 0.3968336734375 0.871684975 0.39836921406250003 0.8968651093750001 0.26805183593750004 0.8910840859375 0.266121696875
2 0.9289339859375 0.14365699999999998 0.9054803890625 0.2202643921875 0.9072363953125 0.21942163125 0.9061233203124999 0.22055721718750002 0.90846064375 0.22902143593750002 0.936527271875 0.1445426140625 0.9289339859375 0.14365699999999998
2 0.8522840734375 0.559375 0.8627977890625 0.50569276875 0.8572940296875 0.5039197546875 0.8475098203125 0.559375 0.8522840734375 0.559375
2 0.8621987921875001 0.559375 0.8718390109375 0.5138293468749999 0.866318153125 0.5129343234375 0.8570101390625 0.559375 0.8621987921875001 0.559375
2 0.8949309578125 0.40330436875000003 0.8942398078125 0.40321866406250007 0.8705343953125 0.4922157234375 0.8751085843749999 0.49820343749999996 0.9015303796874999 0.40364004531250003 0.8949309578125 0.40330436875000003
2 0.8869693265624999 0.4018777453125 0.8862487078125 0.40218128125 0.8677724703124999 0.4736642546875 0.8680952749999999 0.4843559 0.8914993125 0.40235090468749996 0.8869693265624999 0.4018777453125
2 0.8931414656250001 0.3803944640625 0.8934843625 0.382009621875 0.8967820640624999 0.381581990625 0.9616297203125 0.14799385781250002 0.9565733328124999 0.146106571875 0.8931414656250001 0.3803944640625
2 0.9017138828124999 0.38085155625 0.9071841562499999 0.3812390109375 0.96792375 0.1470012640625 0.9645135343749999 0.1470012640625 0.8988762796875001 0.3794177890625 0.9023527968749999 0.37998915312500003 0.9017138828124999 0.38085155625
2 0.9737341624999999 0 0.9662791421874999 0.025086296875000004 0.9663179109375001 0.025086296875000004 0.9402953343749999 0.11398204999999999 0.9434199734375 0.115205246875 0.9794143312500001 0 0.9737341624999999 0
2 0.9152664390625 0.236204315625 0.9425183140625 0.145837034375 0.939080371875 0.14504081093750001 0.909978103125 0.2342816453125 0.9107009125 0.2349342140625 0.9152664390625 0.236204315625
2 0.9417303125 0.559375 0.952522165625 0.5009513453125 0.9710822218749999 0.40790085468750004 0.9634063906250001 0.40678009218750005 0.9371262359375001 0.559375 0.9417303125 0.559375
2 1 0.146291553125 0.9956559515624999 0.1442729484375 0.985342978125 0.207889221875 0.9694841359374999 0.34619158437499997 0.9700512796874999 0.346698496875 0.9784032359375001 0.3508838640625 1 0.1616622484375 1 0.146291553125
2 1 0.2375208265625 0.9807711609374999 0.34274360625 0.9842121109375 0.3475655703125 1 0.26295889375 1 0.2375208265625
2 1 0.2751626671875 0.987224415625 0.3443228734375 0.9895473546875 0.344720053125 1 0.2874879390625 1 0.2751626671875
2 0.9812249265625 0 0.9498911515625 0.1102902125 0.950209753125 0.10967993125 0.9538952609375 0.10899286718750001 0.9706357499999999 0.051252743749999996 0.9853764328124999 0 0.9812249265625 0
2 0.9938017890624999 0 0.968975934375 0.102434934375 0.9692852875 0.10268393125 0.9721938171875 0.10223935937499999 0.9968463078124999 0 0.9938017890624999 0
2 1 0 0.9996027312500001 0 0.9769928906249999 0.0989109 0.97730275625 0.099262309375 0.9793351296875 0.0989293953125 1 0.009564234375 1 0
4 0.5513584781249999 0.559375 0.5108046515625 1 0.5932567875 1 0.609315628125 0.559375 0.5513584781249999 0.559375
3 0.56796875 0.71015625 0.021875 0.134375
4 0.96953125 0.78125 0.03125 0.1890625
4 0.89765625 0.74140625 0.01796875 0.1109375
3 0.96015625 0.72265625 0.00703125 0.01796875
3 0.978125 0.72265625 0.0046875 0.01875
3 0.978125 0.75390625 0.00625 0.0234375
3 0.9578125 0.75234375 0.00546875 0.01953125