0 0.5390625 0.4520851921875 0.5121268437500001 0.4106309171875 0.5103741281249999 0.4090722578125 0.5270259703125 0.5587015156249999 0.16243497499999998 0.563377446875 0.18522186875 0.6444266203125 0.5390625 0.6211680687500001 0.5390625 0.4520851921875
1 0.72890625 0.45078125 0.009375 0.00859375
1 0.728125 0.4703125 0.01015625 0.009375
3 0.753125 0.1921875 0.04609375 0.096875
3 0.98203125 0.28828125 0.0359375 0.0921875
3 0.96875 0.5296875 0.02734375 0.09921875
3 0.728125 0.45 0.03828125 0.11171875
4 0.8359375 0.325 0.328125 0.65
4 0.4026767828125 1 0.3997929765625 0.7108098796875 0.35532045 0.7116991015625 0.3362339890625 1 0.4026767828125 1
3 0.35703125 0.82109375 0.009375 0.05625
3 0.35234375 0.94765625 0.0109375 0.06328125
3 0.39375 0.96015625 0.0109375 0.06796875
3 0.39765625 0.85234375 0.01171875 0.05625
3 0.16219931406250002 0.8480009 0.17677749375000001 0.8294709499999999 0.1428131 0.7036907375 0.1299189546875 0.7164380328125001 0.16219931406250002 0.8480009
3 0.1674057859375 0.857265915625 0.2080165203125 0.7534980156250001 0.1923970078125 0.7257030484375 0.15282760625 0.8294709499999999 0.15386893906250002 0.8294709499999999 0.1674057859375 0.857265915625