3 0.3440912546875 0 0.3445225203125 0.06194285000000001 0.370926196875 0.060137096875 0.37131050781249997 0 0.3440912546875 0
4 0.50546875 0.16953125 0.3671875 0.3390625
4 0.70859375 0.23046875 0.0390625 0.2171875
3 0.6921875 0.19609375 0.003125 0.01640625
3 0.68984375 0.2234375 0.0015625 0.015625
3 0.72109375 0.19921875 0.00390625 0.01796875
3 0.721875 0.2296875 0.00390625 0.0203125
1 0.43359375 0.6703125 0.02109375 0.03828125
3 0.4328125 0.6625 0.0875 0.4046875
2 0.378496578125 0.3390625 0 0.44070571249999996 0 0.46061239218749994 0.4485190734375 0.3390625 0.378496578125 0.3390625
2 0 0.8779444421874999 0.41351286875 0.9068501968749999 0.420737340625 0.8875849390624999 0 0.8500430484375 0 0.8779444421874999
4 0.6890625 1 0.6890625 0.3390625 0.4519246484375 0.3390625 0.4078173875 0.43308195937500005 0.4865754390625 1 0.6890625 1
1 0.86015625 0.6140625 0.05390625 0.0703125
1 0.875 0.69140625 0.05859375 0.065625
1 0.8796875 0.76875 0.0578125 0.08046875
1 0.88671875 0.8546875 0.05703125 0.0859375
3 0.853125 0.66953125 0.1875 0.6609375
1 0.896875 0.9359375 0.05234375 0.0625