3 0.44765625 0.440625 0.0140625 0.05625
4 0.27734375 0.296875 0.0765625 0.34375
4 0.39765625 0.3 0.1328125 0.3375
3 0.37890625 0.36796875 0.00859375 0.10703125
3 0.33828125 0.30078125 0.0078125 0.0859375
3 0.29296875 0.2953125 0.00703125 0.0609375
4 0.84140625 0.234375 0.1328125 0.46875
3 0.21484375 0.675 0.03046875 0.146875
3 0.2140625 0.959375 0.03125 0.08125
3 0.40390625 0.975 0.0484375 0.05
4 0.3078125 0.734375 0.25 0.53125
3 0.4046875 0.559375 0.03828125 0.171875
0 0.5730454203125 0.46875 0.7023210078125001 0.984799609375 0.9070683578125 0.9935096781249999 0.72391210625 0.46875 0.5730454203125 0.46875