4 0.053125 0.68828125 0.10546875 0.44140625
4 0.6452678406250001 0.3082659 0.63212934375 0.990749615625 0.8280675203125 0.99729551875 0.8681717750000001 0.3011963234375 0.913777478125 0.2507004453125 0.8891769093749999 0.055986737499999994 0.5951960015625 0.0083787578125 0.5977258015625 0.0138003078125 0.49888167968749997 0.25684589375 0.6452678406250001 0.3082659
3 0.5078125 0.42421875 0.03671875 0.253125
2 0.122470075 0.308819646875 0.1266247484375 0.3617976875 0.481217590625 0.02877655 0.47057748593750004 0.005057312499999999 0.122470075 0.308819646875
2 0.6315225328125 0.9105474750000001 0.6318715421875 0.8771394703125001 0.631758840625 0.8774400078125 0.49047526562500005 0.660171640625 0.48370229218749994 0.678071325 0.6315225328125 0.9105474750000001
2 0.6311026296875 0.8156006203124999 0.6323314359375 0.7944402796875 0.632564109375 0.7940266375 0.5179307125 0.6320440265625 0.5150004828125 0.6430346078125 0.6311026296875 0.8156006203124999
2 0.5237091791352174 0.6357477001462635 0.6335163385304559 0.786592959440205 0.6335163385304559 0.7750149159464048 0.525983638993907 0.6262740722177109 0.5237091791352174 0.6357477001462635
2 0.634577471875 0.728001896875 0.635696734375 0.715065378125 0.5395648703125 0.5885467859375 0.5400531609375 0.5906793859375 0.53509521875 0.6010342375 0.634577471875 0.728001896875
2 0.37300299375 0.6513095109375 0.47205949687500004 0.6583430203125 0.4718837265625 0.6446666015625 0.1144325984375 0.615134478125 0.1144447203125 0.628722003125 0.37300299375 0.6513095109375
2 0.1183865734375 0.599119840625 0.1181926203125 0.599119840625 0.11638945781250001 0.6123383140625 0.47092305 0.6358551828125 0.47091395937499997 0.6227202171874999 0.1183865734375 0.599119840625
2 0.12277884375 0.5687957406249999 0.12277884375 0.5870623953125 0.4638247765625 0.5753632234375 0.46308381406250004 0.5560756203125 0.12277884375 0.5687957406249999
2 0.48184174375 0.5193588 0.11321613125 0.543730453125 0.11176143593750001 0.5580937984375 0.28292964375 0.555119753125 0.48282669531250005 0.5394038640625001 0.48412282968750003 0.520369975 0.48184174375 0.5193588
2 0.9986387999999999 0.71564451875 0.9993420890625 0.714524325 0.8555489375 0.5918017390625 0.8517750312500001 0.6012135140625 0.9963984281249999 0.7267918625 0.9986387999999999 0.71564451875
2 0.8622700562500001 0.5818399734375 0.8610090140625 0.5914375062499999 0.9988774859375 0.7112755468749999 0.9994752796874999 0.7016823703124999 0.8622700562500001 0.5818399734375
2 0.9997164734374999 0.675768315625 0.99933949375 0.6648194796875 0.99933949375 0.6645863703125 0.866728265625 0.5547993328125 0.8663103078125 0.5637758500000001 0.9997164734374999 0.675768315625
2 1 0.6525867984375 0.9586230328124999 0.61882873125 0.8697659812499999 0.5452343828124999 0.8688993953124999 0.551592528125 0.9633836890625 0.6304908765625 0.9997599875000001 0.6601243718750001 1 0.6531730875 1 0.6525867984375
2 0.8701119921875 0.47212984531249996 0.8672377093750001 0.48081231718749995 0.9995504125 0.5787216374999999 0.9998381390625 0.570048465625 0.8701119921875 0.47212984531249996
2 0.8759054000000001 0.46458200625 0.875809740625 0.46458200625 0.87347354375 0.472783521875 0.9992447484375001 0.5662486390625 0.9997013750000001 0.5572592578125 0.8759054000000001 0.46458200625
2 0.88595636875 0.43372346874999995 0.8848301781250001 0.44355541093750006 0.9999689249999999 0.5221281296875 1 0.51311881875 0.88595636875 0.43372346874999995
3 0.79667355625 0.34071953125 0.75462118125 0.4363504234375 0.762321796875 0.446858334375 0.8030065093750001 0.3489935140625 0.79667355625 0.34071953125
3 0.7450924984375 0.4524416515625 0.7528389 0.44017011093749997 0.7123729437499999 0.350864165625 0.7043662375 0.3611911921875 0.7450924984375 0.4524416515625
3 0.8853733765625 0.290185096875 0.8770315249999999 0.287883309375 0.8626948875 0.41452618281250003 0.8712762375 0.41933281874999995 0.8853733765625 0.290185096875