4 0.25545273281249997 0.1085520203125 0.2215356 0.1157183875 0.26428911093749996 0.2697332046875 0.16865496875 0.3607167015625 0.289642084375 0.3842849640625 0.4024076046875 0.983433615625 0.4653419484375 0.9859707484375001 0.3380112375 0.37736634687500004 0.6813606562500001 0.389597803125 0.552497571875 0.983058734375 0.6121500078125 0.9910138984374999 0.7315955734374999 0.3809955203125 0.88624595625 0.349366240625 0.7640139796875001 0.2751562625 0.8265323484374999 0.101901771875 0.7859412875 0.0995206296875 0.670144665625 0.27158684375000003 0.6262900484375 0.274091859375 0.3632357484375 0.2773125953125 0.2536695515625 0.10964163125 0.25545273281249997 0.1085520203125
3 0.15517805 0.3766427859375 0.1532830875 0.37631896249999996 0.16869026250000002 0.548574475 0.1870720734375 0.543679221875 0.1653718703125 0.37693811093749996 0.15517805 0.3766427859375
3 0.8677401390625 0.3891024953125 0.8342426656249999 0.5606545875 0.856367134375 0.5719782 0.8864852234375 0.3986973109375 0.8672461968749999 0.39169568906249996 0.8677401390625 0.3891024953125
3 0.501451465625 0.3860587375 0.500866621875 0.5552888234375 0.5145100984375001 0.5573379640625 0.5156090828125001 0.3864233375 0.5016749296875 0.3861444453125 0.501451465625 0.3860587375
2 0.5236620640625 0.7002938234375 0.5256066703125 0.38632753750000004 0.521591746875 0.38607611249999996 0.5122379953125 0.9971902234375 0.51290453125 0.9976495968749999 0.5244569296875 0.99787155625 0.5236620640625 0.7002938234375
2 0.48852368124999995 0.719998796875 0.49470463125 0.5938501953124999 0.4917560703125 0.5937522171875 0.47085419687499996 0.9995689828125001 0.47442442656250006 0.9995267640625001 0.47991751562499996 0.880690615625 0.483769628125 0.8059543218749999 0.48852368124999995 0.719998796875
2 0.492112675 0.638003996875 0.49224984374999997 0.6381214875000001 0.4756636875 0.9998765437499999 0.47832856718750005 1 0.4952287375 0.638151121875 0.492112675 0.638003996875
2 0.2758609828125 0.8044461125 0.330049746875 0.5931806328125 0.32636655000000003 0.5911358109375 0.32636655000000003 0.5909797375 0.2222501828125 0.9985650734375 0.22667148125 0.9990296390625 0.2758609828125 0.8044461125
2 0.209272665625 0.604930309375 0.201518796875 0.5990446281249999 0.0061063203125 0.99118665625 0.0156099625 0.9969522218750001 0.209272665625 0.604930309375
2 0.057393803125 0.8347444765625 0.0966940875 0.7615086343749999 0.1755971953125 0.615097965625 0.171983840625 0.6108618703124999 0.0010390609375 0.9274570890625 0.0013278156249999999 0.9378142140625 0.057393803125 0.8347444765625
2 0.0002662174331741473 0.9227910187192323 0.06618115980916325 0.8041590540699708 0.08658883127605652 0.7659665150160346 0.09544260564591736 0.7500652375605426 0.1154504065595136 0.7124361404906134 0.1491466658456202 0.6507626454951824 0.17126515086591107 0.6096747933045911 0.1698316775150473 0.6079725437004402 0.00015532526984903444 0.9153216080626286 0.00008242190702937411 0.9153216080626286 0.0002662174331741473 0.9227910187192323
2 0.1588202828125 0.559530596875 0.150165765625 0.5541651546875 0.00152744375 0.8022895437500001 0.000655328125 0.815004315625 0.1588202828125 0.559530596875
2 0.21758828437500002 0.1388721203125 0.2085130203125 0.12404887499999999 0.002669928125 0.22914811093749998 0.0023926546874999998 0.2344801796875 0.0037478703124999998 0.25414948437499996 0.21758828437500002 0.1388721203125
2 0.98262793125 0.9989104109375001 0.98410945625 1 0.99638791875 0.9978070640625001 0.833269421875 0.6236401359375 0.8170948078125001 0.6337807859375 0.98262793125 0.9989104109375001
2 0.9953967 0.9274792609375 0.9953967 0.927649434375 1 0.9176494171874999 0.861319 0.6318053265625 0.8541607078125001 0.6366086296875 0.9953967 0.9274792609375
2 0.8789939312499999 0.5750590765625 0.87304820625 0.5802704296875 0.9987062515625 0.8028998656249999 1 0.7900727625 0.8789939312499999 0.5750590765625
2 0.6891343156249999 0.62634999375 0.77568050625 0.9996842218750001 0.78458758125 1 0.69514280625 0.62012270625 0.6898561578125 0.627620696875 0.6891343156249999 0.62634999375
2 0.2976796828125 0.4499318859375 0.28987305 0.440006625 0.1902666 0.5197338031250001 0.190540828125 0.5197846687500001 0.196358575 0.531751153125 0.2976796828125 0.4499318859375
2 0.30166482499999997 0.46911232031249994 0.2971902015625 0.46184750625 0.203829059375 0.54398523125 0.2087223953125 0.55292858125 0.30166482499999997 0.46911232031249994
2 0.3064343171875 0.4840709796875 0.3008185546875 0.478239225 0.20644748750000003 0.572274878125 0.20781125312499998 0.572283725 0.2151637890625 0.576021178125 0.3064343171875 0.4840709796875
2 0.212089059375 0.585951703125 0.2167103734375 0.5932886546875 0.30782756875 0.5000137609374999 0.303658134375 0.4932730765625 0.212089059375 0.585951703125
2 0.80455939375 0.614637178125 0.8045645562500001 0.6148694671875 0.8177018 0.6047765015625 0.7217302343750001 0.491787171875 0.7149138374999999 0.502487959375 0.80455939375 0.614637178125
2 0.8313605859375001 0.5438131937499999 0.8313605859375001 0.5439655343750001 0.8358421671875 0.5348854984375 0.729485234375 0.4378125296875 0.7255130703125 0.44632672656250005 0.8313605859375001 0.5438131937499999
2 0.8156557093749999 0.5701876171875 0.8237354515625 0.5613977546875 0.7265045 0.4609394203125 0.721798840625 0.46675499531250003 0.8156557093749999 0.5701876171875
2 0.8140746999999999 0.5908274203125 0.8162443828124999 0.581553846875 0.7229272250000001 0.47767031718749997 0.722691540625 0.4781343203125 0.7202246531250001 0.48253130781250003 0.8140746999999999 0.5908274203125