3 0.0828125 0.31953125 0.04765625 0.31484375
3 0.2984375 0.24453125 0.0296875 0.26328125
4 0.1515407140625 0 0.15903466718749998 0.09521816562499999 0.0725979046875 0.1652054453125 0.1699824828125 0.1649783125 0.20556861249999997 0.5796875 0.36085749843750003 0.5796875 0.3879394046875 0.16307039375000001 0.4159121078125 0.1758125609375 0.37751651875 0.099859253125 0.3771026328125 0.008900017187500001 0.3421089921875 0.1173257875 0.23840001875 0.0951424546875 0.19142269375 0 0.1515407140625 0
2 0.18089885 0.5796875 0.0753362484375 0.5201135906250001 0 0.5140062734375 0 0.534150390625 0.067763565625 0.539017296875 0.0686568890625 0.5380281640625 0.1366024859375 0.5796875 0.18089885 0.5796875
2 0 0.4958415125 0.0674630703125 0.49829256875 0.1061652921875 0.5015604640625 0.1973825390625 0.54844285625 0.1814011578125 0.52338649375 0.1129348 0.48839623281250005 0.06402739843750001 0.48043559062499996 0 0.47840947656250005 0 0.4958415125
2 0 0.4621901015625 0.055439889062500004 0.462405828125 0.0519908625 0.444368553125 0 0.44510275312500003 0 0.4621901015625
2 0.113345478125 0.44658220625 0.1899285671875 0.4841442140625 0.18701375625 0.45784830468750004 0.113048321875 0.42652910312500003 0.11396984218749999 0.4287978484375 0.113345478125 0.44658220625
2 0 0.440414671875 0.0323615109375 0.43988105 0.05580343125 0.43730794062499995 0.054761689062499994 0.4290524984375 0 0.42975599531249997 0 0.440414671875
0 0.5690183624999999 0 0.459375 0.037933096875 0.459375 0.187004959375 0.95746245625 0 0.5690183624999999 0
3 0.61484375 0.61328125 0.0109375 0.0671875
4 0.4740517578125 0.5796875 0.459375 0.9134854578125001 0.459375 1 0.595699353125 1 0.576786528125 0.5796875 0.4740517578125 0.5796875