4 0.36328125 0.55234375 0.3515625 0.3140625
4 0.30703125 0.44609375 0.1 0.33515625
4 0.28125 0.24921875 0.025 0.08203125
4 0.40234375 0.31796875 0.03359375 0.0890625
1 0.7046875 0.4 0.01640625 0.02109375
2 1 0.4307920171875 0.900244375 0.46345828125 0.5390625 0.5949487453125 0.5390625 0.6415768734375 0.9202985890625 0.4922471578125 1 0.4655503453125 1 0.4307920171875
4 0.6546875 0.3546875 0.23125 0.709375
3 0.69921875 0.3984375 0.075 0.290625
3 0.8740263265625 0.709375 0.8845856046874999 0.7502234671875 0.897081215625 0.73910548125 0.8898309390625 0.709375 0.8740263265625 0.709375
3 0.88976845 0.709375 0.8772965625 0.74095845 0.889792171875 0.759488484375 0.9093487296875 0.709375 0.88976845 0.709375
3 0.8658421890625 0.9336702421874999 0.8762552296875 0.9244052249999999 0.8504314984375 0.8398511046875001 0.837727065625 0.8502853453125001 0.8658421890625 0.9336702421874999
3 0.8668835218750001 0.942935259375 0.8991638796875 0.86881529375 0.897081215625 0.8725213171874999 0.8845856046874999 0.85399136875 0.8575118140625 0.9244052249999999 0.8668835218750001 0.942935259375