4 0.275 0.38046875 0.35 0.4171875
3 0.13359375 0.45 0.04765625 0.13125
3 0.36370511250000004 0.51334599375 0.373136715625 0.4923217375 0.30490054375 0.40542832500000003 0.2966806609375 0.427208559375 0.36370511250000004 0.51334599375
3 0.45 0.4236273703125 0.4443351015625 0.41045227500000003 0.38191601249999996 0.4819288765625 0.38820581249999997 0.5006668515625 0.45 0.430581859375 0.45 0.4236273703125
1 0.89921875 0.29140625 0.01875 0.02109375
3 0.90234375 0.3359375 0.0703125 0.30625
2 0.45 0.5163999625 0.8602688468749999 0.47745817500000004 0.8585773015625 0.4552375234375 0.45 0.49642090312500003 0.45 0.5163999625
2 0.45 0.430947103125 0.8617789109375 0.3917303828125 0.8613406156250001 0.370897665625 0.45 0.40617189218750005 0.45 0.430947103125
1 0.84140625 0.6484375 0.05390625 0.0703125
1 0.85625 0.72578125 0.05859375 0.065625
1 0.8609375 0.803125 0.0578125 0.08046875
1 0.86796875 0.8890625 0.05703125 0.0859375
3 0.834375 0.79453125 0.1875 0.4109375
1 0.87734375 0.96953125 0.0515625 0.0609375