3 0.70078125 0.13125 0.00859375 0.059375
3 0.80703125 0.1671875 0.01328125 0.0640625
3 0.80390625 0.02890625 0.0109375 0.0578125
3 0.70546875 0.01640625 0.0109375 0.0328125
4 0.7090210875 0 0.6940845250000001 0.3296875 0.8146709890625001 0.3296875 0.8032654171875 0 0.7090210875 0
3 0.5516598921875 0.0742594421875 0.54453344375 0.066341165625 0.5289443375 0.11622630625000001 0.5325075609375001 0.12256092656249999 0.5516598921875 0.0742594421875
3 0.5146914406249999 0.056047407812500005 0.50801039375 0.066341165625 0.5284989343750001 0.11939361562499999 0.5338437703125 0.1122671671875 0.5146914406249999 0.056047407812500005
3 0.31015625 0.446875 0.009375 0.06640625
3 0.30078125 0.6078125 0.009375 0.0703125
4 0.4 1 0.4 0.3296875 0.32176829375 0.3296875 0.27504211562499997 1 0.4 1
2 0.07480395 1 0.3067146375 0.8330927921875 0.306945478125 0.8219449828125001 0.0605701984375 1 0.07480395 1
2 0 0.8076290609375001 0.30144040156249996 0.6382632390625 0.299634596875 0.62907123125 0 0.79562844375 0 0.8076290609375001
2 0 0.772927725 0.3237719 0.600510809375 0.31944585625 0.5911447781250001 0 0.7616236453125 0 0.772927725
2 0 0.6182149406249999 0.307623384375 0.4811705328125 0.30632455 0.47143567812500003 0 0.6062883734375 0 0.6182149406249999
2 0.4 0.3321832234375 0 0.475256459375 0 0.48628849062499996 0.4 0.3437574578125 0.4 0.3321832234375
2 0.2179448484375 0.3296875 0 0.395344434375 0 0.40847634218749995 0.2558482828125 0.3296875 0.2179448484375 0.3296875
3 0.15367119375 0.48371333593750004 0.14864386875 0.47654725625000005 0.13179699218750002 0.5288682031249999 0.137747675 0.5350109265625 0.15367119375 0.48371333593750004
3 0.12269491562499998 0.4639137640625 0.1164783296875 0.46923312812500007 0.13193724843750002 0.5305331015625001 0.136019303125 0.5251384140625 0.12269491562499998 0.4639137640625
3 0.761004196875 0.4121687328125 0.732468553125 0.4125217671875 0.7335850203125001 0.5728803499999999 0.759988696875 0.5710745968750001 0.761004196875 0.4121687328125
4 0.85546875 0.66484375 0.2890625 0.6703125