4 0.44140625 0.3 0.1171875 0.6
4 0.22890625 0.1859375 0.1046875 0.371875
3 0.42734375 0.43203125 0.021875 0.31484375
3 0.19569730624999998 0.037380046875 0.1752816625 0.0548713625 0.1781201453125 0.059880665624999996 0.19813099218750002 0.0426428671875 0.19569730624999998 0.037380046875
3 0.21835763125000002 0.06299999375000001 0.2162053796875 0.057955815625 0.197918596875 0.0736161765625 0.19974867031250002 0.0787059609375 0.21835763125000002 0.06299999375000001
4 0.99453125 0.1734375 0.0109375 0.096875
4 0.2953125 0.8 0.590625 0.4
3 0.570125475 0.601593740625 0.5254423453125 0.7874729515625 0.5518460234375 0.805756209375 0.598560153125 0.622924125 0.570125475 0.601593740625
3 0.21640625 0.69453125 0.0296875 0.1890625
1 0.68125 0.7828125 0.0125 0.02109375
3 0.67890625 0.7921875 0.0546875 0.25234375
3 0.88046875 0.640625 0.0328125 0.08125
4 0.78203125 0.8 0.2796875 0.4
2 1 0.6914339843749999 0.8387788781250001 0.651233684375 0.6 0.6389467859375 0.6 0.6794924375 0.8711743000000001 0.6882479125 1 0.72579718125 1 0.6914339843749999
2 1 1 1 0.9933936515624999 0.6 0.8872861593750001 0.6 0.9249188265624999 0.8912526390625001 1 1 1