0 0.2796875 0.0828125 0.40078125 0.13671875
3 0.66953125 0.2609375 0.021875 0.121875
4 0.67600720625 0 0.6617736984375 0.3296875 0.7980983984375 0.3296875 0.7979318171875001 0 0.67600720625 0
2 1 0.2235018421875 0.8076683296875 0.1116604390625 0.8074150781250001 0.1320831859375 1 0.247920090625 1 0.2235018421875
2 1 0.1778985328125 0.81270558125 0.0733976828125 0.8131291953125 0.09539689999999999 1 0.20309619687499997 1 0.1778985328125
2 0.56875 0.092770890625 0.6132681921875001 0.10214894687500001 0.6678481625 0.10754076562499999 0.6658116875 0.0790093234375 0.66555335625 0.0790093234375 0.56875 0.05975805468749999 0.56875 0.092770890625
3 0.27109375 0.6921875 0.03046875 0.1875
4 0.4390625 0.66484375 0.15 0.6703125
4 0.8890625 0.78203125 0.0265625 0.18203125
3 0.9468625421875 0.72232865625 0.9534823046875001 0.7180492125 0.9297113375 0.6795342265625 0.9261005578124999 0.6832787390625 0.9468625421875 0.72232865625
3 0.9438535578125 0.7180492125 0.9507742203125 0.7212587953125 0.9715362046875 0.6843486000000001 0.9667218312500001 0.6795342265625 0.9438535578125 0.7180492125