4 0.09296875 0.353125 0.1046875 0.49375
4 0.05 0.3 0.1 0.6
3 0.071875 0.521875 0.01875 0.15625
3 0.99453125 0.309375 0.0109375 0.05625
3 0.9984375 0.18671875 0.003125 0.0609375
2 0.55 0.160730925 0.8078125 0.105034721875 0.8109375 0.0578125 0.55 0.132663634375 0.55 0.160730925
2 0.55 0.375615825 0.828243540625 0.39219644531250003 0.828243540625 0.3710876171875 0.55 0.35542814218749996 0.55 0.375615825
2 1 0.0671204921875 0.828243540625 0.0671204921875 0.8199319390625 0.0882293203125 1 0.09628267812499999 1 0.0671204921875
2 1 0.42769300625 0.8329930265625001 0.377420265625 0.8258687968749999 0.39641821093749996 1 0.4538580078125 1 0.42769300625
3 0.7885160859375 0 0.8141455343749999 0.0793202921875 0.8504082328125 0 0.8282616968750001 0 0.817742796875 0.039053575 0.8106444890625 0 0.7885160859375 0
3 0.8155352484374999 0.28382627656250004 0.811298303125 0.28159592187500004 0.7976380765625001 0.31150211875 0.8290046906249999 0.3815696046875 0.8626126953125001 0.30334933125 0.8452493875 0.2853483421875 0.8319240171875 0.3436838640625 0.8155352484374999 0.28382627656250004
4 0.25546875 0.86875 0.4140625 0.2625
4 0.16796875 0.78828125 0.1 0.33515625
4 0.1421875 0.615625 0.025 0.03125
4 0.26328125 0.66015625 0.03359375 0.0890625
3 0.946875 0.8453125 0.015625 0.0578125
3 0.940625 0.9671875 0.0140625 0.0578125
3 0.98359375 0.97265625 0.0109375 0.0546875
3 0.984375 0.8625 0.0125 0.05546875
4 0.94375 0.8671875 0.10625 0.265625
3 0.7325981328125 0.7681739046875 0.7137771765625 0.784919875 0.7512640078125 0.9109237499999999 0.7648009515625 0.89795279375 0.7325981328125 0.7681739046875
3 0.774172659375 0.79047886875 0.74085096875 0.8998057625 0.7533465781249999 0.920188765625 0.7897921718750001 0.8219798578124999 0.7929160749999999 0.8145678953125 0.774172659375 0.79047886875
3 0.774137309375 0.6 0.7804204640625001 0.625562128125 0.7939573125 0.6181500796875 0.7900511109374999 0.6 0.774137309375 0.6
3 0.7736098515625001 0.6 0.7720899937500001 0.6033261125 0.7856269375 0.627415096875 0.7959963796875 0.6 0.7736098515625001 0.6