3 0.93359375 0.70546875 0.04375 0.26875
3 0.0625 0.71953125 0.05390625 0.26953125
4 0.6863571546875 1 0.7836180953125 0.5855978046875 0.9569780250000001 0.571372653125 0.8191852624999999 0.4651856234375 0.8800558796875 0.279441921875 0.8309923953125 0.2733068421875 0.71797575 0.4573270625 0.2887217109375 0.45847819375 0.1913150046875 0.2738856234375 0.1382900859375 0.27328755 0.1346544828125 0.2675511875 0.186569 0.46424027968750003 0.0428683828125 0.579462725 0.23187255 0.5836106562500001 0.296010065625 1 0.6863571546875 1
2 0.1270787984375 0.2607473453125 0.004746434375 0.320162946875 0.0002763078125 0.3745368828125 0.12631422187500002 0.3007968109375 0.12402805937500001 0.26435826875 0.1270787984375 0.2607473453125
2 0.198034728125 0.7771825906250001 0.24729323124999997 0.713697415625 0.2375697765625 0.70089311875 0.15306861249999998 0.8097923015624999 0.081172571875 0.91180986875 0.081015178125 0.9114746765625 0.055216159375 0.98866770625 0.07183191718750001 0.99574169375 0.198034728125 0.7771825906250001
2 0.00035313281250000004 0.8971257453125 0.0301312515625 0.83810448125 8.749999999999999e-7 0.8958828296875 0.000141253125 0.9227695656250001 0.0340252078125 0.8505247671875 0.030330481250000003 0.8384586687500001 0.00035313281250000004 0.8971257453125
2 0.07560325625 0.8650306499999999 0.008643865625 0.9977008125 0.024023621875 1 0.08803039375 0.8785925593749999 0.07582989375 0.8654322734375001 0.07560325625 0.8650306499999999
2 0.0969599296875 0.7632633609374999 0.0990998125 0.786653978125 0.23757981250000001 0.6428174171875 0.2353155421875 0.6302516609375 0.0969599296875 0.7632633609374999
2 0.1006715203125 0.821120865625 0.10511994843750001 0.836407859375 0.2415306921875 0.6748982812500001 0.238283971875 0.662229746875 0.1006715203125 0.821120865625
2 0.24209886875 0.6870133968750001 0.23818172187500003 0.6826635296875 0.23818172187500003 0.6825923765625 0.09903761875 0.8512647671875 0.10537504843750001 0.8607218937500001 0.24209886875 0.6870133968750001
2 0.95168705 0.999976746875 0.9577060578125 0.9943500359374999 0.95781826875 0.9943500359374999 0.8985767125 0.8769202046875 0.8919282765625001 0.8843852296874999 0.95168705 0.999976746875
2 0.9932020749999999 1 0.9986828265625001 0.9854977281249999 0.9322396749999999 0.866821315625 0.9214789234375 0.8839223640625 0.9932020749999999 1
2 0.9070329828125001 0.7869811328125 0.9068989765625 0.76213769375 0.9068989765625 0.76186968125 0.7750902015625 0.650196690625 0.7716856140624999 0.6651090359375 0.9070329828125001 0.7869811328125
2 0.8944224671875001 0.82119870625 0.8954442625000001 0.8002330609375001 0.7690152671875 0.6818220859374999 0.7656078875000001 0.6927959140625 0.8944224671875001 0.82119870625
2 0.8958588437499999 0.8553869640625 0.8959202625 0.8366931390625 0.7665138234375 0.702727009375 0.7636466562499999 0.716207165625 0.8958588437499999 0.8553869640625
2 0.8818803515625 0.8707180781250001 0.882300515625 0.853452253125 0.7665138234375 0.72631205 0.7628147015625 0.7375308578124999 0.8818803515625 0.8707180781250001
2 1 0.8766351625000001 0.9645596734374999 0.8195333328125001 0.959691325 0.8444559140625 0.9999813015625 0.9030595171875 1 0.8770020078125 1 0.8766351625000001
3 0.5180114234375 0.7902018140625 0.5279731812499999 0.808660365625 0.63813850625 0.6548391 0.6270047765625 0.6346225921875 0.5180114234375 0.7902018140625
3 0.38382068125 0.6451703359375001 0.374444909375 0.6574760359375 0.4834382625 0.8051444515625 0.4916420625 0.7910807921874999 0.38382068125 0.6451703359375001