3 0.0890625 0.375 0.05546875 0.1265625
4 0.18671875 0.2421875 0.2453125 0.39375
3 0.8743872296875 0.42843073125000003 0.957549853125 0.39309896875 0.8184124687499998 0.043146290625 0.74644485625 0.070065703125 0.7388578421875 0.07023884375 0.8743872296875 0.42843073125000003
3 1 0.1930921015625 0.9255641499999999 0.017909317187500003 0.8471995140625002 0.0481936859375 0.9831382390625001 0.425065853125 1 0.4177958453125 1 0.1930921015625
4 0.728125 0.21953125 0.54375 0.4390625
0 0 0.4390625 0 0.7338357015625 0.309375 0.8244662078125 0.309375 0.44664347656250003 0.2286766796875 0.4390625 0 0.4390625
4 0.49140625 0.71953125 0.3640625 0.5609375
3 0.7933949218749999 0.6624167703125 0.5864226828125 0.7755137515625 0.6427138453125 0.8179446046875001 0.854468703125 0.7031316703125 0.7933949218749999 0.6624167703125
2 0.309375 0.940208740625 0.610173578125 0.8184905984374999 0.58776126875 0.78335274375 0.309375 0.9052173343749998 0.309375 0.940208740625
4 0.725 0.48828125 0.05625 0.0984375
4 0.90390625 0.5140625 0.0484375 0.15