3 0.1765625 0.16171875 0.03125 0.3234375
2 0.61875 0.35 0.61875 0.34078944375 0.3433429046875 0.3201652140625 0.20300630000000003 0.3044066875 0.203633415625 0.3060320203125 0.20269978906250002 0.3423154640625 0.32811288906249997 0.35 0.61875 0.35
2 0.61875 0.31700129062500004 0.20610556406249997 0.27403895624999997 0.20610556406249997 0.274439809375 0.20770614375 0.2793878359375 0.61875 0.3416714765625 0.61875 0.31700129062500004
4 0 0 0 0.1481198046875 0.020346195312500003 0.35 0.11935112031249999 0.35 0.1291725546875 0 0 0
2 0.61875 0.23845784218750002 0.5524972265625 0.2248268875 0.37886502499999997 0.182494090625 0.1978844328125 0.1323288171875 0.1971695015625 0.1507775921875 0.339488175 0.1886124953125 0.61875 0.254737090625 0.61875 0.23845784218750002
2 0.61875 0.185345084375 0.200501928125 0.065416484375 0.1999170734375 0.0802694171875 0.426775825 0.1509170484375 0.575169146875 0.1906425484375 0.61875 0.20003090937499998 0.61875 0.185345084375
4 0.75234375 0.275 0.2671875 0.15
1 0.10546875 0.6546875 0.1046875 0.0546875
3 0.1125 0.70546875 0.225 0.5890625
1 0.90703125 0.603125 0.0296875 0.0515625
3 0.909375 0.5484375 0.109375 0.396875
1 0.91484375 0.378125 0.0234375 0.03046875