3 0.1452868125 0.061708060937499996 0.1149886546875 0.050708089062499996 0.0924795125 0.2079736828125 0.122945246875 0.2386714015625 0.1452868125 0.061708060937499996
2 0 0.412416096875 0.09645355 0.22379617343749997 0.087827915625 0.20975381249999997 0 0.38242 0 0.412416096875
2 0 0.528552425 0.1216152296875 0.27364136875 0.111512321875 0.2577542078125 0 0.4836352375 0 0.528552425
2 0.3030603421875 0 0.146565240625 0.151648071875 0.15414675625000002 0.1679356546875 0.3246661921875 0 0.3030603421875 0
2 0.319434375 0.0073208109375 0.1385129546875 0.18980177812500001 0.1388254734375 0.18994559687499998 0.1441911546875 0.20049998906250002 0.326151690625 0.014783134375000001 0.319434375 0.0073208109375
2 0.3182139609375 0.03407688125 0.3142654875 0.027760681250000002 0.13784876562499998 0.219852475 0.14235631875000002 0.22918448125 0.3182139609375 0.03407688125
2 0.2952095078125 0.0630165296875 0.1401954296875 0.23963066875 0.14080080625 0.2404796375 0.152703534375 0.257569184375 0.3013370078125 0.069168709375 0.2952095078125 0.0630165296875
4 0.3346126296875 0 0.304480165625 0.147227565625 0.363111121875 0.15069360468749998 0.37019269375 0 0.3346126296875 0
4 0.8953223984375 0.5390625 0.8881932546875 0.20687969687500002 0.8381726078125 0.20324655156250002 0.8181184609375001 0.5390625 0.8953223984375 0.5390625
3 0.84140625 0.32265625 0.01640625 0.06875
3 0.878125 0.3234375 0.015625 0.07109375
3 0.6736470078125001 0.16155287812500002 0.6882252828125 0.15228786249999998 0.6555150015625 0.0231390859375 0.6403254109375001 0.042961053124999996 0.6736470078125001 0.16155287812500002
3 0.6778122421875 0.172670865625 0.7152990734375 0.07446195781250001 0.71634040625 0.0689029640625 0.70176213125 0.046666990625 0.6642753 0.1504348921875 0.6778122421875 0.172670865625
3 0.6590688265625 0.43950253906250003 0.62574723125 0.3375876921875 0.6247058984375 0.3264697046875 0.6111689546875 0.33944066093749997 0.645531884375 0.450620525 0.6590688265625 0.43950253906250003
3 0.6517796890625001 0.4672975046875 0.6851013796875 0.3338816671875 0.6778122421875 0.3320286984375 0.6705231046875 0.328322675 0.639284078125 0.44876755468749996 0.6517796890625001 0.4672975046875
3 0.455435828125 0.649207571875 0.479385715625 0.7270334765625 0.48979875625 0.717768459375 0.4658487734375 0.6306776234375 0.4658487734375 0.6380895859375 0.455435828125 0.649207571875
3 0.47522048124999994 0.7251805078125 0.48355095156249994 0.7325924703125001 0.5084996390625001 0.6511993046875 0.5002117015625 0.6380895859375 0.47522048124999994 0.7251805078125
3 0.85625 0.8609375 0.0234375 0.1921875
4 0.6859375 0.76953125 0.140625 0.4609375