0 0.3834789234375 0.36875 0.46786838125 0.3183584140625 0.466115565625 0.3105652546875 0.4144067265625 0.18899149375 0.20447527656250003 0.36875 0.3834789234375 0.36875
4 1 0.36875 1 0 0.8682612296875 0 0.861162421875 0.36875 1 0.36875
3 0.73203125 0.06875 0.0359375 0.1375
2 0.7942091546875 0.36875 0.7154752656250001 0.247671640625 0.7087022921875 0.26557132499999997 0.7743085765625001 0.36875 0.7942091546875 0.36875
2 0.8485222171875 0.36875 0.7429307125 0.2195440265625 0.7400004828125001 0.2305346078125 0.8329915859374999 0.36875 0.8485222171875 0.36875
2 0.8585163390625 0.36875 0.8585163390625 0.362514915625 0.7509836390625 0.213774071875 0.7487091796875001 0.2232477 0.8546269546874999 0.36875 0.8585163390625 0.36875
2 0.860696734375 0.302565378125 0.7645648703125 0.1760467859375 0.7650531609375 0.1781793859375 0.76009521875 0.1885342375 0.859577471875 0.31550189687499997 0.860696734375 0.302565378125
2 0.5296875 0.2328415078125 0.59800299375 0.2388095109375 0.6970594968749999 0.2458430203125 0.6968837265625 0.2321666015625 0.5296875 0.218353078125 0.5296875 0.2328415078125
2 0.5296875 0.21232847187499998 0.69592305 0.2233551828125 0.695913959375 0.2102202171875 0.5296875 0.199091984375 0.5296875 0.21232847187499998
2 0.5296875 0.1683222375 0.6888247765625 0.16286322343749998 0.6880838140625001 0.14357562031249999 0.5296875 0.1494962515625 0.5296875 0.1683222375
2 0.5296875 0.1409091515625 0.7078266953125001 0.1269038640625 0.7091228296875001 0.10786997499999999 0.70684174375 0.1068588 0.5296875 0.11857133906249999 0.5296875 0.1409091515625
3 1 0 0.9901090781249999 0 0.9796211812500001 0.0238504234375 0.987321796875 0.034358334375 1 0.0038616203125 1 0
3 0.952266021875 0 0.9700924984375 0.0399416515625 0.9778389000000001 0.0276701109375 0.9653011296875 0 0.952266021875 0
0 0.06484375 0.6515625 0.1296875 0.565625
0 0.5296875 0.6615495484375 0.8043498296875 0.68868636875 0.7955856546875 0.59049221875 0.5296875 0.557290234375 0.5296875 0.6615495484375