3 0.15390625 0.1046875 0.0484375 0.209375
4 0.096875 0.16484375 0.19375 0.3296875
3 0.75703125 0.28203125 0.0421875 0.0953125
4 0.675 0.19921875 0.25 0.2609375
1 0.0296875 0.546875 0.0328125 0.02421875
1 0.02109375 0.72265625 0.0375 0.0390625
3 0.05234375 0.62890625 0.1046875 0.4328125
2 0.55 0.8896425640625001 0.10779884531249999 0.8224161437500002 0 0.8166435640625 0 0.852456146875 0.08659209062499999 0.8565061374999999 0.55 0.9272791921875001 0.55 0.8896425640625001
4 0.775 0.73046875 0.45 0.5390625
3 0.7007892359375 0.8211722890625002 0.7036205125 0.8369016031250001 0.79776045625 0.7960053859375 0.7938674515624999 0.7765010375 0.7007892359375 0.8211722890625002
3 0.590369453125 0.7664342765625001 0.585060809375 0.7809052453125 0.6763694765625 0.8356432578125 0.6813242109375001 0.81676808125 0.590369453125 0.7664342765625001