4 0.10234375 0.1796875 0.2046875 0.359375
3 0.18575729531250001 0.160948671875 0.1929895546875 0.16500888593750002 0.20174439375 0.075007446875 0.1941314890625 0.072977340625 0.18575729531250001 0.160948671875
3 0.0319766421875 0.15012143125 0.0354024484375 0.15959526562499998 0.07955728906250001 0.09666192968750001 0.07537019218749999 0.0844812828125 0.0319766421875 0.15012143125
3 0 0.12855989375000001 0.0190347046875 0.1575651578125 0.022460512499999998 0.1467379171875 0 0.1129790875 0 0.12855989375000001
3 0.7882761796875 0.061240351562499996 0.8444725140625 0.173900278125 0.853719965625 0.163773525 0.8010804031250001 0.0473160734375 0.8032144406249999 0.042252726562499995 0.7882761796875 0.061240351562499996
3 0.892132634375 0.08022797499999999 0.884307853125 0.072632925 0.8380704031249999 0.158710178125 0.845895184375 0.16883687187500002 0.9006687828125 0.09035472812499999 0.892132634375 0.08022797499999999
3 0.7870386046875 0.359375 0.7655131390625 0.3144087015625 0.756265621875 0.3220037515625 0.752708915625 0.3194721078125 0.7704791 0.359375 0.7870386046875 0.359375
3 0 0.647358796875 0.015398453125 0.681831740625 0.028174109375 0.6759010421875 0 0.6169175859375 0 0.647358796875
3 0.050392689062499996 0.608686440625 0.009288315625 0.673924128125 0.022064021875 0.6867739593750001 0.060946471875 0.625490103125 0.0603910421875 0.6235131875000001 0.050392689062499996 0.608686440625
3 0.005400101562500001 0.7915496671875 0.00706649375 0.7945150171875001 0.042060728125 0.86864875 0.0498372078125 0.8577757874999999 0.015398453125 0.7786997906249999 0.005400101562500001 0.7915496671875
3 0.074277609375 0.7905611875 0.032062375 0.861729571875 0.0431716390625 0.8716141000000001 0.0859423546875 0.8024225843749999 0.0864978359375 0.8024225843749999 0.074277609375 0.7905611875
3 0.04981108125 1 0.0592800796875 0.9852858109374999 0.0485902921875 0.97111711875 0.048726296875000005 0.9724359781249999 0.031987376562499996 1 0.04981108125 1
1 0.73046875 0.68359375 0.05 0.04453125
3 0.7234375 0.73359375 0.125 0.5328125