4 0.2546875 0.309375 0.340625 0.61875
3 0.115625 0.34140625 0.01640625 0.1828125
3 0.4078125 0.26875 0.01484375 0.10859375
3 0.30234375 0.29375 0.015625 0.13203125
1 0.96953125 0.5578125 0.01953125 0.0515625
3 0.96171875 0.35234375 0.0609375 0.5328125
1 0.509375 0.7671875 0.09140625 0.20390625
1 0.41640625 0.78671875 0.08046875 0.2078125
1 0.34765625 0.83671875 0.0734375 0.21953125
3 0.2953125 0.809375 0.528125 0.38125
1 0.81015625 0.6828125 0.0125 0.021875
3 0.80859375 0.72578125 0.0515625 0.2140625
3 0.99140625 0.665625 0.0171875 0.09375
4 0.8875 0.809375 0.225 0.38125