3 0.44765625 0.59296875 0.01640625 0.15625
4 0.9583620296875001 1 0.8117247921875 0.8485946406249999 0.68163129375 0.691346034375 0.5304309625 0.3644898015625 0.5267377484375 0.3662641671875 0.5476327234375 0.5457444703125 0.4486045953125 0.5179382921875 0.5769577406249999 0.7652607734375 0.57724318125 1 0.8031100578125001 1 0.9583620296875001 1
2 0.36962592656250004 0.6716923890625 0.43491519843750004 0.544786778125 0.5029310515625001 0.439049009375 0.5234942421875 0.3928661203125 0.51735425 0.3835097453125 0.51735425 0.3830814109375 0.164139275 0.9949851578125 0.176416896875 1 0.36962592656250004 0.6716923890625
2 0.321982296875 0.8299203234375 0.43491051875000003 0.61821724375 0.4287649171875 0.6013985171875 0.2153159984375 0.9972982296874999 0.22728583281249998 0.9984488890625001 0.321982296875 0.8299203234375
2 0.44002306874999997 0.6516472203125 0.435866409375 0.6420398625 0.2439402671875 0.9949851578125 0.254367228125 0.998418771875 0.44002306874999997 0.6516472203125
2 0.43459250625 0.6979840375 0.44360022499999996 0.6772166328125 0.4367846734375 0.67083515 0.4367846734375 0.6704068171875 0.267793825 0.993443109375 0.2754667109375 0.9989073265625 0.43459250625 0.6979840375
2 0.345770371875 0.8872483890625 0.3856199375 0.817737253125 0.406386684375 0.7726948640625 0.431187259375 0.7302069296875 0.45247174531249995 0.6857344203125 0.4506663046875 0.6734538484375 0.4506663046875 0.67311235625 0.2811253609375 0.9967216406249999 0.2855125875 0.9983076671875001 0.345770371875 0.8872483890625
2 0.947060271875 0.28849484062499997 0.9365856671874999 0.28189678906250004 0.7739355015625 0.778282896875 0.7894206484375 0.7896445390625 0.947060271875 0.28849484062499997
2 0.9577747796875 0.312471921875 0.9444394765625 0.303597415625 0.9444394765625 0.3029396796875 0.7941744390625 0.80804190625 0.8092689890625 0.814860021875 0.9577747796875 0.312471921875
2 0.7426434703125 0.167918178125 0.8295639875 0.07308988749999999 0.8824437421875 0.0106725390625 0.87719086875 0.0014286 0.87719086875 0.0011163953125000001 0.537848778125 0.35936612968750004 0.5439411625 0.370009303125 0.7426434703125 0.167918178125
2 0.6686944359375 0.3322723078125 0.7410920765625 0.2381694546875 0.8221384546875001 0.13470558125 0.8522909999999999 0.0958653921875 0.879967971875 0.05550668125 0.9179343765624999 0.0018137640625 0.913267165625 0 0.8634348781250001 0.06334086562499999 0.5729921609375 0.42774588593749996 0.5789321640625 0.440409359375 0.6686944359375 0.3322723078125
2 0.64559895625 0.4213148515625 0.676708971875 0.3832373875 0.7523483375 0.2825242421875 0.87999918125 0.100484753125 0.9444375656249999 0.0017908453125000002 0.923816215625 0.0017067562500000001 0.8739021265625 0.078553625 0.866038371875 0.090369609375 0.865766196875 0.089564478125 0.8529979296875 0.1102337546875 0.5840951203125 0.4531386265625 0.5994042578125 0.4881603796875 0.64559895625 0.4213148515625