3 0.10859375 0.321875 0.075 0.14765625
4 0.32578125 0.2265625 0.5484375 0.40625
3 0.41270724375 0.3581511703125 0.49374043749999996 0.2822698125 0.4863405125 0.266018646875 0.4096807625 0.339900546875 0.41270724375 0.3581511703125
3 0.31459974218750003 0.2644232390625 0.3079969640625 0.28732045 0.3885421765625 0.3601981640625 0.393423653125 0.34294281249999997 0.31459974218750003 0.2644232390625
4 0.71875 0.234375 0.0421875 0.18671875
4 0.65 0.2125 0.015625 0.10625
3 0.8805954874999999 0.0889609015625 0.8851642765625 0.0936989046875 0.9064852906249999 0.055118025 0.9038201625 0.04902630625 0.8805954874999999 0.0889609015625
3 0.8840220796875 0.09234519062499999 0.8889716 0.0889609015625 0.8661276578124999 0.0497031640625 0.8638432640625 0.056471739062500005 0.8840220796875 0.09234519062499999
3 0.8634625312499999 0.20673411718749998 0.8695542484375001 0.201996115625 0.84671030625 0.160707803125 0.843283715625 0.16883009375 0.8634625312499999 0.20673411718749998
3 0.8600359390625 0.201996115625 0.8657469250000001 0.20673411718749998 0.8870679390625 0.166799521875 0.8828798828125001 0.1627383765625 0.8600359390625 0.201996115625
4 0.309375 0.71484375 0.06875 0.5703125
4 0.053125 0.4796875 0.084375 0.1
0 1 0.7431694625 0.6 0.7417107140625 0.6 0.8961134015625 1 0.8946157906250001 1 0.7431694625