4 0.26171875 0.28984375 0.1296875 0.4796875
4 0.1359375 0.26484375 0.096875 0.5296875
3 0.31640625 0.4609375 0.0203125 0.1375
3 0.24296875 0.409375 0.02734375 0.13515625
4 0.88515625 0.26484375 0.2296875 0.5296875
1 0.9796875 0.33828125 0.01328125 0.01796875
3 0.97578125 0.33125 0.0484375 0.25625
2 1 0.4220462734375 0.9724724953124999 0.4290460515625 0.7528521625 0.5296875 0.8253710734374999 0.5296875 0.9854884343750001 0.4585417109375 1 0.4549531375 1 0.4220462734375
1 0.08671875 0.9203125 0.0125 0.021875
3 0.08515625 0.90078125 0.0515625 0.1984375
3 0.27734375 0.86953125 0.03359375 0.16171875
4 0.18359375 0.76484375 0.2640625 0.4703125
3 0.2796875 0.5578125 0.03125 0.05625