4 0.36171875 0.33984375 0.1296875 0.6796875
4 0.2359375 0.31015625 0.096875 0.6203125
3 0.4171875 0.39140625 0.01953125 0.25703125
3 0.34296875 0.2796875 0.02734375 0.13515625
3 1 0.2968188421875 0.9976222312499999 0.2892378625 0.99866346875 0.2855318375 0.980961384375 0.3003558484375 1 0.354095415625 1 0.2968188421875
0 0.4796875 0.6796875 0 0.6796875 0 0.8149371078125001 0.4796875 0.8275190468750001 0.4796875 0.6796875
4 0.699660215625 0.6796875 0.6826950890625 1 0.8036713453125 1 0.8100317875 0.6796875 0.699660215625 0.6796875
3 0.68671875 0.9609375 0.0203125 0.078125
3 0.79453125 0.896875 0.01796875 0.1125
3 0.79921875 0.6953125 0.0203125 0.03125
3 0.70078125 0.70546875 0.0234375 0.0515625
2 1 0.751033025 0.8223724875 0.696681228125 0.8219870359375001 0.7209819421875 1 0.782019453125 1 0.751033025
2 1 0.8224506359375001 0.8212942921874999 0.7545187375 0.8207335234375 0.7825729203125 1 0.8501418484375 1 0.8224506359375001