1 0.22109375 0.8 0.04453125 0.0234375
3 0.23828125 0.88203125 0.4765625 0.0734375
3 0.23984375 0.796875 0.4796875 0.059375
3 0.2703125 0.66796875 0.41875 0.0609375
3 0.265625 0.596875 0.428125 0.059375
3 0.30078125 0.50078125 0.3578125 0.0484375
3 0.30078125 0.43203125 0.3578125 0.0546875
2 0.4796875 0.956828490625 0.363679071875 0.9595506109375 0 0.9695022874999999 0 0.9959004296875001 0.4796875 0.9802967171875 0.4796875 0.956828490625
4 0.4890625 0.67421875 0.01875 0.1078125
4 0.596875 0.8234375 0.234375 0.353125
3 0.70078125 0.8640625 0.01171875 0.11171875