4 0.303125 0.25 0.36875 0.5
3 0.946875 0.43984375 0.10625 0.1203125
4 0.26015625 0.78984375 0.0265625 0.1703125
3 0.5640625 0.72890625 0.0171875 0.0578125
3 0.61484375 0.7359375 0.0078125 0.05
3 0.55703125 0.7921875 0.0140625 0.05078125
3 0.61640625 0.803125 0.0046875 0.04375
4 0.57578125 0.821875 0.0859375 0.35625
3 0.40112587812499995 0.6233069109375 0.3792620921875 0.5816211734375 0.380823803125 0.5774526 0.3718440046875 0.59134785625 0.396440778125 0.631644059375 0.40112587812499995 0.6233069109375
3 0.390974840625 0.6240016953125 0.396831215625 0.6309493078124999 0.41986627656250003 0.5885688015625 0.41414307656249993 0.580521459375 0.41440033906249996 0.580926421875 0.390974840625 0.6240016953125
3 0.3765291046875 0.7455850859375 0.38316635312499997 0.7386374734375 0.35817914375000004 0.6900040921875 0.3508720125 0.697169346875 0.34958978281249997 0.6976464874999999 0.3765291046875 0.7455850859375
3 0.3714536046875 0.737942690625 0.3777003796875 0.7483641249999999 0.4015163140625 0.7025098125 0.39539609531250003 0.6940448484375 0.39526950312500003 0.694172665625 0.3714536046875 0.737942690625
3 0.39177144531249997 0.8543244453125001 0.4149060109375 0.8139259078125001 0.415122228125 0.813541165625 0.40993316562500004 0.8089241906249999 0.38852828125 0.8493227265625001 0.39177144531249997 0.8543244453125001
3 0.3900417453125 0.8562481906249999 0.3939335421875 0.8508617125000001 0.37399175625000003 0.8090250343750001 0.3695017109375 0.813541165625 0.3900417453125 0.8562481906249999
1 0.81484375 0.85546875 0.0453125 0.0265625
3 0.8328125 0.8796875 0.215625 0.240625
4 0.61875 0.5 0.61875 0.7591917265625 0.8948783390624999 1 1 1 1 0.5288425218749999 0.9705237499999999 0.5 0.61875 0.5