4 0.9508644624999999 0.5796875 0.9459851078125 0.1616706484375 0.8824657234375 0.1505527375 0.8586190015625 0.5796875 0.9508644624999999 0.5796875
4 0.34296875 0.209375 0.034375 0.1890625
4 0.2390625 0.171875 0.02734375 0.10859375
3 0.88515625 0.25390625 0.015625 0.0671875
3 0.93515625 0.2578125 0.01953125 0.07421875
3 0.7020871640624999 0.094837696875 0.709028809375 0.0866105625 0.6843474031250001 0.024907046874999998 0.675091875 0.034505371875 0.7020871640624999 0.094837696875
3 0.69823069375 0.0879817515625 0.7059436328124999 0.097580075 0.7329389203125001 0.0413613171875 0.725997275 0.0317629921875 0.69823069375 0.0879817515625
3 0.6766344640625 0.273092296875 0.683576109375 0.2593804046875 0.6558095265625 0.20316164531249997 0.649639175 0.21138878125 0.6766344640625 0.273092296875
3 0.67123540625 0.2648651609375 0.6797196390625 0.273092296875 0.709800103125 0.21138878125 0.7020871640624999 0.20179045625 0.67123540625 0.2648651609375
3 0.6951455171875 0.441748571875 0.6997732812499999 0.43215024687500003 0.6758631687500001 0.37593148906249996 0.6673789359375 0.388272190625 0.6951455171875 0.441748571875
3 0.6905177546875 0.44311976093750005 0.69668810625 0.447233328125 0.72368339375 0.388272190625 0.7159704546875 0.38004505625 0.6905177546875 0.44311976093750005
4 0.3546875 0.84765625 0.090625 0.3046875
3 0.575283809375 1 0.550163121875 0.944275178125 0.543799940625 0.9537112609375 0.566445846875 1 0.575283809375 1
3 0.5785789890624999 1 0.6007150859375 0.9644055265624999 0.6021291046874999 0.9644055265624999 0.595412434375 0.95748569375 0.5685758406250001 1 0.5785789890624999 1
3 0.5635965265625 0.8228642609375001 0.5646570578125 0.8228642609375001 0.59081679375 0.8757063234375 0.5975334953125 0.86878651875 0.5688991781249999 0.8159444578125001 0.5635965265625 0.8228642609375001
3 0.6160064046875 0.8214717031250001 0.615562509375 0.8216061078125 0.5855141421875001 0.86752839375 0.590463271875 0.8782226015625 0.6222791796875 0.83167128125 0.6160064046875 0.8214717031250001
3 0.544860471875 0.67817765625 0.54309293125 0.6806939484375001 0.5692526671875 0.736681365625 0.5756158484375 0.7297615921875 0.5491025921875 0.674403221875 0.544860471875 0.67817765625
3 0.5939983843750001 0.6863555984375 0.5657175875 0.7341650875 0.57208076875 0.741713953125 0.600361565625 0.6939044640625001 0.59965455625 0.6932753875 0.5939983843750001 0.6863555984375