3 0.4984375 0.42578125 0.03125 0.3296875
2 0 0.8517113453125 0.334353696875 0.7327895921875001 0.334073734375 0.6992718859375 0.0016797734375 0.824208940625 0 0.824943840625 0 0.8517113453125
2 0.003910721875 0.7354243953124999 0.0037729296875 0.7637526421875 0.3305435859375 0.6550456234375 0.32695656875 0.631552121875 0.003910721875 0.7354243953124999
2 0.3256201859375 0.593138965625 0.3245572046875 0.569034990625 0.00255028125 0.6563909984375 0.003359546875 0.6569781406249999 0.0032305015625000003 0.6935521015624999 0.3256201859375 0.593138965625
2 0.5154254703125 0.6633706921875 0.8316096734375 0.6699377890625 1 0.6690891078125001 0.9980831421874999 0.648232234375 0.705526746875 0.64659124375 0.516217946875 0.6347660859375 0.44861102812500003 0.6617171734375 0.44644981875 0.6622088453125 0.447603640625 0.68747823125 0.5154254703125 0.6633706921875
2 0.9995849328125 0.6386086359375 0.9955033984374999 0.6120865859375 0.6652179046875 0.5873527140625 0.5248813 0.5715941875 0.525508415625 0.5732195203125 0.5245747890625 0.6095029640625 0.9995849328125 0.6386086359375
2 0.994776234375 0.589826728125 0.5279805640624999 0.54122645625 0.5279805640624999 0.541627309375 0.52958114375 0.5465753359375001 0.9950351843749999 0.6171035093749999 0.994776234375 0.589826728125
2 0.253409440625 0.39634326249999996 0.3099473046875 0.3867691625 0.308265103125 0.375033746875 0.0009402703125 0.41580815156249995 0.0011330984375000001 0.42893764531249995 0.253409440625 0.39634326249999996
2 0.30520856093750004 0.3738692859375 0.30365246562500003 0.3603420765625 0.0036719140625 0.39255129218749996 0.0020411296874999997 0.39250168125 0.0015401500000000001 0.40965992812499996 0.30520856093750004 0.3738692859375
2 0.308644065625 0.3487024390625 0.3082733125 0.33893620156250004 0.0045542765625 0.366293009375 0.0034021546875 0.3664961765625 0.0030420343749999997 0.3819345828125 0.308644065625 0.3487024390625
2 0.0016990593750000002 0.347184084375 0.0008786484375000001 0.36273520625 0.30340038125 0.333599496875 0.30312929375 0.320459725 0.0016990593750000002 0.347184084375
2 0.298883584375 0.2719521828125 0.295998628125 0.24990609218749998 0 0.262476521875 0.0010035625 0.2639884703125 0.0013304609375 0.28255235624999997 0.298883584375 0.2719521828125
2 0.0031271140625 0.22506268281250003 0.003789909375 0.238176684375 0.29199815 0.235549675 0.29121810937500003 0.21939309375 0.0031271140625 0.22506268281250003
2 0.29069272968750004 0.21865601875000001 0.28836855156249996 0.202764028125 0.0013629296875 0.2038105796875 0.0016220578124999999 0.21895132187500002 0.29069272968750004 0.21865601875000001
4 0.32701916249999996 0.006842945312499999 0.2803949125 0.007072317187500001 0.316538275 0.36235494375 0.3500624921875 0.6949908625 0.32750084375 0.994245446875 0.4711539390625 0.9946200890625001 0.436924403125 0.77048498125 0.452067284375 0.230848075 0.49837758125000003 0.257264134375 0.45431226718750006 0.082520559375 0.455877734375 0.0063994906249999995 0.4045355796875 0.0063994906249999995 0.39105708125 0.057480734374999995 0.3280943453125 0.0019573109375000002 0.32701916249999996 0.006842945312499999
2 0.9984648125 0.5175454 0.8743722265624999 0.4920143875 0.700740025 0.449681590625 0.5197594328124999 0.39951631718749997 0.5190445015625 0.4179650921875 0.661363175 0.4557999953125 0.998829409375 0.5357064359375 0.9992524109375 0.5160784656249999 0.9984648125 0.5175454
2 0.748650825 0.4181045484375 0.897044146875 0.4578300484375 0.9998343343749999 0.47997352031249996 0.999596025 0.469667909375 0.999596025 0.46944195625 0.522376928125 0.332603984375 0.5217920734375 0.3474569171875 0.748650825 0.4181045484375