4 0.0578125 0.24453125 0.115625 0.4890625
3 0.07890625 0.17890625 0.01328125 0.1578125
3 0.00546875 0.0640625 0.0109375 0.128125
2 0.8193511375 0.4890625 0.8108256671875 0.047151796875 0.803860578125 0.0468304046875 0.811979896875 0.4890625 0.8193511375 0.4890625
2 0.84640506875 0.4890625 0.83885613125 0.35734460156250003 0.833585434375 0.3576731359375 0.8406209453125001 0.4890625 0.84640506875 0.4890625
2 0.565846334375 0.4890625 0.610591040625 0.3458504703125 0.6757398015625 0.0946839296875 0.67294844375 0.094047128125 0.6395395468749999 0.22702483125 0.5834666421875 0.41571129687499997 0.5835054109375 0.41571129687499997 0.5620332125 0.4890625 0.565846334375 0.4890625
2 0.574143059375 0.4890625 0.58782325 0.44187774375 0.6333288890625 0.2836565265625 0.6529491296875 0.20801512031249997 0.6505966125 0.20694445 0.5704460421875 0.4890625 0.574143059375 0.4890625
2 0.5902980421875 0.4890625 0.640441425 0.2811067375 0.63768191875 0.2804874890625 0.5871322421875 0.4890625 0.5902980421875 0.4890625
2 0.5966363765625 0.4890625 0.6585082234375 0.22149790937499997 0.6553956859375 0.221738346875 0.5942886046875 0.4890625 0.5966363765625 0.4890625
2 0.7060950984375 0.3880303921875 0.7109761546875 0.3883319515625 0.7391442265625 0.21000852656250002 0.7511981921875 0.10901957031250001 0.7472072046875 0.10844410468750001 0.7055912859375 0.38692228125 0.7060950984375 0.3880303921875
2 0.63786335 0.3858071796875 0.6433198546875 0.386042146875 0.6933251640625 0.1771378953125 0.7046576078125 0.10836973125 0.6991882359374999 0.11182048281250001 0.637849196875 0.3842864375 0.63786335 0.3858071796875
2 0.6635662671875 0.396561090625 0.6948223484375 0.20241837031249998 0.6918530828125 0.20137147031249997 0.65999784375 0.39600987499999996 0.6601845609375 0.39638776249999996 0.6635662671875 0.396561090625
0 0.27437927812499996 1 0.28424472343749996 0.8001144546875001 0.2334122921875 0.7954384796875 0.2321358390625 0.7949013125000001 0.2166423015625 1 0.27437927812499996 1
4 0.71953125 0.79375 0.5609375 0.296875