4 0.334375 0.35390625 0.13125 0.7078125
3 0.32578125 0.66953125 0.0546875 0.09453125
4 0.831408125 0 0.7739708375000001 0.7390625 0.89053925 0.7390625 0.91296469375 0 0.831408125 0
3 0.846875 0.4703125 0.02265625 0.1515625
3 0.87265625 0.121875 0.01875 0.13125
0 0.39474631250000003 0.7390625 0.618754475 1 0.6885946390625 1 0.7013407875000001 0.97013936875 0.5857674890625 0.7390625 0.39474631250000003 0.7390625
4 0.7739033359375 0.7390625 0.7626935375 0.8773958593750001 0.7623064562499999 1 0.8356830390625 1 0.8342353031249999 0.95391974375 0.8647285140625 0.9205275078125 0.8581769781249999 0.7390625 0.7739033359375 0.7390625
3 0.8453125 0.76484375 0.009375 0.0515625
3 0.846875 0.86171875 0.0078125 0.053125
3 0.84921875 0.9546875 0.0109375 0.04609375
3 0.76640625 0.89375 0.01015625 0.04609375
3 0.77265625 0.8171875 0.01015625 0.0421875