3 0.43125 0.184375 0.02265625 0.12578125
3 0.09372845625000001 0.5837068375000001 0.09475620625 0.5846213203125 0.1173670828125 0.635830825 0.1235336765625 0.630344090625 0.0993811515625 0.5827923953124999 0.09372845625000001 0.5837068375000001
3 0.151084784375 0.5894037484375 0.1425473109375 0.58096346875 0.11376988750000001 0.6294296484374999 0.11993648125 0.63857419375 0.151084784375 0.5894037484375
3 0.09235153125 0.84274501875 0.09235153125 0.8454665406250002 0.1174334015625 0.896631490625 0.123245034375 0.8895554718749998 0.09785730625 0.8378462484375 0.09235153125 0.84274501875
3 0.1415976140625 0.8438336171875 0.1131511140625 0.8906440968750001 0.117739259375 0.8993530125 0.147409275 0.851453934375 0.14771516093749998 0.851453934375 0.1415976140625 0.8438336171875
3 0.11253937031250001 0.7159212937499999 0.11192762812499998 0.7148326703125 0.13700946875 0.76599760625 0.14190350000000002 0.7605545250000001 0.1174334015625 0.7077566765625 0.11253937031250001 0.7159212937499999
3 0.1605619671875 0.7175542171875 0.132727209375 0.763820371875 0.13670361250000002 0.769807765625 0.164538340625 0.7262631328125 0.1663735984375 0.7224529875 0.1605619671875 0.7175542171875
4 0.62734375 0.70625 0.034375 0.1890625
4 0.5234375 0.66875 0.02734375 0.10859375
3 0.9864621640625 0.5917126968749999 0.9934038093750001 0.5834855625 0.968722403125 0.5217820468750001 0.959466875 0.531380371875 0.9864621640625 0.5917126968749999
3 1 0.5496386484375 0.9826056937499998 0.5848567515624999 0.9903186328124999 0.594455075 1 0.57429324375 1 0.5496386484375
3 0.9610094640625 0.769967296875 0.9679511093750002 0.7562554046875001 0.9401845265625 0.7000366453125 0.9340141750000001 0.70826378125 0.9610094640625 0.769967296875
3 0.9556104062500002 0.7617401609375 0.9640946390625 0.769967296875 0.994175103125 0.70826378125 0.9864621640625 0.69866545625 0.9556104062500002 0.7617401609375
3 0.9795205171875001 0.9386235718750001 0.9841482812500001 0.9290252468750001 0.9602381687499999 0.8728064890624999 0.9517539359375 0.8851471906249999 0.9795205171875001 0.9386235718750001
3 1 0.8777761328124999 0.9748927546874999 0.9399947609375001 0.98106310625 0.944108328125 1 0.902747746875 1 0.8777761328124999