4 0.421875 0.49609375 0.515625 0.4671875
3 0.47265625 0.48359375 0.00859375 0.08828125
3 0.21775155000000002 0.5485212390624999 0.22662961875 0.5389622609375 0.1934158203125 0.448575896875 0.1846876875 0.45785698124999996 0.21775155000000002 0.5485212390624999
2 1 0.5839883546875 0.9342533749999999 0.5490037359375 0.8357873890625 0.48849142656250005 0.7250801578125 0.416180378125 0.6796875 0.383878540625 0.6796875 0.4221028546875 0.9756985984375 0.606083915625 1 0.6319528859375 1 0.5839883546875
2 0.6796875 0.373101859375 0.8196768062500001 0.44934683125 0.9725586171874999 0.5300188328125001 0.9763439609375 0.5096749046875 0.71052636875 0.3759555921875 0.6796875 0.3556912203125 0.6796875 0.373101859375
2 0.6796875 0.3472063421875 0.77339193125 0.3900799890625 0.9497504156250001 0.4698228609375 0.9526115359375 0.448211509375 0.6796875 0.327834059375 0.6796875 0.3472063421875
2 0.6796875 0.24462872500000002 0.7280066796875 0.253740415625 0.8114369937499999 0.2660356625 0.87259286875 0.273441803125 0.953737796875 0.2823782546875 0.9943220125 0.284163909375 0.9941754734374999 0.27887864375000004 0.9172940031250001 0.271512590625 0.8457070453125001 0.2645768359375 0.790106753125 0.25747648437500004 0.7387858125 0.25038435312499996 0.6923724921875001 0.24092253125 0.6796875 0.23792825468749998 0.6796875 0.24462872500000002
2 0.6796875 0.23599991718750002 0.6802441781249999 0.236175715625 0.7488514359375 0.24812489375000002 0.830050084375 0.25809445468750003 0.9421572546875 0.26920828750000003 0.9901003890625001 0.273870484375 0.9907279875 0.265891253125 0.9903427296875 0.26606862656249997 0.9898340093750001 0.23822994375 0.790948228125 0.23157551562499998 0.6815501109375 0.2197429703125 0.6796875 0.21928610937499998 0.6796875 0.23599991718750002
2 1 0.189452103125 0.8867029687500001 0.18943068125 0.8157297953124999 0.1891764734375 0.7431350421875 0.18784599375 0.6796875 0.1791768546875 0.6796875 0.187969425 0.7758827375 0.2004933234375 0.8074246671875001 0.20024645156249998 0.844645934375 0.2006457078125 1 0.2008372515625 1 0.189452103125
2 1 0.1555833546875 0.7787847421875 0.16825505937500002 0.6807342953125 0.1634740671875 0.6796875 0.1727855703125 0.6796875 0.1784239328125 0.7952121921875 0.18119492343750002 0.9344093265625 0.1749892484375 1 0.17042708906249998 1 0.1555833546875
3 0.6126096640625 1 0.518670721875 0.8119971125 0.50627486875 0.83002744375 0.5935705578125 1 0.6126096640625 1
4 0.4609375 0.86484375 0.4375 0.2703125
4 0.83984375 0.86484375 0.3203125 0.2703125
3 0.8557341078124999 0.830152678125 0.8591595 0.8126451156250001 0.77009929375 0.76012243125 0.765817553125 0.7783911906250001 0.8557341078124999 0.830152678125
3 0.9781918890625001 0.7905703640625 0.9739101484375 0.7662120171875 0.8827090734375 0.8149287109375001 0.8852781171874999 0.8316750734375 0.9781918890625001 0.7905703640625