0 0.334375 0.25625 0.05 0.325
4 0.565480703125 0 0.55 0.038065151562499996 0.55 0.12024298281250001 0.667142840625 0.1613909 0.66218841875 0.41875 0.8748122875 0.41875 0.8900467750000001 0.1543213234375 0.935652478125 0.1038254453125 0.9225349375 0 0.565480703125 0
2 1 0.4067841671875 0.8919869921875 0.32525484531250004 0.8891127093750001 0.3339373171875 1 0.41599216875 1 0.4067841671875
2 1 0.394231559375 0.8977803999999999 0.31770700625 0.897684740625 0.31770700625 0.89534854375 0.325908521875 1 0.40367879218749997 1 0.394231559375
2 1 0.35101479375 0.9078313687499999 0.28684846875000003 0.9067051781250001 0.29668041093749997 1 0.36034644843749997 1 0.35101479375
3 0.81854855625 0.19384453125 0.77649618125 0.2894754234375 0.784196796875 0.299983334375 0.824881509375 0.2021185140625 0.81854855625 0.19384453125
3 0.7669674984375 0.3055666515625 0.7747139000000001 0.2932951109375 0.73424794375 0.203989165625 0.7262412375 0.2143161921875 0.7669674984375 0.3055666515625
3 0.9072483765625 0.14331009687500001 0.8989065249999999 0.141008309375 0.8845698875 0.2676511828125 0.8931512375 0.27245781875 0.9072483765625 0.14331009687500001
4 0.44921875 0.62421875 0.02265625 0.18203125
4 0.37734375 0.5796875 0.015625 0.10625
1 0.9046875 0.80703125 0.0203125 0.0171875
3 0.57421875 0.68359375 0.0484375 0.1859375
3 0.91171875 0.8140625 0.05078125 0.23671875
4 0.75 0.709375 0.4 0.58125