4 0.378125 0.5 0.184375 0.99765625
3 0.49765625 0.434375 0.02890625 0.26953125
3 0.27890625 0.17734375 0.03203125 0.1859375
2 0.2813681234375 0.7187208375 0.2773566984375 0.6977157046875 0.001411171875 0.8117860453124999 0.0017079093749999999 0.8134712328125 0.000015537499999999998 0.8380367484375 0.2813681234375 0.7187208375
2 0 0.7327794863098258 0 0.7556530350684547 0.28298637108587865 0.6551572788263434 0.2821408244590087 0.6319861419931099 0 0.7327794863098258
2 0 0.691057878125 0.282802271875 0.5911559421875 0.282937125 0.575552446875 0.0002278296875 0.6713835921875 0 0.6683930375 0 0.691057878125
2 0.284504084375 0.40434523906250003 0.282742965625 0.392899203125 0.0017147546874999998 0.4414135453125 0.0011555859375 0.4412082265625 0.0005271453125 0.4553965671875 0.284504084375 0.40434523906250003
2 0.2845874 0.3898124390625 0.28324013593749997 0.3804477859375 0.1203325578125 0.4074759078125 0.0005971265624999999 0.425381228125 0.000727459375 0.43572548125 0.1657861703125 0.40809117656250005 0.23713964999999998 0.39756837031250003 0.2845874 0.3898124390625
2 0.2306767234375 0.3756145796875 0.2830397 0.366058103125 0.2829094546875 0.366058103125 0.2815347453125 0.354791559375 0.1321963390625 0.3778602765625 0 0.3939186359375 0.00006393125 0.3946268890625 0.00025952656249999997 0.4076930515625 0.2306767234375 0.3756145796875
2 0.0735501640625 0.3793108125 0.155596696875 0.369049071875 0.22310172968750003 0.3595288171875 0.2825601484375 0.351391190625 0.281360465625 0.3454601640625 0.183648390625 0.3577856453125 0.08569692500000001 0.371395121875 0.0008489234375 0.38231926562499996 0.0006019234375 0.3823362453125 0.0005532421874999999 0.3894883703125 0.0735501640625 0.3793108125
2 0.0699500328125 0.3045387828125 0.16052040781250002 0.2972538734375 0.198042915625 0.2939469765625 0.2841149515625 0.28559217812500004 0.2846844359375 0.2826381171875 0.0004706453125 0.3044907203125 0.00044431718749999996 0.3081547140625 0.0699500328125 0.3045387828125
2 0.058276804687499996 0.2985503953125 0.16238060468749999 0.290800234375 0.22879686562499998 0.285884415625 0.2800987875 0.2818066390625 0.27934840781250003 0.27690639375 0.00034449843750000003 0.2977628125 0.00020158437499999998 0.3027800140625 0.058276804687499996 0.2985503953125
2 0.050305898437499996 0.26385334843749997 0.13472550625 0.2601921609375 0.2625354234375 0.253139390625 0.2620324375 0.2489467609375 0.0002814234375 0.26165638125 0.00019635625 0.2670142484375 0.050305898437499996 0.26385334843749997
2 0.0389409421875 0.2463851734375 0.261540271875 0.2383722109375 0.2607529546875 0.232783334375 0.22401442500000002 0.23499717968749997 0.191744484375 0.23646983281249997 0.0007590265625 0.2442696359375 0.00065986875 0.2440516921875 0.0003754640625 0.24778044531250001 0.0389409421875 0.2463851734375
2 0.9525838249999999 0.61312694375 1 0.6115841515625 0.99895656875 0.5884179796875 0.5144092859375 0.5996655859375 0.514152071875 0.6299335328125 0.9525838249999999 0.61312694375
2 0.8832850656250001 0.588479559375 0.99996855625 0.58328610625 0.9970729828125 0.5722620515625 0.9970729828125 0.5717491031249999 0.5502453375 0.5599631640625 0.5499928484375001 0.5803167218749999 0.8832850656250001 0.588479559375
2 0.8439943375000001 0.55636811875 1 0.563841659375 0.9994127703125001 0.5477466843750001 0.9991631625 0.5477466843750001 0.5288746234375 0.5103928546875001 0.528379275 0.531991553125 0.8439943375000001 0.55636811875
2 0.668955640625 0.40121320781250003 0.846786978125 0.443785553125 0.9998523828125 0.46476073749999997 0.999421078125 0.4570779375 0.522063821875 0.3513309546875 0.5209735109375 0.3657479515625 0.668955640625 0.40121320781250003
2 0.676420584375 0.4555876921875 1 0.5043167093750001 0.999624296875 0.4915683859375 0.8471763046874999 0.4698062875 0.57674009375 0.4180876984375 0.5241407421875001 0.4090582234375 0.5239842046875001 0.415311803125 0.52401626875 0.4153124453125 0.523915265625 0.42371985937499995 0.676420584375 0.4555876921875