3 0.1 0.25390625 0.02265625 0.140625
3 0.32556669375 0.2354020046875 0.3219101421875 0.24948649843749998 0.39626001718750004 0.31340843125 0.40113541875000003 0.29932393749999997 0.32556669375 0.2354020046875
4 0.25234375 0.26484375 0.3328125 0.5296875
1 0.6703125 0.04609375 0.06484375 0.0359375
3 0.551306659375 0 0.8356226421875 0.319208128125 0.918510640625 0.2499376453125 0.7030338484375 0 0.551306659375 0
3 0.846096203125 0.5296875 0.6153771984375 0.26043320468750003 0.6059042031249999 0.2499376453125 0.4780197515625 0.3527937859375 0.6457425828125001 0.5296875 0.846096203125 0.5296875
2 1 0.386628796875 0.9062662156249999 0.2773960890625 0.8658522265624999 0.3056266296875 1 0.4562209078125 1 0.386628796875
3 0.38828125 0.971875 0.0609375 0.05625
4 0.20703125 0.809375 0.4140625 0.38125
5 0.5936292921875 0.7157705078125 0.60365794375 0.70956096875 0.5850333453125 0.6950720328125 0.5649760421875 0.681618034375 0.5477841484375 0.7105958890624999 0.5219962140625001 0.7240498875 0.5176981921875 0.750957903125 0.537755496875 0.7561325218749999 0.5549474859375 0.7654468390625 0.579302715625 0.7468182046875 0.5936292921875 0.7157705078125
5 0.6638297609375 0.8275422328125 0.6666950765624999 0.8409962312499999 0.69105030625 0.82236763125 0.71540563125 0.79856439375 0.7282995031249999 0.7716563609375 0.722568871875 0.7592373 0.6896176953125 0.7488880625000001 0.7039442734375 0.7354340468749999 0.68675238125 0.7281895875 0.6681277828125 0.726119746875 0.636609215625 0.75406268125 0.6466377718749999 0.766481759375 0.6724257078125 0.766481759375 0.6738584125 0.7830405203125 0.6738584125 0.7995993140625 0.6652623703125 0.8161580734375 0.6638297609375 0.8275422328125