0 0 0.4872632828125 0.20381007499999998 0.513489428125 0.221338525 0.44335073124999996 0 0.389775196875 0 0.4872632828125
1 0.83359375 0.23671875 0.01875 0.02109375
3 0.83671875 0.28125 0.0703125 0.30625
2 1 0.391754803125 0.8863451046874999 0.39586574531249996 0.8848710140625 0.397705671875 0.8849634671875 0.4269847015625 1 0.4223467171875 1 0.391754803125
2 0.4390625 0.4565216484375 0.7946438468749999 0.42277067500000004 0.7929523015625 0.4005500234375 0.4390625 0.436221065625 0.4390625 0.4565216484375
2 0.4390625 0.3710513109375 0.7961539109375 0.3370428828125 0.795715615625 0.316210165625 0.4390625 0.3467947046875 0.4390625 0.3710513109375
3 0.3223354078125 1 0.2947035421875 0.8754335484375 0.2778374828125 0.8864910015625 0.3069971953125 1 0.3223354078125 1
3 0.32540554374999997 1 0.3528111453125 0.9142859671875 0.3434394375 0.8939029640625 0.3059043953125 1 0.32540554374999997 1
3 0.45234375 0.85390625 0.0265625 0.1171875
3 0.59375 0.859375 0.0296875 0.11015625
4 0.98359375 0.88984375 0.0328125 0.2203125
4 0.4390625 0.71875 0.4390625 1 0.6035040953124999 1 0.598812409375 0.71875 0.4390625 0.71875