4 0.27112125625 0 0.265648365625 0.4296875 0.3568429203125 0.4296875 0.3297580109375 0 0.27112125625 0
4 1 0 0.5022006203125 0 0.6923255609375 0.09942815 0.7471747609375 0.4296875 0.9932890046875 0.4296875 1 0.39444537031250004 1 0
3 0.47179629843750004 0.173787053125 0.5085025296875 0.174601415625 0.49050902656249995 0.0172316453125 0.4564271171875 0.0221406515625 0.4598049125 0.030284271875 0.47179629843750004 0.173787053125
2 0.4 0.4296875 0.41989733593749995 0.4296875 0.478194253125 0.19620436875 0.45830566875 0.1637482734375 0.4 0.3981768015625 0.4 0.4296875
2 0.4455086875 0.4296875 0.4960872 0.22138178125 0.484999353125 0.21141170312500002 0.4836536234375 0.21301539531250002 0.43216198749999996 0.4296875 0.4455086875 0.4296875
2 0.462903990625 0.4296875 0.5122946781250001 0.2230327703125 0.5030455484375 0.2132449671875 0.50331513125 0.2100515765625 0.451189959375 0.4296875 0.462903990625 0.4296875
2 0.47994309843750005 0.4296875 0.5273791484375 0.22152500000000003 0.518366034375 0.217073271875 0.5187642375 0.2120964171875 0.46921585624999995 0.4296875 0.47994309843750005 0.4296875
3 0.8783315343750001 0.13685643125 0.8845321625 0.1564673375 0.9772584421874999 0.06830251875 0.9698477249999999 0.0479190828125 0.8783315343750001 0.13685643125
3 0.8493386453125 0.15254340625 0.8562261796874999 0.1329981546875 0.7657021875 0.054154042187499994 0.759244278125 0.07055226875000001 0.8493386453125 0.15254340625
0 0.1740730203125 1 0.050147168750000005 0.7522230640625001 0 0.702607790625 0 0.952567559375 0.0407195359375 1 0.1740730203125 1
5 0.6364583328125001 0.921875 0.6635416671875 0.88125 0.6677083328125001 0.8421875 0.6447916671874999 0.809375 0.5677083328125 0.796875 0.584375 0.759375 0.5197916671875 0.7453125 0.4927083328125 0.7953125 0.446875 0.7875 0.4614583328125 0.8171875 0.478125 0.859375 0.4635416671875 0.915625 0.4927083328125 0.9296875 0.571875 0.9375 0.6177083328125 0.946875 0.6364583328125001 0.921875