4 0.05546875 0.321875 0.1109375 0.534375
3 0.09765625 0.5453125 0.0203125 0.0875
1 0.7359375 0.33828125 0.05859375 0.05703125
1 0.73984375 0.4015625 0.0515625 0.0578125
1 0.7375 0.47109375 0.0515625 0.0609375
1 0.73828125 0.26953125 0.05390625 0.05
3 0.73125 0.3125 0.15625 0.553125
1 0.50859375 0.9078125 0.03359375 0.0640625
1 0.46875 0.92890625 0.03671875 0.0671875
1 0.396875 0.97265625 0.015625 0.0546875
3 0.3890625 1 0.508167759375 1 0.7190409515624999 0.8775394984375 0.675853996875 0.7166080703125 0.3890625 0.890101109375 0.3890625 1