4 0.234375 0.2921875 0.46875 0.253125
3 0.456332346875 0.41875 0.46547633906249997 0.354998875 0.4545388703125 0.3507691953125 0.4451334671875 0.41875 0.456332346875 0.41875
3 0.9453125 0.0171875 0.0125 0.034375
4 1 0.41875 1 0 0.9360576484374998 0 0.9075798984375 0.41875 1 0.41875
2 0.5 0.07249082500000001 0.778243540625 0.0890714453125 0.778243540625 0.06796261718749999 0.5 0.0523031421875 0.5 0.07249082500000001
2 1 0.13961909687500001 0.7829930265625 0.074295265625 0.775868796875 0.09329321093750001 1 0.167226259375 1 0.13961909687500001
3 0.7514644859375 0 0.7476380765625 0.008377118749999999 0.779004690625 0.0784446046875 0.8126126953125 0.00022433125 0.8123963109375 0 0.7911887296875 0 0.7819240171875 0.0405588640625 0.7708191624999999 0 0.7514644859375 0
4 0.345271771875 0.41875 0.3067911234375 1 0.3963245484375 1 0.39052831875 0.41875 0.345271771875 0.41875
3 0.34765625 0.51796875 0.009375 0.05625
3 0.34296875 0.64453125 0.0109375 0.06328125
3 0.384375 0.65703125 0.0109375 0.06796875
3 0.38828125 0.54921875 0.01171875 0.05625
3 0.1218779734375 0.41875 0.15282431406250002 0.5448759 0.16740249375 0.52634595 0.13834839062499998 0.41875 0.1218779734375 0.41875
3 0.14345260625 0.52634595 0.14449393906250002 0.52634595 0.1580307859375 0.554140915625 0.1986415203125 0.450373015625 0.1830220078125 0.4225780484375 0.14345260625 0.52634595
3 0.131998328125 0.7357346375 0.1653199234375 0.8413555078125 0.18093943750000002 0.8283845515625 0.1497004109375 0.72276368125 0.1497004109375 0.7190576578125001 0.131998328125 0.7357346375
3 0.1569895484375 0.8376495687500001 0.16740249375 0.8561795171875 0.2017654234375 0.7468526234375 0.19239371562500002 0.71535171875 0.193435046875 0.7209107125 0.1569895484375 0.8376495687500001
3 0.5 0.6998595828124999 0.613519996875 0.661526390625 0.5727425578124999 0.592622840625 0.5 0.615727615625 0.5 0.6998595828124999
3 0.5 0.8092776531249999 0.6922278515625 0.7486619203125 0.652447990625 0.6789399968750001 0.5 0.7269261671875 0.5 0.8092776531249999