4 0.187744053125 0 0.1883508015625 0.0013003078125 0.08950667968750001 0.24434589375 0.235892840625 0.2957659 0.2321716875 0.4890625 0.44725310937499996 0.4890625 0.458796775 0.2886963234375 0.504402478125 0.2382004453125 0.479801909375 0.0434867375 0.2112698140625 0 0.187744053125 0
3 0.09765625 0.38671875 0.0359375 0.2046875
2 0.49973044218749996 0.4890625 0.46073699218749997 0.45962984531249995 0.45786270937499995 0.4683123171875 0.48590409218749997 0.4890625 0.49973044218749996 0.4890625
2 0.5159280265625 0.4890625 0.4665304 0.45208200625000006 0.466434740625 0.45208200625000006 0.46409854375000004 0.460283521875 0.5028249359375 0.4890625 0.5159280265625 0.4890625
2 0.56875 0.4890625 0.56875 0.48538979375 0.47658136874999996 0.42122346874999994 0.475455178125 0.43105541093750005 0.5604574999999999 0.4890625 0.56875 0.4890625
3 0.38729855625 0.32821953125 0.34524618125 0.4238504234375 0.352946796875 0.434358334375 0.393631509375 0.3364935140625 0.38729855625 0.32821953125
3 0.3357174984375 0.4399416515625 0.34346390000000004 0.42767011093749996 0.30299794375 0.338364165625 0.2949912375 0.3486911921875 0.3357174984375 0.4399416515625
3 0.4759983765625 0.277685096875 0.46765652500000005 0.275383309375 0.4533198875 0.4020261828125 0.46190123749999995 0.40683281875 0.4759983765625 0.277685096875
4 0.6484375 0.3109375 0.06875 0.35625
3 0.19375 0.5890625 0.084375 0.2
2 0.56875 0.5333753453125001 0 0.705828884375 0 0.74229568125 0.56875 0.5738809421875 0.56875 0.5333753453125001
2 0.2827496953125 0.4890625 0.150464675 0.5191821078125 0 0.5569859734375 0 0.58600274375 0.0332240578125 0.5767598578124999 0.412703803125 0.4890625 0.2827496953125 0.4890625
3 0.02890625 0.51953125 0.0359375 0.0609375
0 0.784375 0.6203125 0.43125 0.2625