4 0.2296875 0.2203125 0.459375 0.296875
3 0.56796875 0.084375 0.02890625 0.128125
3 0.73828125 0.090625 0.02578125 0.13671875
3 0.753125 0.3296875 0.02734375 0.15234375
3 0.5640625 0.284375 0.0234375 0.10625
3 0.5578125 0.459375 0.028125 0.040625
4 0.54136124375 0 0.569303853125 0.4796875 0.735557853125 0.4796875 0.7770292890625 0 0.54136124375 0
4 0.2796875 0.73984375 0.359375 0.5203125
3 0.11171875 0.728125 0.03359375 0.21796875
3 0.459375 0.68458548125 0.453565521875 0.6819036468749999 0.41497539375 0.9165380453124999 0.453003625 0.9401426125000001 0.459375 0.88200633125 0.459375 0.68458548125
4 0.7734375 0.5734375 0.121875 0.1875
3 0.53359375 0.653125 0.03359375 0.2109375