4 0.14296875 0.2296875 0.2859375 0.459375
3 0.2256969109375 0.3921372203125 0.2372336234375 0.40196829218749996 0.276621615625 0.24469306093749998 0.2630586828125 0.2339322203125 0.2256969109375 0.3921372203125
3 0 0.16829078125000002 0.020280960937500002 0.21974856874999998 0.026168690625 0.21303977343749997 0 0.1468070625 0 0.16829078125000002
3 0.0819869515625 0.19127522187499998 0.0773974234375 0.179616853125 0.031929146874999995 0.22153720312499997 0.03524401875 0.2330405796875 0.0819869515625 0.19127522187499998
3 0.80078125 0.1203125 0.1484375 0.240625
2 1 0.11911714843750001 0.7915291609375 0.207637025 0.4 0.43004722656250005 0.4 0.459375 0.44429067812499995 0.459375 0.8224012187499999 0.25105968437500004 1 0.1778451640625 1 0.11911714843750001
4 0.4 1 0.4 0.5910283703125 0.3498282453125 0.6501197921874999 0.1342492171875 0.665577271875 0 0.489205353125 0 0.8696522999999999 0.0688880609375 0.90567815 0.08455295625 1 0.4 1
3 0.3538209421875 0.8745525187500001 0.34641022499999996 0.8541690828125 0.254894034375 0.94310643125 0.2610946625 0.9627173375 0.3538209421875 0.8745525187500001
3 0.14226468750000001 0.8604040421875 0.135806778125 0.87680226875 0.2259011453125 0.9587934062500001 0.2327886796875 0.9392481546875 0.14226468750000001 0.8604040421875
4 0.76640625 0.7296875 0.0828125 0.540625
4 0.7140625 0.7125 0.059375 0.50625