4 0.12421875 0.23984375 0.2484375 0.4796875
3 0.23671875 0.1078125 0.02734375 0.14921875
4 0.5 0 0.5 0.4796875 0.6027813656250001 0.4796875 0.5725447578125 0 0.5 0
4 0.43515625 0.7890625 0.1296875 0.421875
4 0.06484375 0.76640625 0.1296875 0.4671875
3 0.41640625 0.803125 0.028125 0.16328125
3 0.09765625 0.77265625 0.009375 0.12109375
3 0.73203125 0.6546875 0.02734375 0.1546875
3 0.71484375 0.9671875 0.0265625 0.065625
3 0.85546875 0.54453125 0.01953125 0.1125
4 0.79609375 0.73984375 0.1890625 0.5203125
2 1 0.8665898125 0.9038664640625 0.8144774781249999 0.8994396203124999 0.8650511984375001 1 0.9237949578125001 1 0.8665898125
2 1 0.6319875859375 0.90425340625 0.5962768015625001 0.9044656765625 0.6293257140625 1 0.6748907234375 1 0.6319875859375
2 0.5 0.7670247671875 0.6677388734375 0.8095664093749999 0.6974059312499999 0.8064457765625 0.6898394999999999 0.7701146921875 0.5 0.7308358859374999 0.5 0.7670247671875
2 0.5 0.6985950843750001 0.5823752359375 0.7092037984375 0.688135103125 0.722857190625 0.6873912609375 0.6984817078125 0.5 0.6722337828125 0.5 0.6985950843750001