4 0.40311428125 0.5390625 0.4472205734375 0.3138080203125 0.60187095625 0.282178740625 0.4796389796875 0.20796876250000002 0.5421573484375 0.034714271875 0.5015662875 0.032333129687500003 0.385769665625 0.20439934375000002 0.3419150484375 0.206904359375 0.07886074843749999 0.2101250953125 0 0.0894431875 0 0.3160714375 0.005267084375 0.3170974640625 0.0470430328125 0.5390625 0.10152271093750001 0.5390625 0.053636237499999996 0.310178846875 0.39698565625 0.32241030312499996 0.349942171875 0.5390625 0.40311428125 0.5390625
3 0.582871196875 0.3245081890625 0.5833651390625 0.3219149953125 0.549867665625 0.4934670875 0.5719921343750001 0.5047907 0.6021102234375 0.3315098109375 0.582871196875 0.3245081890625
3 0.2172999296875 0.31895694531249996 0.217076465625 0.3188712375 0.216491621875 0.48810132343749996 0.2301350984375 0.4901504640625 0.2312340828125 0.3192358375 0.2172999296875 0.31895694531249996
2 0.239869540625 0.5390625 0.2412316703125 0.31914003750000003 0.237216746875 0.3188886125 0.2338467515625 0.5390625 0.239869540625 0.5390625
2 0 0.43910706718750003 0.0220593171875 0.4168834796875 0.0164435546875 0.411051725 0 0.4274368359375 0 0.43910706718750003
2 0 0.45683419687500004 0.02345256875 0.4328262609375 0.019283134375 0.4260855765625 0 0.4456023671875 0 0.45683419687500004
2 0.531408859375 0.5390625 0.5333268 0.5375890015625 0.437355234375 0.424599671875 0.4305388375 0.43530045937499995 0.5134801718750001 0.5390625 0.531408859375 0.5390625
2 0.4411380703125 0.3791392265625 0.5469855859375 0.47662569374999997 0.5469855859375 0.476778034375 0.5514671671875 0.46769799843750004 0.44511023437499997 0.3706250296875 0.4411380703125 0.3791392265625
2 0.531280709375 0.5030001171875 0.5393604515625 0.49421025468749996 0.44212949999999995 0.3937519203125 0.437423840625 0.3995674953125 0.531280709375 0.5030001171875
2 0.435849653125 0.4153438078125 0.5296997 0.5236399203125 0.5318693828125001 0.5143663468749999 0.438552225 0.4104828171875 0.438316540625 0.4109468203125 0.435849653125 0.4153438078125
0 0.709375 0.2466684046875 0.8580640984375 0.20836229843749998 0.79163013125 0.0414199453125 0.709375 0.0738964109375 0.709375 0.2466684046875
3 0.65078125 0.67265625 0.009375 0.05546875
3 0.6453125 0.79765625 0.01171875 0.053125
3 0.6890625 0.784375 0.009375 0.053125
3 0.6890625 0.67109375 0.00859375 0.05390625
4 0.6968198015625 1 0.69198603125 0.561721603125 0.65437825625 0.5585347984375 0.6286169125 1 0.6968198015625 1
4 0.47734375 0.76953125 0.1453125 0.4609375
3 0.45611370625000003 0.8418881921875 0.4624934921875 0.833333775 0.432322390625 0.7522668484375 0.425841925 0.7583075828125001 0.45611370625000003 0.8418881921875
3 0.45487002656250003 0.8398561890625 0.4626682 0.842877871875 0.4900365796875 0.741588303125 0.4819378484375 0.7340498859375 0.45487002656250003 0.8398561890625
3 0.74921875 0.5546875 0.0203125 0.03125
3 0.73984375 0.70625 0.01484375 0.0765625
4 0.740862790625 0.5390625 0.7119781125 1 0.82001521875 1 0.81845466875 0.5390625 0.740862790625 0.5390625