3 0.484375 0.515625 0.025 0.265625
3 0.85234375 0.18359375 0.040625 0.16953125
4 0.57153975625 0 0.581562309375 0.0040159546875 0.581538153125 0.13688487656249998 0.48409578125 0.35762087343750004 0.59863683125 0.3014093390625 0.5751157375 1 0.7263437765625 0.9946877546874999 0.79366016875 0.420755784375 0.8176728671875001 0.13839362500000002 0.8676527515625001 0.022896571875 0.8678945953125 0 0.80943478125 0.001033778125 0.8001618609375001 0.0438992390625 0.65800448125 0.11974575000000001 0.6247228765624999 0 0.57153975625 0
2 0.5715477 0.8466819984375 0.47376397499999995 0.731137428125 0.404565875 0.6943162359375 0.3060998890625 0.6338039265625001 0.19539265781249998 0.5614928781249999 0.0101594546875 0.42967921093749994 0 0.4486475671875 0.052799746875 0.5070020609375 0.44601109843750003 0.751396415625 0.5668808515625 0.880062903125 0.571175725 0.8488389078124999 0.5715477 0.8466819984375
2 0.28998930624999997 0.59465933125 0.44287111718750005 0.6753313328125 0.4466564609375 0.6549874046874999 0.18083886875 0.5212680921875 0.0016307890625 0.4035095875 0 0.41531953593750004 0.0362006125 0.44117029375000005 0.11611254374999999 0.49995760625 0.28998930624999997 0.59465933125
2 0.420062915625 0.6151353609375 0.4229240359375 0.593524009375 0.0963116203125 0.449466453125 0.0938133828125 0.458984115625 0.12322533124999999 0.4802683265625 0.24370443125 0.5353924890624999 0.420062915625 0.6151353609375
2 0.886344590625 1 0.8900687015625 0.9796918109374999 0.753328109375 0.8599466296875 0.7525720578125 0.8636093078125 0.748922171875 0.8815054874999999 0.886344590625 1
2 0.7969021890625 1 0.7997559187500001 0.9771917640625001 0.7997559187500001 0.9767352765625 0.7443882125 0.9297590859374999 0.7371983875 0.9493311062500001 0.7969021890625 1
2 0.763104584375 0.99810155 0.7642376609375 0.9829443937500001 0.7641153234375 0.9829443937500001 0.7383793484375001 0.9642715390625 0.737244525 0.9789322015625 0.763104584375 0.99810155
2 0.957967921875 0.5777907640625 0.9986217421875001 0.5975134671875 0.999047575 0.5793732796875 0.794397159375 0.48189033593749997 0.7928629578125 0.49807232968750004 0.957967921875 0.5777907640625
2 1 0.5550525921875 0.90066080625 0.510315425 0.8011304515625 0.46359894218750003 0.7996375437500001 0.47550648593749995 0.9386528937499999 0.5430951671875001 1 0.5680597656249999 1 0.5553428234375 1 0.5550525921875
2 0.9674019484375 0.524435796875 1 0.538059653125 0.9998214328125 0.52647176875 0.8056142875000001 0.44079504375 0.805263290625 0.44062151875 0.8029994609375001 0.455246425 0.9674019484375 0.524435796875
2 1 0.5141584031249999 0.9998635281249999 0.493911940625 0.8084407390624999 0.42111539843749995 0.8077229703125001 0.4202334328125 0.80599930625 0.435788971875 1 0.5141584031249999
2 0.9405278796875001 0.3542823296875 0.9905812609375 0.36841129375000004 1 0.3717820046875 0.9997061859375 0.3594084203125 0.8414047453125001 0.3131361375 0.840697896875 0.32453966562500003 0.9405278796875001 0.3542823296875
2 0.91430938125 0.30132393749999997 0.999442490625 0.3205454875 0.9991410140625 0.3117703 0.9991410140625 0.3116603234375 0.87630139375 0.282978796875 0.8757911828125 0.2935265453125 0.91430938125 0.30132393749999997
2 0.9123012140625001 0.28003671093750004 0.9416168484374999 0.2865701984375 1 0.3011416578125 0.9999071140625 0.2954459140625 0.9999365875 0.2954459140625 0.8778894625 0.26656169375 0.877794603125 0.27240600000000004 0.9123012140625001 0.28003671093750004
2 0.03598170625 0.3517309328125 0.06363072656249999 0.3638224546875 0.146959771875 0.3893679203125 0.19831917968749999 0.399052915625 0.28174949374999997 0.41134816250000006 0.34290536875 0.41875430312499995 0.42405029687500007 0.4276907546875 0.4646345125 0.429476409375 0.46448797343750003 0.42419114375 0.387606503125 0.416825090625 0.3160195453125 0.40988933593750004 0.26041925312499997 0.402788984375 0.20909831250000002 0.39569685312499997 0.16268499218750002 0.38623503124999997 0.1005495765625 0.3715680453125 0.034669056250000004 0.345935690625 0.0006393421875 0.325258184375 0.0004562359375 0.33020159531250004 0.03598170625 0.3517309328125
2 0.4606552296875 0.41138112656250003 0.460146509375 0.38354244375 0.261260728125 0.37688801562499996 0.1518626109375 0.3650554703125 0.06996720468749999 0.344968196875 0.06700819999999999 0.3551037734375 0.150556678125 0.381488215625 0.2191639359375 0.39343739375000003 0.300362584375 0.4034069546875 0.41246975468749997 0.4145207875 0.4604128890625 0.419182984375 0.46104048750000004 0.411203753125 0.4606552296875 0.41138112656250003
2 0.48561567187500004 0.0283544265625 0.47400203906250005 0.0054876671875 0.2953994671875 0.10200850937499999 0.00248196875 0.2345163359375 0.002520921875 0.2629334875 0.134274265625 0.2071976296875 0.3027241484375 0.1186145890625 0.48561567187500004 0.0283544265625
2 0.35701546875 0.33474318125 0.28604229531250003 0.3344889734375 0.2134475421875 0.33315849375 0.1192870484375 0.32029289843750003 0.1131857921875 0.31846752500000003 0.1083282140625 0.3171807203125 0.08978379843749999 0.310930521875 0.087660678125 0.3251658140625 0.2461952375 0.3458058234375 0.2777371671875 0.3455589515625 0.314958434375 0.3459582078125 0.47839063125000003 0.3461597109375 0.4808529390625 0.33476659531249997 0.35701546875 0.33474318125
2 0.496200728125 0.3058093890625 0.497195653125 0.29686781875 0.47451737656250004 0.300654990625 0.2490972421875 0.31356755937499997 0.1510467953125 0.30878656718749997 0.14936784218750002 0.3237212703125 0.26552469218749997 0.3265074234375 0.4047218265625 0.32030174843750003 0.49441627187500004 0.3140630515625 0.4959460375 0.30657363437499996 0.496200728125 0.3058093890625