4 0.0578747140625 0 0.050371879687499996 0.5890625 0.14878834531250001 0.5890625 0.1116573984375 0 0.0578747140625 0
3 0.70859375 0.4546875 0.015625 0.0828125
3 0.7140625 0.22265625 0.0140625 0.08828125
3 0.72109375 0.01015625 0.0140625 0.0203125
3 0.63828125 0.16015625 0.01015625 0.0625
4 0.646998115625 0 0.6004037421875 0.5890625 0.7134470359375 0.5890625 0.7171765921875 0 0.646998115625 0
2 1 0.52836098125 0.7186612453125 0.48822362343750003 0.7191750421875 0.507357809375 1 0.5441413109375 1 0.52836098125
3 0.628125 0.32578125 0.0078125 0.05703125
4 0.1953125 0.79453125 0.390625 0.4109375
3 0.021875 0.89375 0.040625 0.2125
3 0.33828125 0.8984375 0.0328125 0.203125
4 0.740625 0.79453125 0.2 0.4109375