4 0.590625 0.4953125 0.1640625 0.975
2 0.9998663796875 0.9334878921875 0.685062696875 0.7011035703124999 0.6827565156250001 0.7244503234375 0.9997150796875 0.9580192359374999 0.9999959031250001 0.9336933171874999 0.9998663796875 0.9334878921875
2 0.9997777390625 0.9182857046875 0.9993513484375001 0.89391194375 0.69665015 0.6742791218749999 0.696352134375 0.6757544249999999 0.6946374 0.69389821875 0.9997777390625 0.9182857046875
2 0.9998037203125 0.8111291875 1 0.7828348671875001 0.6792494890625 0.573764565625 0.6780203625000001 0.575210965625 0.6779531171875 0.594042146875 0.9998037203125 0.8111291875
2 0.681083503125 0.47321789687500004 0.6808878828125 0.47321789687500004 0.6784533265625 0.4966026875 0.9986254125 0.695109978125 0.9984466031249999 0.671890921875 0.681083503125 0.47321789687500004
2 0.4297238640625 0.1922462671875 0.42619353125000004 0.17041312343749998 0.0002340796875 0.3650965640625 0.00188284375 0.3668616671875 0.001470971875 0.393007046875 0.4297238640625 0.1922462671875
2 0.46070935312500005 0.46160271093749994 0.45862204375 0.442484 0.002128496875 0.5939954000000001 0.002128496875 0.6153499874999999 0.46070935312500005 0.46160271093749994
2 0.47682050781249996 0.564697009375 0.4776564234375 0.553859421875 0.0007039296875 0.6811955843749999 0.0011347203125 0.689331515625 0.47682050781249996 0.564697009375
2 0.2688958265625 0.60611135625 0.4948016734375 0.5446266640624999 0.49397492343750005 0.531353021875 0.4938576015625 0.531353021875 0.001642503125 0.6678469875 0.0016837484374999999 0.6794096890625 0.2688958265625 0.60611135625
3 0.4828748140625 0.4357330109375 0.49808790625 0.43973975000000004 0.5133009984375 0.164276353125 0.49808790625 0.16127129843750002 0.4828748140625 0.4357330109375
3 0.658670546875 0.3986706625 0.666558815625 0.40067403281249997 0.6705029515625001 0.2894869890625 0.6620512328125 0.2864819328125 0.658670546875 0.3986706625