3 0.3671875 0.4734375 0.021875 0.253125
4 0.19140625 0.33828125 0.0609375 0.1703125
4 0.059375 0.34609375 0.02734375 0.08203125
4 0.4201898609375 0 0.41457999687499997 0.219738375 0.3684903 0.3093368796875 0.423804596875 0.3078160984375 0.4316319828125 0.6 0.51875 0.6 0.51875 0.2457902078125 0.50839858125 0.2458645109375 0.45289464218750003 0 0.4201898609375 0
2 0 0.557709890625 0.3473937265625 0.551496734375 0.34702968125 0.5420788890625 0 0.547224803125 0 0.557709890625
2 0 0.5229936875 0.0631962765625 0.5223373828125 0.3474594703125 0.5068710109375 0.3462205828125 0.4962953453125 0.34577228125000004 0.496570246875 0.3458444609375 0.496570246875 0 0.51038993125 0 0.5229936875
2 0.40886831875 0 0 0.1884294203125 0 0.2329500125 0.409389046875 0.0468337484375 0.409426725 0.004202896875 0.40923283593750004 0 0.40886831875 0
1 0.65 0.06171875 0.07265625 0.09140625
3 0.625 0.3 0.2125 0.6
4 0.84765625 0.3 0.3046875 0.6
0 0.51875 0.789694278125 0.2383553578125 0.75468215625 0.236480225 0.75670686875 0.26464798125 0.8653454406249999 0.51875 0.8904508874999999 0.51875 0.789694278125
0 0.51875 1 1 1 1 0.8302649921875 0.51875 0.8119063203125 0.51875 1