4 0.36796875 0.225 0.3828125 0.45
3 0.1681170984375 0.20091970781250001 0.1935052203125 0.38510606406250003 0.2199088984375 0.3652428203125 0.1965518328125 0.190085234375 0.19482235312500001 0.19209555625000002 0.1681170984375 0.20091970781250001
3 0.45615574375 0.45 0.40165605781249997 0.32804204531250003 0.3912997421875 0.3391374015625 0.441579925 0.45 0.45615574375 0.45
4 0.421875 0.63125 0.0515625 0.28828125
3 0.0828125 0.47109375 0.025 0.0421875
3 0.096875 0.69296875 0.0203125 0.1171875
3 0.10625 0.9421875 0.021875 0.115625
4 0 0.45 0 1 0.0719721109375 1 0.12267929531249999 0.8906793640625 0.0987754484375 0.45 0 0.45
4 0.88359375 0.546875 0.02578125 0.17734375
3 0.9466940078124999 0.45 0.944466284375 0.45372017500000006 0.9689912203125001 0.4954150140625 0.9730843406249999 0.4884002109375 0.9518377078124999 0.45 0.9466940078124999 0.45
3 0.9863176250000001 0.45 0.96367921875 0.48932750937499997 0.9704114484375002 0.494502128125 0.9923472734375001 0.4542054453125 0.98886500625 0.45 0.9863176250000001 0.45