4 0.27109375 0.37421875 0.0890625 0.3890625
4 0.0515625 0.16796875 0.103125 0.3359375
4 0.203125 0.1046875 0.03828125 0.1921875
0 1 0.42073328125 0.668415025 0.29044429374999997 0.669504090625 0.2918959859375 0.46875 0.45859242031249997 0.46875 0.56875 0.9986163046875 0.56875 1 0.5679240421875 1 0.42073328125
0 0.46875 0.56875 0.35749565156249996 0.56875 0 0.8355998703124999 0 1 0.056615467187500004 1 0.46875 0.6562653171874999 0.46875 0.56875
1 0.6328125 0.70703125 0.0125 0.0125
1 0.8796875 0.89453125 0.01484375 0.01328125
3 0.63046875 0.67109375 0.0625 0.1203125
3 0.878125 0.88125 0.05703125 0.14765625
3 0.64296875 0.9546875 0.0515625 0.090625
4 0.75390625 0.784375 0.2765625 0.43125