0 1 0.1257908625 0.7599771453124999 0.05696035625 0.4390625 0.1368230265625 0.4390625 0.207499928125 0.7688438812499999 0.21751559843749999 1 0.1917318640625 1 0.1257908625
4 0.42578125 0.58125 0.0265625 0.225
3 0.1046875 0.484375 0.025 0.03125
3 0.1203125 0.671875 0.02734375 0.15234375
3 0.13046875 0.890625 0.025 0.11796875
4 0 0.46875 0 1 0.0983350578125 1 0.094569659375 0.9164407734375001 0.1332748140625 0.46875 0 0.46875
1 0.78984375 0.709375 0.05390625 0.0703125
1 0.8046875 0.78671875 0.05859375 0.065625
1 0.809375 0.8640625 0.0578125 0.08046875
1 0.81640625 0.95 0.05703125 0.0859375
3 0.7828125 0.734375 0.1875 0.53125