2 0.2294055953125 0 0.51875 0.1771000453125 0.51875 0.1369531578125 0.297061615625 0 0.2294055953125 0
2 0.2886563875 0.56875 0.082589490625 0.5501197359375001 0.08237503125 0.5602161984375 0.187044815625 0.56875 0.2886563875 0.56875
2 0.51875 0.56875 0.51875 0.5645171609374999 0.068791553125 0.5104814328125 0.068791553125 0.5169182906249999 0.49865878124999996 0.56875 0.51875 0.56875
3 0.068597121875 0.56875 0.050797334375 0.2973170953125 0.0233435109375 0.298747809375 0.039128212499999995 0.56875 0.068597121875 0.56875
2 0.0722874828125 0.508250759375 0.2825033515625 0.53499375 0.2825033515625 0.5319224265625 0.072226565625 0.5033338421875 0.0722874828125 0.508250759375
2 0.51875 0.5472972640625 0.0723670578125 0.496379528125 0.0723368734375 0.5001974859375 0.1870995171875 0.5165197078125 0.316580028125 0.5326418953125 0.51875 0.5532075890625 0.51875 0.5472972640625
0 0.51875 0.556036171875 0.9823082937500001 0.169412265625 0.9202308375000001 0.0547301109375 0.9169633921875 0.0518268109375 0.51875 0.3490701234375 0.51875 0.556036171875
1 0.48984375 0.57734375 0.0390625 0.0171875
1 0.48671875 0.621875 0.03515625 0.04609375
1 0.48515625 0.66640625 0.03203125 0.05859375
1 0.48359375 0.7171875 0.0359375 0.0609375
3 0.48203125 0.7078125 0.0734375 0.278125
0 0.7993057484375 0.56875 0.8851335078125 0.911362109375 1 0.9162485953124999 1 0.66255516875 0.9672592921875001 0.56875 0.7993057484375 0.56875