4 0.12265625 0.2 0.2453125 0.4
3 0.21171875 0.12109375 0.01953125 0.16015625
3 0.7921875 0.0421875 0.140625 0.084375
2 1 0 0.8910815734374999 0 0.7294293 0.062010046875 0.4 0.24647995156250002 0.4 0.303206121875 0.8220452609375 0.0851687625 1 0.0149090953125 1 0
4 0.02421875 0.51015625 0.040625 0.20859375
3 0.3784446828125 0.4 0.39607509375 0.44540873281250004 0.4 0.4390064015625 0.4 0.40341939218749995 0.39864361718749997 0.4 0.3784446828125 0.4
3 0.3273492375 0.5547356265625 0.328390475 0.556588596875 0.3690012078125 0.6381205249999999 0.38149681874999997 0.6270025390624999 0.339844846875 0.5269406609375 0.3273492375 0.5547356265625
3 0.4 0.8225834390625 0.3606708328125 0.740035371875 0.34505132031249997 0.7585654046875 0.34505132031249997 0.760418375 0.38878595625 0.8419503031249999 0.4 0.8269837375 0.4 0.8225834390625
3 0.4 0.5410745671875 0.35913881875000003 0.6311514484374999 0.3679216078125 0.647896840625 0.4 0.5763413171874999 0.4 0.5410745671875
3 0.4 0.77892158125 0.38046845937499996 0.8242816015625 0.38799658125 0.8432597812499999 0.4 0.81542688125 0.4 0.77892158125
4 0.4484375 0.86875 0.090625 0.2625
3 0.6573465265625 0.8650517609375001 0.6584070578125 0.8650517609375001 0.68456679375 0.9178938234375 0.6912834953125 0.91097401875 0.6626491781249999 0.8581319578125001 0.6573465265625 0.8650517609375001
3 0.7097564046875 0.863659203125 0.709312509375 0.8637936078124999 0.6792641421875001 0.90971589375 0.6842132718749999 0.9204101015624999 0.7160291796875 0.87385878125 0.7097564046875 0.863659203125
3 0.638610471875 0.72036515625 0.63684293125 0.7228814484375 0.6630026671875 0.778868865625 0.6693658484375 0.7719490921875 0.6428525921875 0.7165907218750001 0.638610471875 0.72036515625
3 0.687748384375 0.7285430984375 0.6594675875 0.7763525875 0.66583076875 0.783901453125 0.694111565625 0.7360919640625 0.69340455625 0.7354628875 0.687748384375 0.7285430984375