3 0.1877215890625 0 0.1882725203125 0.07913035 0.214676196875 0.077324596875 0.2151703453125 0 0.1877215890625 0
4 0.32265625 0.234375 0.3140625 0.46875
4 0.81875 0.190625 0.0421875 0.18671875
4 0.75 0.16875 0.015625 0.10625
3 1 0.011845037499999999 0.9805954875000001 0.0452109015625 0.9851642765624999 0.049948904687500004 1 0.0231033125 1 0.011845037499999999
3 0.9840220796875 0.048595190625 0.9889716 0.0452109015625 0.9661276578125001 0.0059531640625 0.9638432640625 0.012721739062500001 0.9840220796875 0.048595190625
3 0.9634625312499999 0.1629841171875 0.9695542484375 0.158246115625 0.94671030625 0.116957803125 0.9432837156249999 0.12508009375 0.9634625312499999 0.1629841171875
3 0.9600359390625 0.158246115625 0.965746925 0.1629841171875 0.9870679390625 0.123049521875 0.9828798828124998 0.11898837656250001 0.9600359390625 0.158246115625
1 0.2984375 0.67578125 0.028125 0.04765625
3 0.30234375 0.765625 0.09375 0.44765625
5 0.8744791671875 0.6375 0.8578125 0.61875 0.7994791671874999 0.621875 0.7453125 0.6375 0.6369791671875 0.675 0.6098958328124999 0.69375 0.5786458328124999 0.721875 0.5703125 0.746875 0.5890625 0.7859375 0.6932291671874999 0.7796875 0.7536458328125001 0.7359375 0.8057291671875 0.71875 0.8828125 0.69375 0.9223958328125 0.6796875 0.8744791671875 0.6375