4 0.29453125 0.28828125 0.5890625 0.3203125
4 0.89921875 0.234375 0.2015625 0.46875
3 0.771875 0.23671875 0.03125 0.240625
3 0.49921875 0.53984375 0.01328125 0.059375
3 0.53828125 0.54453125 0.015625 0.05
4 0.5015625 0.734375 0.096875 0.53125
3 0.3246806578125 0.5355541515625 0.323639325 0.5299951578125001 0.311143715625 0.5577901234375 0.33509369843750003 0.6263510968749999 0.34550664375 0.6059680921874999 0.3246806578125 0.5355541515625
3 0.35487835156249997 0.54111314375 0.325721990625 0.622645071875 0.33821760156249997 0.6393220515625 0.3673739625 0.5633491171875 0.37153919687500003 0.559643178125 0.35487835156249997 0.54111314375
3 0.32884589375 0.7264129734375 0.3278045609375 0.7190009265625 0.3163502828125 0.73567790625 0.3465479765625 0.809797871875 0.355919684375 0.8005328546874999 0.32884589375 0.7264129734375
3 0.36112615625 0.72455991875 0.34030017031250004 0.8023858234375 0.35175444843750003 0.817209834375 0.3725805296875 0.744942921875 0.379869571875 0.7412368984375 0.36112615625 0.72455991875
2 1 0.557437228125 0.5890625 0.49261096093749995 0.5890625 0.527782190625 1 0.594180015625 1 0.557437228125
2 1 0.9084603000000001 0.5890625 0.9220314921874999 0.5890625 0.9525276343750001 1 0.9369792078125 1 0.9084603000000001
4 0.65234375 0.734375 0.1265625 0.53125