4 0.25234375 0.24609375 0.1640625 0.4859375
2 0 0.4890625 0.0273238734375 0.4890625 0.123209353125 0.4569152109375 0.12112204374999999 0.4377965 0 0.47799722187500004 0 0.4890625
3 0.1453748140625 0.4310455109375 0.16058790625 0.43505225000000003 0.1758009984375 0.15958885312499999 0.16058790625 0.1565837984375 0.1453748140625 0.4310455109375
3 0.321170546875 0.3939831625 0.329058815625 0.39598653281249996 0.33300295156250004 0.28479948906249997 0.3245512328125 0.2817944328125 0.321170546875 0.3939831625
3 0.6578125 0.29453125 0.0234375 0.1390625
3 0.7671875 0.20078125 0.01640625 0.10703125
4 0.66584783125 0 0.6447336703125 0.4890625 0.7730052390625 0.4890625 0.77275813125 0 0.66584783125 0
2 0.9165968187499999 0.4890625 0.78770558125 0.4171476828125 0.7881291953125 0.4391469 0.8747385671875 0.4890625 0.9165968187499999 0.4890625
2 1 0.1301596984375 0.7881635124999999 0.051616240625 0.7882986578125 0.074103475 1 0.1565088140625 1 0.1301596984375
2 1 0.3221263296875 0.7986838171875 0.24010516875 0.7983401015625 0.2670854796875 0.7969771156250001 0.2681737265625 1 0.346354640625 1 0.3221263296875
2 0.8193024250000001 0 0.8192836890624999 0.01984050625 1 0.0839470625 1 0.059870728124999995 0.8207585859375 0 0.8193024250000001 0
2 0.459375 0.4187467296875 0.5882681921875 0.445898946875 0.6428481625 0.45129076562500003 0.6408116875000001 0.4227593234375 0.6405533562500001 0.4227593234375 0.459375 0.3867284125 0.459375 0.4187467296875
2 0.459375 0.3443523421875 0.6381076203125 0.361929959375 0.6389976703125 0.3386525546875 0.459375 0.31801534375 0.459375 0.3443523421875
4 0.034375 0.74453125 0.06875 0.5109375
3 0.05390625 0.84609375 0.02109375 0.2625
0 0.6140625 0.73828125 0.309375 0.1140625