4 0.2296875 0.27890625 0.459375 0.5015625
3 0.4359375 0.33203125 0.046875 0.0953125
3 0.2188255046875 0.2832541140625 0.1371535421875 0.336185378125 0.1432723484375 0.3546770265625 0.2249568 0.302068965625 0.2188255046875 0.2832541140625
3 0.039198537500000005 0.275795775 0.0332268390625 0.291353925 0.11556078125 0.3559402328125 0.12101482968749999 0.337655828125 0.039198537500000005 0.275795775
4 0.7546875 0.26484375 0.1 0.5296875
3 0.9336012765625 0 0.9542323859374999 0.07227630625 0.9646435953125 0.06610669999999999 0.9463129531250001 0 0.9336012765625 0
3 0.97776173125 0 0.9516295843750001 0.069191503125 0.96204079375 0.083073115625 0.992544203125 0 0.97776173125 0
3 1 0.389352946875 0.9845984140624999 0.4193166203125 0.9950096234375 0.4378254375 1 0.42780361093749997 1 0.389352946875
3 0.9854660140625 0.43011342968750005 0.9984800265625001 0.4193166203125 0.9629083937499999 0.29283970625 0.9533647859375 0.30209411406250003 0.9854660140625 0.43011342968750005
0 0 0.5296875 0 0.6114824390625 0.252038734375 0.69840804375 0.4480882515625 0.5296875 0 0.5296875
4 0.5703125 0.76484375 0.221875 0.4703125
3 0.8012074218749999 0.8092917703125 0.5942351828125 0.9223887515625 0.6505263453125 0.9648196046875 0.862281203125 0.8500066703125 0.8012074218749999 0.8092917703125
2 0.459375 1 0.5323950671875 1 0.617986078125 0.9653655984375 0.59557376875 0.93022774375 0.459375 0.9898492453125 0.459375 1
4 0.7328125 0.60703125 0.05625 0.1546875
4 0.91171875 0.6328125 0.0484375 0.20625