3 0.26875 0.19453125 0.03828125 0.10234375
3 0.001995121875 0.2245297140625 0.0055110359375000004 0.24223950625000001 0.07875925781250001 0.1776508515625 0.0717274296875 0.1568158015625 0.001995121875 0.2245297140625
4 0.14609375 0.259375 0.2921875 0.51875
3 0.7301084281250001 0.0326188984375 0.728987825 0.0316218171875 0.7945440749999999 0.1742032296875 0.8113533703125 0.15525886093750002 0.7457971203125 0.01367450625 0.7301084281250001 0.0326188984375
3 0.880563725 0.0332774671875 0.8634621843750001 0.0116803671875 0.78726003125 0.160244240625 0.8040693250000001 0.1861681046875 0.880563725 0.0332774671875
3 0.8437591453125 0.51875 0.7934234218749999 0.40145260625 0.7805363125 0.42139407812499996 0.7788553828125 0.41740580156249996 0.8205957796875 0.51875 0.8437591453125 0.51875
3 0.8950341125 0.51875 0.9340612234375001 0.4542974828125 0.9346214984374999 0.453300425 0.9211740625000001 0.43734722968749995 0.8679302921875 0.51875 0.8950341125 0.51875
4 0.29609375 0.759375 0.3453125 0.48125
3 0.1453125 0.76484375 0.03359375 0.165625
3 0.39485643125 0.8162864375 0.4018878671875 0.7974202609375001 0.3325429703125 0.7171053015625001 0.32667338125 0.7334315109375 0.39485643125 0.8162864375
3 0.46875 0.7316341796875 0.4152755109375 0.7978108953125 0.42222207031250003 0.8112450625000001 0.46875 0.7542983921874999 0.46875 0.7316341796875
4 0.9328125 0.759375 0.134375 0.48125
3 0.89375 0.68125 0.02265625 0.12578125