4 0.4390625 0 0 0 0 0.0435270734375 0.056829584375 0.054597464062500004 0.12183765312499999 0.4 0.1789105 0.4 0.1051987375 0.047678846875 0.4390625 0.059572387500000004 0.4390625 0
3 0.2688624296875 0.05645694531249999 0.268638965625 0.056371237500000004 0.268054121875 0.2256013234375 0.2816975984375 0.22765046406249997 0.2827965828125 0.0567358375 0.2688624296875 0.05645694531249999
2 0.290928078125 0.4 0.2908495640625 0.3706063234375 0.2927941703125 0.0566400375 0.288779246875 0.056388612500000004 0.283519909375 0.4 0.290928078125 0.4
2 0.255175315625 0.4 0.25571118125000003 0.390311296875 0.26189213125 0.2641626953125 0.2589435703125 0.2640647171875 0.2519421296875 0.4 0.255175315625 0.4
2 0.25814102656250004 0.4 0.2624162375 0.308463621875 0.259300175 0.30831649687499996 0.25943734375 0.3084339875 0.255239121875 0.4 0.25814102656250004 0.4
2 0.0622237734375 0.4 0.097237246875 0.2634931328125 0.09355405 0.2614483109375 0.09355405 0.2612922375 0.058121596875 0.4 0.0622237734375 0.4
2 0 0.17262621875 0.06486718281250001 0.1202443859375 0.05706055 0.110319125 0 0.1559916359375 0 0.17262621875
2 0 0.20151642343749998 0.068852325 0.1394248203125 0.0643777015625 0.13216000625 0 0.1887985375 0 0.20151642343749998
2 0 0.22855354062500002 0.07362181718750001 0.1543834796875 0.0680060546875 0.148551725 0 0.216316071875 0 0.22855354062500002
2 0 0.24711772187499997 0.07501506875 0.1703262609375 0.070845634375 0.1635855765625 0 0.2352896546875 0 0.24711772187499997
1 0.721875 0.178125 0.22578125 0.159375
3 0.71953125 0.19609375 0.5609375 0.3921875
1 0.30859375 0.4828125 0.04609375 0.025
3 0.3203125 0.6125 0.171875 0.425
4 0.140625 0.7 0.28125 0.6
1 0.88359375 0.5515625 0.01796875 0.0171875
3 0.890625 0.6015625 0.071875 0.27265625
4 0.91328125 0.7 0.1734375 0.6