3 0.50546875 0.0609375 0.00859375 0.059375
3 0.61171875 0.096875 0.01328125 0.0640625
4 0.5105230640625 0 0.5 0.232270496875 0.5 0.4890625 0.6273045515625 0.4890625 0.610385384375 0 0.5105230640625 0
4 0.2703125 0.80625 0.459375 0.115625
2 0.3965511046875 1 0.39705511875 0.8780447859375 0.38787845 0.877953115625 0.3873537828125 1 0.3965511046875 1
2 0.4178808328125 1 0.4189675140625 0.8804137359374999 0.4113460203125 0.87918825 0.40992063125 1 0.4178808328125 1
2 0.24201784062499998 1 0.2701514078125 0.8732369828125 0.2607793421875 0.869853128125 0.2605754328125 0.8665234765625 0.22763807187500001 1 0.24201784062499998 1
2 0.38896865625 0.4890625 0.3844070421875 0.7438938828125 0.3984931140625 0.7460973359375 0.401999196875 0.4890625 0.38896865625 0.4890625
2 0.41255961250000006 0.4890625 0.410342715625 0.7438464390625 0.41891704687500003 0.7458680015625 0.42099150625000004 0.4890625 0.41255961250000006 0.4890625
2 0.07059981562499999 1 0.0673362609375 0.8769433093749999 0.0512108203125 0.8774149453125 0.0517880109375 0.8775591953124999 0.055958704687500006 1 0.07059981562499999 1
2 0.10604790156249999 1 0.102967196875 0.8777383515625001 0.08743242343749999 0.8774149453125 0.0912679296875 1 0.10604790156249999 1
2 0.1257640078125 1 0.12233677968750001 0.8807910890624999 0.115126559375 0.8802082171875 0.1180560375 1 0.1257640078125 1
2 0.1387800046875 1 0.1357261671875 0.8786133625 0.128247753125 0.8779196359375 0.1310222 1 0.1387800046875 1
2 0.1520803328125 1 0.14884259375 0.880646265625 0.1419792359375 0.8802082171875 0.1447399046875 1 0.1520803328125 1
2 0.0647983546875 0.4890625 0.046518732812500005 0.743567640625 0.061629703125000004 0.744555165625 0.0775509265625 0.4890625 0.0647983546875 0.4890625
2 0.1028960203125 0.4890625 0.087495659375 0.7422392890625 0.099390621875 0.7456563 0.11605411562500001 0.4890625 0.1028960203125 0.4890625
2 0.13042101875 0.4890625 0.1161715515625 0.745746959375 0.1162007265625 0.745746959375 0.12149890468749999 0.7458848734375 0.1363888234375 0.4890625 0.13042101875 0.4890625
2 0.14258479531249998 0.4890625 0.1291709203125 0.7421809749999999 0.1291709203125 0.7424557484375001 0.13523453593749998 0.7441816671874999 0.1495480515625 0.4890625 0.14258479531249998 0.4890625
2 0.15411168125000002 0.4890625 0.140206215625 0.7394172328125 0.14871989375 0.7443631515625 0.16188234375 0.4890625 0.15411168125000002 0.4890625
3 0.75546875 0.85234375 0.0390625 0.209375