4 0.25546875 0.40625 0.3671875 0.2875
3 0.45859375 0.0421875 0.0390625 0.084375
3 0.1578125 0.571875 0.009375 0.04375
3 0.2828125 0.6140625 0.0140625 0.0921875
3 0.28203125 0.815625 0.01015625 0.0765625
3 0.14921875 0.721875 0.009375 0.0703125
4 0.16279931406249998 0.55 0.13143069062499999 1 0.272070290625 1 0.2711758984375 0.55 0.16279931406249998 0.55
2 0.08172659374999999 1 0.1551521375 0.9471552921875 0.155382978125 0.9360074828125 0.066836334375 1 0.08172659374999999 1
2 0 0.8365354 0.1498779015625 0.7523257390625 0.148072096875 0.74313373125 0 0.8254422359374999 0 0.8365354
2 0 0.806279271875 0.1722094 0.714573309375 0.16788335625 0.705207278125 0 0.7948016921875001 0 0.806279271875
2 0 0.6647572375 0.15606088437500001 0.5952330328125 0.15476205 0.585498178125 0 0.6536287921875 0 0.6647572375
2 0.4390625 0.8169850562500001 0.2863015890625 0.842868028125 0.28422686875 0.8550926875 0.4390625 0.8271615656249999 0.4390625 0.8169850562500001
1 0.5015625 0.58515625 0.025 0.01796875
3 0.5296875 0.5890625 0.18125 0.078125
4 0.771875 0.775 0.45625 0.45