4 0.56875 0.16953125 0.121875 0.3390625
4 0.13359375 0.16953125 0.2671875 0.3390625
3 0.55390625 0.1828125 0.028125 0.16328125
3 0.23515625 0.15234375 0.009375 0.12109375
3 0 0.1955150171875 0.0114903890625 0.2921684234375 0.018982121875 0.2891581578125 0.006293471875 0.16273111406250002 0 0.1651260875 0 0.1955150171875
0 0.6296875 0.3390625 1 0.3390625 1 0.2157209625 0.6296875 0.2878682359375 0.6296875 0.3390625
4 0.60390625 0.76328125 0.0515625 0.4734375
3 0.40382473281250003 0.4462489734375 0.39510190624999997 0.45560219843750005 0.42326711093749997 0.5474237625 0.43041671875 0.5388431859375 0.40382473281250003 0.4462489734375
3 0.431004071875 0.5478656281250001 0.45805844218749997 0.4559008890625 0.450292321875 0.45028500468750005 0.4218535734375 0.5435728703125 0.431004071875 0.5478656281250001
3 0.36661733750000003 0.7710297749999999 0.35958853281250003 0.7802768546875 0.3936231078125 0.8592645796875 0.4003519875 0.8517701515624999 0.36661733750000003 0.7710297749999999
3 0.428133953125 0.7531132515625 0.42034006249999994 0.7462951984374999 0.3929066203125 0.8483463125 0.4002700625 0.8568158078125 0.428133953125 0.7531132515625
3 0.5921875 0.9296875 0.00703125 0.046875
3 0.59921875 0.7953125 0.00859375 0.0484375
3 0.60703125 0.66484375 0.009375 0.05234375
0 0.6296875 0.713210053125 0.9480690515625 0.526668940625 0.9469801109375 0.41489016875000007 0.9448017312499999 0.41779351093750006 0.6296875 0.5105265234375 0.6296875 0.713210053125