4 0.30859375 0.3 0.2609375 0.6
3 0.2375 0.453125 0.02578125 0.23046875
3 0.43671875 0.16171875 0.0046875 0.1171875
3 0.36455488125 0.3137383734375 0.371679696875 0.316904959375 0.401069565625 0.1949914328125 0.3926088453125 0.1886582625 0.36455488125 0.3137383734375
3 0.3436257328125 0.250406671875 0.3356103140625 0.2606980734375 0.357875365625 0.332737884375 0.36455488125 0.3232381296875 0.3436257328125 0.250406671875
0 1 0.33659498593750004 0.8329450625 0.2730756359375 0.4390625 0.48808075000000006 0.4390625 0.489652653125 0.44771706875 0.6 0.9767764796874999 0.6 1 0.598891771875 1 0.33659498593750004
4 0.3703125 0.8 0.090625 0.4
3 0.15840478125 0.781781525 0.16499783437499999 0.7724047390625 0.1373070125 0.7161440203125 0.1313732640625 0.7255208062499999 0.15840478125 0.781781525
3 0.152471034375 0.7782652296875 0.1590640875 0.7829536234375001 0.1880735203125 0.7161440203125 0.1808211609375 0.70911143125 0.152471034375 0.7782652296875
3 1 0.6 0.8338713640625001 0.6 0.7365173984375 0.671879740625 0.8062446671875 0.755061171875 1 0.603448371875 1 0.6
4 0.68515625 0.8 0.3078125 0.4