0 0.11791915 0 0.11379007968749999 0.09145608125 0.1733866859375 0.08833876406249999 0.176330278125 0 0.11791915 0
3 0.56484375 0.19140625 0.0296875 0.2765625
4 0.4796875 0.725 0.06875 0.55
4 0.2234375 0.4578125 0.084375 0.25625
4 0.37109375 0.38203125 0.0296875 0.1046875
4 0.85546875 0.66484375 0.1171875 0.6703125
4 0.64296875 0.4375 0.1046875 0.215625
2 0.55 0.9719240625000001 0.773641071875 0.8978232625 0.7732241249999999 0.8632300703125001 0.55 0.943946228125 0.55 0.9719240625000001
2 0.55 1 0.617591325 1 0.78349635625 0.947451646875 0.783074109375 0.9079493249999999 0.7179536484375 0.9292504890625001 0.55 0.988573309375 0.55 1
2 1 0.94553039375 0.9488182125 0.9145011125 0.9416241218750001 0.9357488828125 0.9417972609374999 0.93792234375 1 0.9707526187500001 1 0.94553039375
2 1 1 1 0.9905484234374999 0.9475956406249999 0.9597605921875001 0.940415684375 0.9794316609374999 0.94036445 0.9817621625000001 0.973104365625 1 1 1
3 0.84140625 0.60546875 0.021875 0.31484375