3 0.12890625 0.203125 0.0390625 0.40625
4 0.1875 0.26484375 0.125 0.5296875
4 0.71015625 0.39765625 0.0828125 0.2640625
3 0.912562546875 0.278836028125 0.9088393796875 0.2842515421875 0.932870728125 0.33539807499999996 0.9386247125 0.3281773875 0.912562546875 0.278836028125
3 0.96299453125 0.2914722296875 0.958594425 0.2842515421875 0.9308399093750002 0.3257704921875 0.9355784859374999 0.33178773125 0.96299453125 0.2914722296875
3 0.9315168500000001 0.41783425 0.9277936828125 0.4244532125 0.9508096218750002 0.474998021875 0.9565636062500001 0.47078595468750006 0.9315168500000001 0.41783425
3 0.9775487281250002 0.42625838437499997 0.9518250312500001 0.4701842296875 0.957240546875 0.47860836406249996 0.9846565921875001 0.43528424374999997 0.9775487281250002 0.42625838437499997
3 0.3984375 0.9484375 0.025 0.103125
4 0.27890625 0.76484375 0.2796875 0.4703125
3 0.15859375 0.590625 0.0234375 0.121875
4 0.803125 0.76484375 0.1375 0.4703125