4 0.50234375 0.69296875 0.08046875 0.61328125
4 0.2921875 0.33125 0.0984375 0.43515625
4 0.4421875 0.32421875 0.03359375 0.1671875
2 0.38534415 1 0.4956978625 0.9640484624999999 0.5728777828125 0.9989595734375 0.7170823234375 1 0.5038220875 0.883391684375 0.1954943859375 0.9973294609375 0.38534415 1
2 0 0.9231181390625001 0.5024680499999999 0.7401356359375 0.50314505 0.7256896375 0.1394515015625 0.85437949375 0 0.8978376828125001 0 0.9231181390625001
2 0 0.961640790625 0.47261704687500006 0.7906965968749999 0.47464812187499994 0.777454434375 0 0.946430609375 0 0.961640790625
2 0.91885369375 1 0.5317516953125 0.776406784375 0.530923090625 0.79671574375 0.8843258640625 1 0.91885369375 1
2 0.532954128125 0.75337778125 0.9682758984375001 1 0.9874047171875 0.9973294609375 0.532954128125 0.7401356359375 0.532954128125 0.75337778125
2 0 0.49467046249999996 0.307203140625 0.23705034375 0.2543958234375 0.2057507078125 0 0.3865432375 0 0.49467046249999996
2 0 0.5933352375000001 0.5055690359375 0.4091488984375 0.5103081859375 0.3983144078125 0.0011717734375 0.574977284375 0 0.5933352375000001
2 0 0.6438961828124999 0.4940597359375 0.4573021703125 0.49609081093749996 0.44646767968749995 0 0.6247931828125 0 0.6438961828124999
2 1 0.7089031265625 0.5171318125 0.45693526562500003 0.5156771859375 0.47054433281249997 1 0.7197376171875 1 0.7089031265625
2 0.5116150734375 0.412760371875 0.9997441984375 0.664361328125 1 0.64510001875 0.5134768421875 0.39845573437500004 0.5116150734375 0.412760371875
4 0.46484375 0.35 0.0203125 0.09140625
2 0.3097248859375 0.24422385000000002 0.4363270484375 0.3176576296875 0.4370040484375 0.2996001390625 0.3112351265625 0.22085122968749998 0.3097248859375 0.24422385000000002
2 0.4749583796875 0.34173428281249996 0.998969390625 0.6065774 1 0.582500746875 0.478302065625 0.3140461375 0.4749583796875 0.34173428281249996