4 0.33515625 0.2578125 0.3890625 0.421875
3 0.17741480625 0.2662365109375 0.16299112031250002 0.2687057296875 0.17288105 0.39999492812500004 0.186104103125 0.397883359375 0.17741480625 0.2662365109375
1 0.70546875 0.3453125 0.0296875 0.0515625
3 0.7078125 0.234375 0.109375 0.46875
1 0.71328125 0.1203125 0.0234375 0.03046875
4 0.30703125 0.753125 0.05703125 0.30234375
3 0.41316947812500004 0.5834944953125 0.409086628125 0.5888224734375 0.42391626718750003 0.6176109109375 0.4282977640625 0.6110135781249999 0.41316947812500004 0.5834944953125
3 0.438071840625 0.5780268078125 0.4178495921875 0.611613328125 0.425601475 0.6194101875 0.444138515625 0.5846241671875 0.443127403125 0.5846241671875 0.438071840625 0.5780268078125
3 0.4158273671875 0.65179718125 0.43301627812500004 0.6835844234375 0.4387459359375 0.6769870640625 0.42357924999999996 0.65119743125 0.4225681375 0.649398153125 0.4158273671875 0.65179718125
3 0.44845060468750003 0.6465143453125 0.4289718296875 0.6787863421875 0.43335332656250003 0.6859834515625 0.453238528125 0.6535964578125 0.44845060468750003 0.6465143453125
0 1 0.46875 0.558073146875 0.46875 0.5614681671875 0.51933554375 1 0.64780216875 1 0.46875