3 0.0609375 0.275 0.046875 0.06875
4 0.20859375 0.1546875 0.3390625 0.309375
3 0.371875 0.07265625 0.009375 0.09921875
3 0.264136075 0.2154750125 0.272004265625 0.221438525 0.30402083125 0.1205367140625 0.2961780578125 0.1125191796875 0.264136075 0.2154750125
3 0.2154919390625 0.1906665265625 0.2571174796875 0.2371490609375 0.26167047656250003 0.22644897187500002 0.22108478593749997 0.1800842015625 0.2154919390625 0.1906665265625
1 0.75234375 0.12421875 0.05 0.04453125
3 0.7453125 0.1546875 0.125 0.309375
4 0.41171875 0.46171875 0.02890625 0.19296875
3 0.5002156249999999 0.3645504609375 0.49832895625000007 0.3645504609375 0.5241134609375 0.4126721921875 0.53291789375 0.40483843593749996 0.507762296875 0.355597559375 0.5002156249999999 0.3645504609375
3 0.5550575 0.3673839765625 0.5448668109375 0.3567167046875 0.5165667875 0.4070766734375 0.5234845515625 0.4182677609375 0.5550575 0.3673839765625
3 0.5586395609375 0.4695180921875 0.5357174031249999 0.5169829406249999 0.5403018281249999 0.52365768125 0.5636407640625001 0.4791594078125 0.5657246234375 0.47841774687500005 0.5586395609375 0.4695180921875
3 0.5132119890625 0.479901034375 0.51487903125 0.4806426609375 0.544469509375 0.5288491359374999 0.5494707125 0.5206911078124999 0.5211305359375 0.467293178125 0.5132119890625 0.479901034375
4 0.60625 0.80078125 0.053125 0.3984375