4 0.10234375 0.19453125 0.2046875 0.3890625
3 0.159375 0.15546875 0.0375 0.3109375
1 0.825 0.03671875 0.03828125 0.06015625
1 0.82109375 0.1015625 0.03515625 0.04609375
1 0.81953125 0.14609375 0.03203125 0.05859375
1 0.81796875 0.196875 0.0359375 0.0609375
3 0.82421875 0.16328125 0.0890625 0.3265625
0 0 0.8769691859375002 0.224120225 0.8484331328125 0.09234135624999999 0.6132621796875 0 0.6097395515625 0 0.8769691859375002
3 0.82265625 0.4578125 0.01953125 0.109375
3 0.809375 0.7125 0.01953125 0.11171875
3 0.91796875 0.42265625 0.0203125 0.0671875
3 0.9125 0.58515625 0.01796875 0.08515625
4 0.8258488671875 0.3890625 0.7886765687499999 1 0.9152492171875 1 0.9188548796875 0.3890625 0.8258488671875 0.3890625
2 1 0.866959128125 0.9366754953124999 0.826142896875 0.93287284375 0.8277295515624999 0.9287861156249999 0.8710059015624999 1 0.9154729421875001 1 0.866959128125
2 0.3390625 0.6627048171875 0.785524378125 0.7856349609375 0.7891053171875 0.7368775359375 0.3390625 0.6273859921875 0.3390625 0.6627048171875
2 0.3390625 0.544428221875 0.7965575328125001 0.6275518218749999 0.7977735609375001 0.5806844734375 0.7973201953125 0.5829600203125 0.3390625 0.50605000625 0.3390625 0.544428221875
2 0.3390625 0.486134121875 0.7983455578124999 0.5339150859374999 0.79810721875 0.4839795515625 0.8023792046875 0.482165040625 0.3390625 0.4365345703125 0.3390625 0.486134121875