4 0.115625 0.1609375 0.04765625 0.1828125
4 0.0265625 0.21796875 0.053125 0.23046875
3 0.4921875 0.4171875 0.0328125 0.2234375
4 0.9958830875 1 1 0.9228606234375001 0.796842275 0.9770080921875 0.697645321875 0.610624896875 0.7258064109375 0.40153638281250004 0.9939102515625 0.4985104546875 1 0.3187116765625 0.7080738249999999 0.2462718859375 0.635427575 0.036942503125 0.59651018125 0.03365958125 0.6120517609375 0.22843377656250002 0.4937274734375 0.2967237296875 0.6319177625 0.35654195624999996 0.668855678125 1 0.9958830875 1
2 0.46827425624999997 0.5198362484375 0.45755148125 0.504431515625 0.12989277500000002 0.9892477671875 0.14976605625 0.9954279515625 0.46827425624999997 0.5198362484375
2 0.48516414843750005 0.5741062625 0.47232469374999997 0.5584990078125001 0.20348009843749998 0.9900839859375001 0.22470352500000002 0.995326690625 0.48516414843750005 0.5741062625
2 0.511425228125 0.5852554359375 0.49867941250000003 0.5707032562500001 0.498400671875 0.5707032562500001 0.2553257125 0.9892477671875 0.26928230468750003 0.996515690625 0.511425228125 0.5852554359375
2 0.6289198765624999 0.390602740625 0.6205075953125 0.3702133546875 0.5195711000000001 0.45323101406250005 0.525873234375 0.47313369375000003 0.6289198765624999 0.390602740625
2 0.5202191171874999 0.5010973734374999 0.5281445296875 0.5187664578125 0.6308471015625 0.423035646875 0.622513215625 0.41163235625 0.5202191171874999 0.5010973734374999
2 0.632554384375 0.46730628750000003 0.6259996421875 0.4504414375 0.62591906875 0.45010172343750005 0.5206860609375 0.5460513875 0.5285669937499999 0.5684235281250001 0.632554384375 0.46730628750000003
2 0.5779251234375 0.0484790765625 0.560368675 0.020193271875 0.560049103125 0.019713914062499997 0.00383485625 0.4736046734375 0.0040270984374999996 0.503601934375 0.5779251234375 0.0484790765625
2 0.7983246984375 0.9560141906249999 0.797803128125 0.9560141906249999 0.8190693484375 0.971673528125 0.9179191734375 0.4830801828125 0.9020234984375 0.47649739375 0.7983246984375 0.9560141906249999
2 0.927660009375 0.492938859375 0.8574658984375001 0.9348294656249999 0.8808958203125 0.9461552859375001 0.9481254375000001 0.4965819296875 0.927660009375 0.492938859375
3 0.861006871875 0.6746106328125 0.86481678125 0.6088866421875 0.782355678125 0.4600251390625 0.7672586578125 0.4908976265625 0.861006871875 0.6746106328125