2 0.4796875 0.285601503125 0.1382332546875 0.42755610624999996 0.052107928125 0.5 0.25190032812499996 0.5 0.4796875 0.40726715156250004 0.4796875 0.285601503125
4 0.146875 0.303125 0.146875 0.39375
4 0.3984375 0.096875 0.09375 0.19375
3 0.21796875 0.459375 0.0171875 0.08125
3 0.11362637499999999 0.36704618437500003 0.10685416406249999 0.369824528125 0.12091952343750001 0.480958228125 0.1287336109375 0.478179884375 0.11362637499999999 0.36704618437500003
3 0.078125 0.3734375 0.00859375 0.1109375
3 0.12717079375 0.4855887984375 0.13342206406249998 0.4911454828125 0.1511339984375 0.3985340671875 0.144882728125 0.39297738125000004 0.12717079375 0.4855887984375
5 0.8856655859375 0.35985109375 0.917618784375 0.3930055515625 0.9122933109375001 0.33143297656250004 0.8838903484374999 0.30538302968750003 0.8767896374999999 0.27459674375 0.8590377406249999 0.250914965625 0.8315696234375001 0.2114109890625 0.8111078828125 0.2414422859375 0.832410015625 0.2722285734375 0.8466115562500001 0.30538302968750003 0.8466115562500001 0.32906480781249997 0.8537122671875 0.352746584375 0.8306348984374999 0.3787965328125 0.864363334375 0.3787965328125 0.8856655859375 0.35985109375
3 0.81796875 0.20390625 0.07734375 0.140625
1 0.16484375 0.61484375 0.02109375 0.03359375
3 0.21953125 0.59375 0.4390625 0.1625
1 0.48984375 0.59609375 0.0203125 0.0390625
3 0.55078125 0.73046875 0.1421875 0.4609375