4 0.221875 0.22421875 0.39375 0.3515625
3 0.0609375 0.328125 0.05 0.14375
4 0.625587928125 0 0.5941146921875 0.4 0.692148128125 0.4 0.68825015 0 0.625587928125 0
3 0.6078125 0.2953125 0.01171875 0.0671875
3 0.684375 0.08984375 0.0109375 0.06484375
3 0.6171875 0.11953125 0.01171875 0.07421875
3 0.68125 0.2265625 0.01015625 0.065625
1 0.1921875 0.67421875 0.046875 0.0125
3 0.20234375 0.628125 0.0953125 0.33828125
2 0.41875 0.877279103125 0 0.6679709703125 0 0.7149452234375 0.41875 0.9204776390625 0.41875 0.877279103125
0 0.81328125 0.703125 0.3734375 0.115625