3 0.3828125 0.42578125 0.04453125 0.17421875
4 0.2015625 0.32890625 0.403125 0.4609375
3 0.0885677546875 0.47097752187499997 0.09490169062500001 0.44916063125 0.024832525 0.3731534015625 0.01929033125 0.390043896875 0.0885677546875 0.47097752187499997
3 0.187535503125 0.390043896875 0.1812015671875 0.3766722546875 0.110340659375 0.4519757140625 0.116278725 0.46886620937499995 0.187535503125 0.390043896875
1 0.7703125 0.11015625 0.021875 0.01875
3 0.85703125 0.0625 0.2390625 0.05078125
3 0.88515625 0.18359375 0.2296875 0.0609375
4 0.66171875 0.2890625 0.2640625 0.540625
3 0.85234375 0.11640625 0.23203125 0.04921875
3 0.8828125 0.24609375 0.234375 0.0609375
1 0.971875 0.18828125 0.0328125 0.028125
4 0.10546875 0.7796875 0.2109375 0.440625
3 0.2046875 0.57890625 0.009375 0.0390625
3 0.09694857500000001 0.6920375125 0.104816765625 0.698001025 0.13683333125 0.5970992140625 0.1289905578125 0.5890816796875 0.09694857500000001 0.6920375125
3 0.048304439062499996 0.6672290265624999 0.0899299796875 0.7137115609375 0.0944829765625 0.703011471875 0.0538972859375 0.6566467015625 0.048304439062499996 0.6672290265624999