4 0.39765625 0.31875 0.4234375 0.621875
3 0.21953125 0.2859375 0.04765625 0.13125
3 0.44964261250000004 0.34928349375 0.459074215625 0.3282592375 0.39083804375 0.241365825 0.3826181609375 0.263146059375 0.44964261250000004 0.34928349375
3 0.5302726015625 0.246389775 0.46785351249999996 0.3178663765625 0.4741433125 0.3366043515625 0.5379475203124999 0.264239659375 0.5302726015625 0.246389775
0 1 0.2746584546875 0.842848265625 0.26773891562499996 0.609375 0.3596855796875 0.609375 0.468743165625 0.9680926187499999 0.466618071875 1 0.45507136406250004 1 0.2746584546875
2 0.0837360375 0.6296875 0.609375 0.9441787890625001 0.609375 0.918418975 0.1335878578125 0.6296875 0.0837360375 0.6296875
3 0.16953125 0.9421875 0.0265625 0.115625
1 0.93203125 0.68515625 0.0921875 0.1109375
1 0.8390625 0.69609375 0.08125 0.1328125
1 0.77109375 0.7234375 0.0734375 0.1875
3 0.8046875 0.81484375 0.390625 0.3703125