4 0.0745401875 0 0.1178416828125 0.0945337875 0 0.1836356015625 0 0.23435611875 0.2110755609375 0.34474065 0.25995629062500003 0.6390625 0.4390625 0.6390625 0.4390625 0.092979153125 0.2764367171875 0.104639771875 0.196787940625 0 0.0745401875 0
3 0 0.4193092921875 0.0272525296875 0.419913915625 0.0092590265625 0.26254414531250003 0 0.2638777734375 0 0.4193092921875
2 0 0.598238775 0.031044678125000003 0.4683452703125 0.0217955484375 0.4585574671875 0.02206513125 0.45536407656250005 0 0.5483382640625 0 0.598238775
2 0 0.6390625 0.0068825328125 0.6390625 0.0461291484375 0.4668375 0.037116034375 0.462385771875 0.0375142375 0.45740891718750004 0 0.6221522125 0 0.6390625
3 0.4390625 0.34137095 0.397081534375 0.38216893125 0.40328216250000004 0.4017798375 0.4390625 0.3677596328125 0.4390625 0.34137095
3 0.2844521875 0.2994665421875 0.277994278125 0.31586476874999997 0.36808864531249996 0.39785590625 0.3749761796875 0.3783106546875 0.2844521875 0.2994665421875
4 0.621653034375 0 0.589918671875 0.6390625 0.7418712640624999 0.6390625 0.7538427296875 0 0.621653034375 0
3 0.60859375 0.56953125 0.0234375 0.1390625
3 0.62421875 0.26953125 0.021875 0.13984375
3 0.73125 0.1609375 0.01953125 0.11171875
4 0.23203125 0.81953125 0.1453125 0.3609375
2 0.4390625 1 0.4390625 0.9926235421874999 0.325067784375 0.9627087187499999 0.32583865 0.9634608234375 0.32533212968749997 0.9802271484375 0.40272018125000003 1 0.4390625 1