4 0.23984375 0.50625 0.4796875 0.146875
1 0.740625 0.465625 0.0125 0.02109375
3 0.73828125 0.4640625 0.0546875 0.23125
3 0.940625 0.2828125 0.0328125 0.1640625
4 0.84140625 0.28984375 0.2796875 0.5796875
2 1 0.359441396875 0.898153878125 0.334046184375 0.4796875 0.3125130671875 0.4796875 0.3437956109375 0.48472669531249996 0.356666021875 0.9305493 0.3710604125 1 0.3913034453125 1 0.359441396875
4 0.176891465625 0.5796875 0.17717709375 1 0.23815780156250002 1 0.225947028125 0.5796875 0.176891465625 0.5796875
2 0.4796875 0.9702842828125 0.247897384375 0.8974048296875001 0.2466719328125 0.91755463125 0.4796875 0.99454221875 0.4796875 0.9702842828125
2 0 0.90623144375 0.16830798281249998 0.9043068968749999 0.16881989375 0.884065084375 0 0.8838343765625 0 0.90623144375
2 0 0.8402331578125001 0.09653129375 0.83999910625 0.08769693125 0.8154445453125 0 0.8177832781250001 0 0.8402331578125001
4 0.69140625 0.77578125 0.0328125 0.184375
4 0.61875 0.7484375 0.0140625 0.1078125
3 0.8305409953125 0.5796875 0.85103279375 0.620380559375 0.8564938328125 0.6124847625000001 0.8395377015625 0.5796875 0.8305409953125 0.5796875
3 0.8645684687500002 0.5796875 0.8445478125000001 0.6191658390625 0.8489849078124999 0.6258468875000001 0.8755648656249999 0.5796875 0.8645684687500002 0.5796875
3 0.8121363109375 0.6817739390625001 0.8073445765624999 0.6884059828125 0.8305539375000001 0.7333513203125 0.8360149765625 0.7248481640625 0.8121363109375 0.6817739390625001
3 0.8506914703125 0.68293965625 0.8247516046874999 0.72788499375 0.8298713203125001 0.7351734296875 0.8564938328125 0.689620703125 0.8568351265625 0.689620703125 0.8506914703125 0.68293965625
3 0.820997128125 0.7983398859374999 0.8455717546875 0.8469294703125 0.8496675265625001 0.8384262859374999 0.8261168421875 0.7922661984375 0.8257755484375 0.79105145 0.820997128125 0.7983398859374999
3 0.8636614328124999 0.79469566875 0.8370389187499999 0.839641034375 0.8428412515625 0.8487515796875 0.8691224406250001 0.8050209625000001 0.8701463828125 0.8062356828125001 0.8636614328124999 0.79469566875