3 0.3125 0.3140625 0.0328125 0.2234375
2 0.4390625 0.26853393125 0.3398836 0.35010601406249997 0.346185734375 0.37000869375 0.4390625 0.2956228828125 0.4390625 0.26853393125
2 0.4390625 0.31179861249999996 0.3405316171875 0.39797237343749997 0.3484570296875 0.4156414578125 0.4390625 0.3311865609375 0.4390625 0.31179861249999996
2 0.4390625 0.3535133578125 0.34099856093750003 0.4429263875 0.34887949375 0.46529852812500005 0.4390625 0.37760465781249997 0.4390625 0.3535133578125
2 0.278146625 0 0 0.2269776140625 0 0.2611715859375 0.3293305421875 0 0.278146625 0
1 0.94140625 0.41484375 0.009375 0.0359375
1 0.93984375 0.3390625 0.01015625 0.03515625
3 0.93828125 0.30390625 0.0390625 0.3921875
3 0.634375 0.4515625 0.034375 0.096875
4 0.78046875 0.25 0.3484375 0.5
0 0.21953125 0.81875 0.4390625 0.128125
4 0.68125 0.8953125 0.025 0.209375
4 0.5875 0.8484375 0.01875 0.13125