3 0.47997951250000004 0.5064111828125 0.510445246875 0.5371089015625 0.5327868125 0.3601455609375 0.5024886546875 0.34914558906250004 0.47997951250000004 0.5064111828125
3 0.10829727812500001 0.32583633437500004 0.138763040625 0.31861331875 0.1225146453125 0.172347696875 0.094959415625 0.17695585625000002 0.10829727812500001 0.32583633437500004
3 0.7001089296874999 0.10939887968749999 0.6945235390625 0.15002822031250002 0.7006166796875 0.1572512109375 0.7067450578125001 0.112032184375 0.7001089296874999 0.10939887968749999
3 0.8108011984375001 0.17801730625 0.8189253671875001 0.1753087 0.8186785375 0.1299009296875 0.8102933921875 0.131067853125 0.8108011984375001 0.17801730625
2 0.2285201421875 0.993405575 0.23964076875 1 0.48395355 0.5222336734375 0.475327915625 0.5081913124999999 0.2285201421875 0.993405575
2 0.283517028125 0.9927022031250001 0.28373281875 0.9927022031250001 0.3049588171875 1 0.5091152296875 0.57207886875 0.499012321875 0.5561917078125 0.283517028125 0.9927022031250001
2 0.7180950703125 0.292598459375 0.712178203125 0.277489196875 0.534065240625 0.450085571875 0.54164675625 0.46637315468749996 0.7180950703125 0.292598459375
2 0.713651690625 0.31322063437500003 0.706934375 0.3057583109375 0.5260129546875 0.488239278125 0.5263254734375 0.488383096875 0.5316911546875 0.4989374890625 0.713651690625 0.31322063437500003
2 0.525348765625 0.518289975 0.52985631875 0.52762198125 0.7057139609374999 0.33251438125 0.7017654875 0.32619818125 0.525348765625 0.518289975
2 0.6888370078125 0.367606209375 0.6827095078125 0.3614540296875 0.5276954296875 0.53806816875 0.5283008062500001 0.5389171375 0.540203534375 0.556006684375 0.6888370078125 0.367606209375
2 0.22754530625 0.545924084375 0.22014968750000002 0.5314984046875 0.0044459515625 0.8467467515625 0.00352916875 0.8496327109375 0.010733446875 0.869124234375 0.22754530625 0.545924084375
2 0.21358927656249999 0.505781796875 0.20514917656249998 0.4895606578125 0.004312559375 0.7771838171875001 0.0078421046875 0.7989555390625 0.21358927656249999 0.505781796875
2 0.0040273203125 0.5223033546875 0 0.5519908421874999 0.16637885624999998 0.36440906093750003 0.15975959687500002 0.3398733375 0.0040273203125 0.5223033546875
2 0 0.4514411359375 0.1036709046875 0.3312504859375 0.0993695953125 0.31107617187500003 0.099141478125 0.30989425000000004 0 0.42163588281250003 0 0.4514411359375
2 0.104176975 0.37558893125 0.1008327640625 0.365045409375 0.0010527875 0.48067814062499997 0.001164815625 0.4808808703125 0.0006557640624999999 0.4984079765625 0.104176975 0.37558893125
2 0.114323815625 0.34385809843750004 0.1114698359375 0.33795299375 0.001298159375 0.46677720312500004 0.000996621875 0.4666084203125 0.00045240625 0.4771722609375 0.114323815625 0.34385809843750004
2 0.0966288703125 0.00277368125 0.0680997296875 0 0.0007355859375 0.0486178296875 0.0008643906249999999 0.049904674999999996 0.00114094375 0.0829872515625 0.0966288703125 0.00277368125
2 0.6929645546875001 0.10093320312500001 0.6929645546875001 0.0757116046875 0.45078001093750003 0.013132156249999999 0.4490866359375 0.014162531249999999 0.44472780156249997 0.043892621874999996 0.6929645546875001 0.10093320312500001
4 0.14962851093750001 0.13501921249999999 0.10248470312499999 0.1767051796875 0.17207145625 0.213634253125 0.1916233171875 0.330837234375 0.26378848125 0.8760738015625 0.3473193 0.96694884375 0.40648332812500004 0.8727290171875 0.3830247875 0.29732476406249997 0.522615278125 0.34092780624999997 0.399422996875 0.19568331562500002 0.4337731984375 0.012021171875 0.418088465625 0.0025513281249999998 0.329870209375 0.187647121875 0.224972715625 0.154986078125 0.1507219203125 0.005594425 0.11914232031250001 0.005660125 0.14962851093750001 0.13501921249999999
4 0.703041034375 0.10494862812500001 0.7264415203125 0.1199498671875 0.7308770046874999 0.2556146625 0.691980165625 0.44566506562499997 0.750611121875 0.44913110468750006 0.7593831875 0.262464321875 0.78612570625 0.1610481 0.793239134375 0.12458040781249999 0.8176342109375 0.1309467484375 0.8011618140625 0.104426803125 0.8079015203125 0.0791262765625 0.7879789781250001 0.10734355625 0.7331904781249999 0.10186707187499999 0.723460871875 0.07574261875 0.7222057546875 0.0765347453125 0.7252122015625 0.10169130312500001 0.703041034375 0.10494862812500001