4 0.30859375 0.28984375 0.1640625 0.5796875
2 0.5269437609375001 0.5796875 0.3979994890625 0.495639565625 0.3967703625 0.497085965625 0.3967031171875 0.515917146875 0.491248265625 0.5796875 0.5269437609375001 0.5796875
2 0.56875 0.50083660625 0.399833503125 0.395092896875 0.3996378828125 0.395092896875 0.3972033265625 0.4184776875 0.56875 0.5248369453125 0.56875 0.50083660625
2 0 0.18372436718750002 0.14847386406250002 0.1141212671875 0.14494353124999998 0.09228812343750001 0 0.1585341125 0 0.18372436718750002
2 0 0.4436446078125 0.179459353125 0.3834777109375 0.17737204374999999 0.364359 0 0.42322924375 0 0.4436446078125
2 0 0.53781346875 0.19557050781250002 0.486572009375 0.1964064234375 0.47573442187500004 0 0.52817075625 0 0.53781346875
2 0 0.5246239265625 0.21355167343749998 0.4665016640625 0.2127249234375 0.45322802187500005 0.21260760156249997 0.45322802187500005 0 0.512185284375 0 0.5246239265625
3 0.20162481406250002 0.3576080109375 0.21683790625000002 0.36161475 0.23205099843750002 0.086151353125 0.21683790625000002 0.0831462984375 0.20162481406250002 0.3576080109375
3 0.377420546875 0.3205456625 0.385308815625 0.32254903281249997 0.3892529515625 0.21136198906249998 0.3808012328125 0.20835693281249998 0.377420546875 0.3205456625
4 0.975 0.38828125 0.05 0.3828125
4 0.32734375 0.6703125 0.0484375 0.18125
3 0.01953125 0.965625 0.0171875 0.06875
3 0.0078125 0.76875 0.01484375 0.11796875
3 0.93125 0.80390625 0.01640625 0.1375
4 0.890625 0.78984375 0.121875 0.4203125