3 0.35 0.1921875 0.0328125 0.2234375
2 0.0620697578125 0.6890625 0.32608675625 0.2948362484375 0.31536398125 0.279431515625 0.0385185625 0.6890625 0.0620697578125 0.6890625
2 0.1327655390625 0.6890625 0.3429766484375 0.3491062625 0.33013719375 0.3334990078125 0.1086481984375 0.6890625 0.1327655390625 0.6890625
2 0.1756418171875 0.6890625 0.369237728125 0.3602554359375 0.3564919125 0.34570325625 0.356213171875 0.34570325625 0.156802996875 0.6890625 0.1756418171875 0.6890625
2 0.45 0.1685059015625 0.37738360000000004 0.2282310140625 0.38368573437500003 0.24813369375 0.45 0.1950220203125 0.45 0.1685059015625
2 0.45 0.21315481093750002 0.3780316171875 0.27609737343749996 0.3859570296875 0.2937664578125 0.45 0.2340709171875 0.45 0.21315481093750002
2 0.45 0.25585759375 0.3784985609375 0.3210513875 0.38637949374999997 0.343423528125 0.45 0.2815590078125 0.45 0.25585759375
2 0.166296565625 0 0 0.1357039578125 0 0.16903550625 0.2131493546875 0 0.166296565625 0
3 0.8643545125 0.3189111828125 0.8948202468750001 0.3496089015625 0.9171618125000001 0.1726455609375 0.8868636546875 0.16164558906249998 0.8643545125 0.3189111828125
3 0.48027904218749995 0 0.492672278125 0.13833633437499998 0.523138040625 0.13111331875 0.5085728890625 0 0.48027904218749995 0
2 0.6871373359375 0.6890625 0.86832855 0.3347336734375 0.8597029156249999 0.3206913125 0.672328225 0.6890625 0.6871373359375 0.6890625
2 0.748224475 0.6890625 0.8934902296875 0.38457886874999997 0.883387321875 0.3686917078125 0.7252275562499999 0.6890625 0.748224475 0.6890625
2 1 0.1835519140625 0.9184402406250001 0.262585571875 0.9260217562499999 0.27887315468749996 1 0.20601586093750002 1 0.1835519140625
2 1 0.21035477500000002 0.9103879546875 0.300739278125 0.9107004734374999 0.300883096875 0.9160661546875 0.3114374890625 1 0.22577094843749998 1 0.21035477500000002
2 1 0.23249246875 0.909723765625 0.33078997499999996 0.9142313187500001 0.34012198125 1 0.2449647765625 1 0.23249246875
2 1 0.250386265625 0.9120704296875001 0.35056816875 0.91267580625 0.35141713750000003 0.924578534375 0.368506684375 1 0.272906146875 1 0.250386265625
2 0.45 0.599797721875 0.61192030625 0.358424084375 0.6045246875 0.3439984046875 0.45 0.569834328125 0.45 0.599797721875
2 0.45 0.5291194 0.5979642765625 0.31828179687499997 0.5895241765625 0.3020606578125 0.45 0.5018767328125 0.45 0.5291194
2 0.45 0.2905027484375 0.55075385625 0.1769090609375 0.544134596875 0.15237333749999998 0.45 0.2626457640625 0.45 0.2905027484375
2 0.45 0.1878589265625 0.4880459046875 0.1437504859375 0.4837445953125 0.123576171875 0.483516478125 0.12239425 0.45 0.1601704265625 0.45 0.1878589265625
2 0.45 0.2338275453125 0.488551975 0.18808893124999998 0.4852077640625 0.17754540937500002 0.45 0.21834688125 0.45 0.2338275453125
2 0.45 0.2133718984375 0.49869881562499996 0.15635809843749998 0.49584483593749995 0.15045299375 0.45 0.2040595546875 0.45 0.2133718984375
4 0.5072007625 0 0.55644645625 0.026134253125 0.5759983171874999 0.143337234375 0.64816348125 0.6885738015625 0.648612684375 0.6890625 0.7884511453125 0.6890625 0.7908583281249999 0.6852290171875 0.7673997874999999 0.1098247640625 0.9069902781250001 0.15342780625000002 0.783797996875 0.008183315625 0.7853285171875 0 0.7143153296875 0 0.714245209375 0.000147121875 0.7137726984375 0 0.5072007625 0
4 0.6048720359375 0.6890625 0.586491303125 1 0.7395237874999999 1 0.7388754328125 0.6890625 0.6048720359375 0.6890625
3 0.60859375 0.96171875 0.0265625 0.0765625
3 0.73515625 0.87890625 0.01875 0.12265625
2 0.8862454203125001 1 0.7504421953125 0.9312298390624999 0.747795171875 0.9480167218750001 0.8515147875 1 0.8862454203125001 1
2 1 0.8266995640625 0.75802935625 0.729786115625 0.758146459375 0.7471371062500001 1 0.8531055859375 1 0.8266995640625
2 0.7763205078125 0.6890625 1 0.7711779484375001 1 0.738329378125 0.8650119328125001 0.6890625 0.7763205078125 0.6890625