3 0.15703125 0.509375 0.0328125 0.159375
4 0.296875 0.3734375 0.30625 0.43125
4 0.58515625 0.41484375 0.2703125 0.3484375
3 0.7078125 0.45390625 0.0140625 0.115625
3 0.5123836359375 0.5890625 0.5537746046875001 0.5143964390625 0.5425471359375 0.49871362656249996 0.49807854999999995 0.5890625 0.5123836359375 0.5890625
0 0.45 0.6988361375000001 0 0.6582579296875 0 0.8179729312500001 0.45 0.892169346875 0.45 0.6988361375000001
3 0.77265625 0.71015625 0.01640625 0.15625
4 0.864032890625 0.5890625 0.8726327234374999 0.6629319703125 0.7736045953125 0.6351257921875 0.9019577406250001 0.8824482734375 0.9021006828125 1 1 1 1 0.7941983828125 0.90510625 0.5890625 0.864032890625 0.5890625
2 0.7910990890624999 0.5890625 0.55388975625 1 0.570381740625 1 0.6946259265625001 0.7888798890625 0.7599151984375 0.661974278125 0.8068157234375001 0.5890625 0.7910990890624999 0.5890625
2 0.6172620999999999 1 0.646982296875 0.9471078234375 0.75991051875 0.73540474375 0.7537649171874999 0.7185860171874999 0.6020408609375 1 0.6172620999999999 1
2 0.6412609437500001 1 0.76502306875 0.7688347203125 0.7608664093749999 0.7592273625 0.6299380078125 1 0.6412609437500001 1
2 0.6618567140625 1 0.75959250625 0.8151715375 0.7686002249999999 0.7944041328125 0.7617846734375 0.78802265 0.7617846734375 0.7875943171875 0.6506683140625 1 0.6618567140625 1
2 0.6733133921875 1 0.7106199375 0.934924753125 0.7313866843750001 0.8898823640625 0.756187259375 0.8473944296875 0.7774717453125 0.8029219203124999 0.7756663046875 0.7906413484374999 0.7756663046875 0.7902998562500001 0.665803078125 1 0.6733133921875 1