4 0.28828125 0.2828125 0.4828125 0.553125
3 0.130384921875 0.3600374375 0.137868103125 0.344832684375 0.07558196874999999 0.23521695 0.0667983625 0.25306259062500003 0.130384921875 0.3600374375
3 0.37906595625 0.3415657875 0.38471642031250003 0.3226370046875 0.3031875890625 0.24751003124999998 0.29614498125 0.26946112968749997 0.37906595625 0.3415657875
3 0.48085456875 0.261704434375 0.4746226796875 0.24521854531249998 0.39803022499999996 0.3216383015625 0.40603586875 0.3406893734375 0.48085456875 0.261704434375
3 0.8921875 0.525 0.015625 0.06875
3 0.8984375 0.30078125 0.0140625 0.08828125
3 0.834375 0.04609375 0.01015625 0.06875
3 0.90625 0.05703125 0.0140625 0.08515625
3 0.82265625 0.23828125 0.01015625 0.0625
4 0.8375527406250001 0 0.7933066249999999 0.559375 0.8985046328124999 0.559375 0.9020462281249999 0 0.8375527406250001 0
2 0.5296875 0.5152436375 0.8003463937499999 0.4483655765625 0.8018262374999999 0.428945946875 0.5296875 0.4991260203125 0.5296875 0.5152436375
2 0.5296875 0.4444771375 0.7302826609374999 0.3951923296875 0.7315109578125 0.378384503125 0.5296875 0.42771678281250003 0.5296875 0.4444771375
2 0.5296875 0.19368333437500002 0.73798961875 0.15039653749999998 0.7390466484375 0.13351735 0.5296875 0.177500215625 0.5296875 0.19368333437500002
3 0.7197602625 0.1125001859375 0.7269065671874999 0.11830781718750001 0.736067446875 0.058837006250000004 0.7304490046875 0.0545946921875 0.7197602625 0.1125001859375
3 0.7209888531249999 0.11234617499999999 0.7254322578125001 0.1094227578125 0.71866870625 0.053564215625 0.7131101187500001 0.0567452515625 0.7209888531249999 0.11234617499999999
3 0.7221402640625 0.310511271875 0.727739803125 0.30763265781250004 0.7219811765624999 0.2402596609375 0.7174558656250001 0.2411697296875 0.7221402640625 0.310511271875
3 0.728395053125 0.310508471875 0.738359240625 0.2608299875 0.73165869375 0.256747284375 0.72255451875 0.305868528125 0.728395053125 0.310508471875
3 0.8125 0.40390625 0.0078125 0.05703125
3 0.31484375 0.7796875 0.1796875 0.440625
4 0.3703125 0.7796875 0.31875 0.440625
0 1 0.6398450234374999 0.5321221796875 0.638138734375 0.531033115625 0.6366871265625 0.5296875 0.6851140484375 0.5296875 0.79345640625 1 0.7916955421875 1 0.6398450234374999