4 0.32578125 0.36875 0.4140625 0.421875
4 0.23828125 0.20859375 0.1 0.33515625
4 0.2125 0.02578125 0.025 0.0515625
4 0.33359375 0.08046875 0.03359375 0.0890625
1 0.86875 0.015625 0.03125 0.03125
1 0.8328125 0.0234375 0.034375 0.04375
4 0.62109375 0.28984375 0.1421875 0.5796875
3 1 0 0.765264596875 0 0.7442218171875 0.0099375796875 0.792245553125 0.0976542625 1 0.01335405625 1 0
4 0.15234375 0.78984375 0.0828125 0.4203125
4 0.1 0.78984375 0.059375 0.4203125
4 0.61875 0.78984375 0.13125 0.4203125
3 0.61015625 0.9796875 0.0546875 0.040625