3 0.31015625 0.36328125 0.01640625 0.15625
4 0.5296875 0.4890625 0.5296875 0.4304347671875 0.39293096250000004 0.1348023015625 0.3892377484375 0.1365766671875 0.41013272343749996 0.3160569703125 0.3111045953125 0.2882507921875 0.4153200078125 0.4890625 0.5296875 0.4890625
2 0.204432521875 0.4890625 0.23212592656250003 0.4420048890625 0.29741519843750003 0.315099278125 0.3654310515625 0.209361509375 0.3859942421875 0.1631786203125 0.37985425 0.1538222453125 0.37985425 0.15339391093750002 0.1860931015625 0.4890625 0.204432521875 0.4890625
2 0.2437835921875 0.4890625 0.29741051875 0.38852974375 0.2912649171875 0.3717110171875 0.22799498749999997 0.4890625 0.2437835921875 0.4890625
2 0.5296875 0 0.5231832515625 0 0.40034877812499997 0.1296786296875 0.4064411625 0.140321803125 0.5296875 0.01497353125 0.5296875 0
2 0.5296875 0.07987585781249999 0.43549216093750004 0.1980583859375 0.4414321640625 0.210721859375 0.5296875 0.1044002203125 0.5296875 0.07987585781249999
2 0.5296875 0.11749172031249999 0.4465951203125 0.22345112656250002 0.4619042578125 0.2584728796875 0.50809895625 0.1916273515625 0.5296875 0.165203803125 0.5296875 0.11749172031249999
3 0.8288338218749999 0.12336701718750001 0.7903056578125 0.0399821203125 0.7764863 0.061060667187499994 0.8236272546875 0.151161984375 0.8288338218749999 0.12336701718750001
3 0.814255546875 0.15857394687499998 0.867361890625 0.0548061296875 0.8642379874999999 0.05851206875 0.8538250421875 0.043688143750000005 0.8038426015625 0.1344850046875 0.814255546875 0.15857394687499998
3 0.8392467671875 0.3576698484375 0.8507011406250001 0.3428458390625 0.8090490734374999 0.253901946875 0.7975947953125 0.2742849515625 0.7903056578125 0.26501993437500004 0.8392467671875 0.3576698484375
3 0.8267511562500001 0.34840483125 0.8350816265625 0.36693478125 0.88610530625 0.2631669640625 0.8694445562500001 0.2557549171875 0.867361890625 0.259460940625 0.8267511562500001 0.34840483125
1 0.14921875 0.64296875 0.10546875 0.059375
3 0.156864871875 0.4890625 0 0.64263579375 0 0.9128557234375 0.466464403125 0.4890625 0.156864871875 0.4890625
4 0.9296875 0.7234375 0.0484375 0.14921875