2 1 0.23421043749999998 0.9967187187500001 0.22872458906249998 0.626478371875 0 0.56680144375 0.005633428125 1 0.2707827890625 1 0.23421043749999998
4 0.496816634375 0.3321192984375 0.43464572968750004 0.0012186578125 0.3915440859375 0 0.363824253125 0.1773638875 0.2961163625 0.2376949453125 0.2614248890625 0.1310555984375 0.2552364921875 0.331625975 0.2570084828125 0.9941567234375001 0.292300959375 0.995494440625 0.407957296875 1 0.4264565734375 0.33459221875 0.5002830671875 0.33501098281249997 0.496816634375 0.3321192984375
2 0.6520786796875 0.9803434890625 0.65453333125 1 0.9985322312499999 0.9356863359375 0.9973963765624999 0.9194265359375 0.6520786796875 0.9803434890625
2 0.577327428125 0.9130154953125 0.577584753125 0.9130154953125 0.5761212109375 0.9317178828125 0.9983754234375001 0.876844075 0.9979110296875 0.8599841828124999 0.577327428125 0.9130154953125
2 1 0.8345752296875 0.99940070625 0.820103646875 0.5815572265625 0.8460885671874999 0.581878884375 0.8590041312500001 1 0.8345752296875
2 1 0.8058853687499999 0.999209721875 0.787360896875 0.5867037515625 0.8051736999999999 0.587395315625 0.824626959375 1 0.8058853687499999
2 0.999483353125 0.678658128125 0.9992944250000001 0.67277120625 0.9992944250000001 0.6725751296875 0.543526990625 0.6313697359375 0.54331253125 0.6414661984375 0.999483353125 0.678658128125
2 0.9997565156249999 0.6548423640625 0.9997565156249999 0.6483733375 0.9997565156249999 0.6481772593749999 0.529729053125 0.5917314328125001 0.529729053125 0.598168290625 0.9997565156249999 0.6548423640625
3 0.5103398875 0.8257429187499999 0.5411082015625001 0.8264880828125 0.511734834375 0.3785670953125 0.4842810109375 0.379997809375 0.5103398875 0.8257429187499999
3 0.3049409296875 0.5338830921875 0.3239773828125 0.530604371875 0.3064272828125 0.38759848125 0.2869059765625 0.3876282875 0.3049409296875 0.5338830921875
2 0.255189584375 0.6432671921875001 0.25418106875 0.6373405203125 0.25418106875 0.6372186609375 0.0006499171875 0.7482178015625001 0.000741946875 0.755364675 0.255189584375 0.6432671921875001
2 0.1902066109375 0.660633134375 0.2545715 0.6330899328124999 0.2530907796875 0.6258954578125 0.0009748765624999999 0.7355444046875 0.0008834812500000001 0.7427046078124999 0.1902066109375 0.660633134375
2 0.2548507765625 0.5956743640625 0.254365878125 0.5898346250000001 0.00042717343749999997 0.689894665625 0.0006499171875 0.6902126421875 0.0006372234375 0.69754230625 0.2548507765625 0.5956743640625
2 0.1532282328125 0.6247892828125 0.253483290625 0.5855105140625 0.252849875 0.577829471875 0.0006512171875000001 0.677782965625 0.0007077046874999999 0.685251625 0.1532282328125 0.6247892828125
2 0.25346179687500003 0.5495781078124999 0.2525315890625 0.543359053125 0.25240230937499997 0.5431651343749999 0.00077278125 0.6364433828125 0.0009828609375 0.6440047234375 0.25346179687500003 0.5495781078124999
2 0.14524152031249998 0.576482965625 0.25129775312499997 0.5381168890625 0.2499895265625 0.5318042171874999 0.0005599703125 0.62276778125 0.000625421875 0.6294026734375 0.14524152031249998 0.576482965625
2 0.1183181078125 0.545063965625 0.20534946562499998 0.5161207203125 0.24454930937500002 0.5021375046875 0.2428462609375 0.4986496390625 0.0002125171875 0.5809705515625 0.00048522187499999995 0.5850511421875 0.1183181078125 0.545063965625
2 0.5332249820958224 0.5895007587811331 0.7434408512052288 0.6162437507091598 0.743440851205229 0.6131724267062212 0.5331640659939147 0.5845838415285058 0.5332249820958224 0.5895007587811331
2 0.6480370171875001 0.5977697078124999 0.777517528125 0.6138918953125 1 0.6365238734374999 0.999655178125 0.630824925 0.5333045578125 0.577629528125 0.5332743734375 0.5814474859375001 0.6480370171875001 0.5977697078124999