4 0.24581997968749997 0 0.23995125781249999 0.2438698015625 0.23306734375 0.45 0.3391416265625 0.45 0.3069195984375 0 0.24581997968749997 0
2 0 0.4093937484375 0.2291067515625 0.3198249515625 0.22934250625 0.2890236625 0 0.37608121250000004 0 0.4093937484375
2 0 0.33437165156250004 0.23298029687500002 0.2416273734375 0.2317676203125 0.21867433125 0 0.311425184375 0 0.33437165156250004
2 0 0.140211503125 0.233315153125 0.0440296015625 0.230479921875 0.0231146390625 0 0.1160749640625 0 0.140211503125
2 0.6 0.411614728125 0.347615346875 0.3067928609375 0.3472556515625 0.3065567125 0.346812378125 0.32705379687499997 0.6 0.432735590625 0.6 0.411614728125
2 0.6 0.34769565468749997 0.349800375 0.238570075 0.3464914890625 0.2610465546875 0.34461914843749997 0.26102894062500004 0.6 0.3705071734375 0.6 0.34769565468749997
2 0.6 0.151668521875 0.3486716578125 0.0340178890625 0.34852646875 0.0327544875 0.347890946875 0.052563632812500004 0.6 0.17212636406249998 0.6 0.151668521875
2 0.1160526875 0 0 0.0466888140625 0 0.06487285937500001 0.132238790625 0.0135311046875 0.163863940625 0 0.1160526875 0
2 0.212982575 0 0 0.08518896875000001 0 0.10267508437499999 0.14840624062500002 0.043753571875 0.2331807609375 0.009417396875000001 0.23219223281249998 0 0.212982575 0
2 0.6 0.12019395468750001 0.34886751875 0.00412300625 0.3484522671875 0.017914182812500002 0.5749467203124999 0.12640871874999998 0.5749467203124999 0.1261913328125 0.6 0.1378451484375 0.6 0.12019395468750001
4 0.83359375 0.225 0.1328125 0.45
1 0.33203125 0.82578125 0.0390625 0.04765625
1 0.3328125 0.87890625 0.0390625 0.04296875
1 0.33125 0.93046875 0.034375 0.0484375
1 0.33046875 0.97890625 0.0359375 0.0421875
3 0.32734375 0.81015625 0.1109375 0.3796875