4 0.42578125 0.2734375 0.02734375 0.19296875
4 0.457419590625 0 0.453581871875 0.03508771875 0.4510233921875 0.0782975953125 0.450475146875 0.1523716703125 0.449561403125 0.163417803125 0.449561403125 0.1773879140625 0.45065789531249995 0.1884340484375 0.45084064375 0.215399609375 0.4528508765625 0.2547108515625 0.4515716375 0.28557504843750003 0.44864766093749997 0.3157894734375 0.44718567187499997 0.3521767375 0.4479166671875 0.3895386609375 0.4462719296875 0.46328785000000006 0.44554093593750005 0.477257959375 0.442616959375 0.50519818125 0.4424342109375 0.5425601046875 0.440241228125 0.582846003125 0.4389619890625 0.66926575625 0.43969298281249997 0.6926575703125 0.43932748593750004 0.7391163093750001 0.4376827484375 0.795971409375 0.43786549687500004 0.8291098109374999 0.4360380109375 0.89083820625 0.43676900625000004 0.918778428125 0.43530701718750003 0.9385964906250001 0.435489765625 0.970435346875 0.43439327499999997 0.9883040937500001 0.43128655 1 0.5272295328125 1 0.5283260234375 0.9860298890625 0.5283260234375 0.972384665625 0.527046784375 0.959064328125 0.5255847953125 0.916829109375 0.525402046875 0.8385315140625 0.5232090640625 0.795971409375 0.5232090640625 0.745938921875 0.5186403515625 0.7059779078124999 0.5188231 0.6689408703125 0.5135233921875 0.5448343078125 0.5124269 0.49740090937500003 0.5122441515625 0.4402209234375 0.5087719296875 0.36029889531250003 0.5104166671875 0.30571799843749997 0.51023391875 0.289473684375 0.5091374265625 0.2738791421875 0.506578946875 0.254061078125 0.5052997078125 0.232293696875 0.5063961984375001 0.19135802500000001 0.5080409359375 0.1783625734375 0.5080409359375 0.167641325 0.5063961984375001 0.15204678437500002 0.5029239765625 0.08771929843750001 0.5031067250000001 0.061403509375 0.49926900625000004 0.026640675000000003 0.49707602343749996 0.014619882812500002 0.49616228125 0 0.457419590625 0
4 0.275 0.28125 0.07265625 0.4171875
2 0.37113644218749997 0.8495884953124999 0.008589840625000001 0.995529409375 0.0552377921875 1 0.4301532109375 0.8717398015625 0.42981570312499995 0.845737590625 0.37113644218749997 0.8495884953124999
2 0.43030813281249997 0.8167359968750001 0.42894703749999996 0.79580930625 0.42894703749999996 0.7956519265625001 0.0042492734375 0.9392468875000001 0.006766746875 0.9655048421875 0.43030813281249997 0.8167359968750001
2 0.2447378015625 0.7863286265625 0.4382958140625 0.718751965625 0.43542893281249995 0.7073247453125 0.125272515625 0.8135961765624999 0.001210221875 0.8587526140625 0.0012829015625 0.8587977546875001 0.0013820515625 0.8713664078125 0.2447378015625 0.7863286265625
2 0.094859234375 0.8218701609375 0.3119663171875 0.747212315625 0.437931971875 0.702953790625 0.43615835937499997 0.696582721875 0.0010012015625 0.84723855625 0.0019430859375000002 0.8548136156249999 0.094859234375 0.8218701609375
2 0.0000646921875 0.736484159375 0 0.7394355984375001 0.09699039375 0.706820965625 0.183418771875 0.6779725937500001 0.2219479796875 0.6644208296875 0.278423628125 0.6452488578125 0.43762935000000003 0.5907631234374999 0.43751662187499996 0.58734636875 0.0000646921875 0.736484159375
2 0.7098999312500001 1 0.7120639234375 0.9820904 0.533610834375 0.8822466390624999 0.53275319375 0.9019379593749999 0.7098999312500001 1
2 0.796620975 1 0.798179315625 0.9828723937499999 0.5378968203125 0.8329141999999999 0.53758073125 0.8534661078125 0.796620975 1
2 0.954135728125 1 0.9546359546875 0.9910244640625001 0.5288921609375 0.7479279234375 0.5287535640625001 0.760208071875 0.954135728125 1
2 0.9774740843749999 1 0.977781546875 0.9902093000000001 0.53938735625 0.7355774609375 0.5391229046875 0.7462517890625 0.9774740843749999 1