4 0.171875 0.209375 0.15 0.41875
4 0.6890625 0.1421875 0.128125 0.284375
4 0.734375 0.28828125 0.53125 0.2609375
4 0.06015625 0.709375 0.034375 0.1890625
3 0.40153490312500006 0.524907046875 0.392279375 0.534505371875 0.41927466406249997 0.594837696875 0.426216309375 0.5866105625 0.40153490312500006 0.524907046875
3 0.45012642031250005 0.5413613171875 0.44318477500000003 0.5317629921875 0.41541819375 0.5879817515625 0.4231311328125 0.597580075 0.45012642031250005 0.5413613171875
3 0.3729970265625 0.7031616453125 0.366826675 0.7113887812499999 0.3938219640625 0.773092296875 0.40076360937500005 0.7593804046875 0.3729970265625 0.7031616453125
3 0.426987603125 0.7113887812499999 0.41927466406249997 0.70179045625 0.38842290625000003 0.7648651609374999 0.39690713906249997 0.773092296875 0.426987603125 0.7113887812499999
3 0.39305066875 0.8759314890625 0.3845664359375 0.888272190625 0.4123330171875 0.941748571875 0.41696078124999997 0.9321502468750001 0.39305066875 0.8759314890625
3 0.44087089375 0.888272190625 0.4331579546875 0.88004505625 0.40770525468749996 0.9431197609375002 0.41387560624999997 0.947233328125 0.44087089375 0.888272190625
3 0.51875 0.45 0.034375 0.0625
3 0.56015625 0.8640625 0.04921875 0.24375
4 0.74375 0.709375 0.5125 0.58125