4 0.5825859203125 1 0.702168425 0.372024234375 0.8650252140625 0.3587115109375 0.7827776640625 0.181204303125 0.8442447062499999 0.008062753124999999 0.7691214937499999 0 0.6045157453125001 0.1938697921875 0.3889367171875 0.20932727187500003 0.22960283593750003 0 0.1429721765625 0.005258071875 0.1430435625 0.0086361375 0.2303416828125 0.1992212875 0.07284599375 0.3183060734375 0.3235755609375 0.44942814999999997 0.415014078125 1 0.5825859203125 1
3 0.8727334078125001 0.34258639375 0.8149449484375 0.4684334609375 0.8362612640625 0.49793973437499994 0.8974989093750001 0.3668820890625 0.8733957890624999 0.33763817500000004 0.8727334078125001 0.34258639375
3 0.0910549125 0.380284271875 0.10304629843749999 0.523787053125 0.13975252968750002 0.5246014156250001 0.1217590265625 0.3672316453125 0.0876771171875 0.3721406515625 0.0910549125 0.380284271875
2 0.7789917140625 0.5715281234375 0.8404352703125 0.9986178906250001 0.869970259375 0.9998291484375 0.8086344515624999 0.568159134375 0.7804336046875 0.5711281265625 0.7789917140625 0.5715281234375
2 0.8431518875 0.5580429296875 0.9113857953125001 0.9980263453125 0.9457313140625001 1 0.8684713281249999 0.553314175 0.8431518875 0.5580429296875
2 0.0074819859375 0.8387430281249999 0.0049563015624999995 0.9646857499999999 0.10944425312499999 0.54620436875 0.08955566875 0.5137482734375001 0.008923876562499999 0.8379430343750001 0.0074819859375 0.8387430281249999
2 0.1149036234375 0.5630153953125 0.012095201562500001 0.9956238453124999 0.02326481875 1 0.12733719999999998 0.57138178125 0.116249353125 0.561411703125 0.1149036234375 0.5630153953125
2 0.13456513125 0.5600515765625 0.0309133203125 0.9968014296875 0.04149908125 1 0.143544678125 0.5730327703125 0.1342955484375 0.5632449671875001 0.13456513125 0.5600515765625
2 0.1500142375 0.5620964171875 0.051328703125 0.9954726828125 0.060988307812499996 1 0.1586291484375 0.5715250000000001 0.14961603437499998 0.567073271875 0.1500142375 0.5620964171875
2 0 0.44149390625 0.14630781406249999 0.0285979625 0.13893599843749999 0.0178488640625 0.13643792500000002 0.0197223671875 0 0.4013051328125 0 0.44149390625
2 1 0.529831996875 0.861480459375 0.009525301562500001 0.8510230156249999 0.0351935375 0.8543915796875 0.024996634375 0.8477380765625 0.0396703734375 0.98505746875 0.5702648421875 1 0.529831996875
3 0.6085084421875 0.41830251875 0.601097725 0.3979190828125 0.509581534375 0.48685643125 0.5157821625000001 0.5064673375 0.6085084421875 0.41830251875
3 0.3969521875 0.4041540421875 0.390494278125 0.42055226875 0.4805886453125 0.5025434062499999 0.4874761796875 0.48299815468749996 0.3969521875 0.4041540421875