4 0.44375 0.24453125 0.08125 0.4890625
4 0.23359375 0.04609375 0.0984375 0.0921875
2 0.5592540640625 0.4890625 0.4460095875 0.427141684375 0.278445296875 0.4890625 0.5592540640625 0.4890625
2 0 0.445814709375 0.44465554999999996 0.2838856359375 0.44533255 0.2694396375 0.08163900156250001 0.39812949375 0 0.42357119374999996 0 0.445814709375
2 0 0.4844801796875 0.414804546875 0.334446596875 0.41683562187499995 0.321204434375 0 0.4695991828125 0 0.4844801796875
2 0.559375 0.36950518906249996 0.47393919531249995 0.320156784375 0.473110590625 0.34046574375 0.559375 0.3900867359375 0.559375 0.36950518906249996
2 0.2855272765625 0 0 0.09907378125 0 0.11602328125000001 0.31846975624999996 0 0.2855272765625 0
2 0.41106448437500004 0 0 0.14776182031250001 0 0.165811846875 0.43624723593750003 0.0010521703125000001 0.43644447968750005 0 0.41106448437500004 0
2 0.559375 0.0528958234375 0.4593193125 0.000685265625 0.45786468593749996 0.0142943328125 0.559375 0.0665233171875 0.559375 0.0528958234375
4 0.75234375 0.24453125 0.3859375 0.4890625
3 0.91484375 0.46484375 0.0359375 0.0484375
3 0.84609375 0.03125 0.0453125 0.0625
3 0.5390625 0.53359375 0.021875 0.0890625
3 0.521875 0.8390625 0.01875 0.13828125
2 0.05974493125 0.8785548078125001 0.0591181078125 0.9034530375 0.5090763296875 0.999261946875 0.5081524953125001 0.9659210874999999 0.05974493125 0.8785548078125001
2 0.49080851562500005 0.8777591734375001 0.49080851562500005 0.8768791625000001 0.060868615625 0.8336074734375 0.05941305 0.8510379546875001 0.4923637140625 0.9066999750000001 0.49080851562500005 0.8777591734375001
1 0.584375 0.6671875 0.009375 0.01796875
3 0.58203125 0.67109375 0.03515625 0.19296875
4 0.63984375 0.74453125 0.1609375 0.5109375