4 0.2046875 0.10390625 0.090625 0.2078125
4 0.3609375 0.0453125 0.034375 0.090625
2 0.1161826421875 0.509375 0.38927151875 0.419994975 0.38802226093750003 0.3839148296875 0.01996488125 0.509375 0.1161826421875 0.509375
2 0.198251028125 0.509375 0.24359796875 0.49351418281250004 0.389936728125 0.43991549531249996 0.3867684765625 0.42896717031250003 0.1495271859375 0.509375 0.198251028125 0.509375
2 0 0.44786019374999997 0.14525651875 0.39878567187499997 0.392481515625 0.3112173296875 0.3905730703125 0.2995569421875 0 0.43114547343750004 0 0.44786019374999997
2 0 0.38295622812499996 0.1888922703125 0.31989390625 0.3935226234375 0.248579303125 0.3923686515625 0.23822721875 0.0657176 0.3478322203125 0 0.3695474875 0 0.38295622812499996
2 0 0.36309863125 0.0012358390625 0.362691196875 0.270694075 0.2744147015625 0.3946034359375 0.23207700625 0.3940488453125 0.22453415937500001 0.30882104843749997 0.2543225328125 0.210545596875 0.2864081515625 0.1264244171875 0.3132986828125 0.036229609375 0.3443131015625 0 0.355250475 0 0.36309863125
2 0 0.3479004296875 0.0291099046875 0.3387611421875 0.13202298437499999 0.3050607296875 0.2723620140625 0.2585325734375 0.3423446 0.233828659375 0.39526090625 0.21684134843749997 0.39450891875 0.2120461015625 0.3200344296875 0.23681078125 0.19622298437500002 0.2786630375 0.0543377796875 0.32473629531250003 0 0.34281145468749996 0 0.3479004296875
2 0 0.33970431093750003 0.10317132968750001 0.305654496875 0.194312325 0.27405624375 0.269811765625 0.2499194125 0.39421355625 0.20737879218750002 0.39345156875 0.20157680781249998 0.39381794375 0.2009701921875 0.335266021875 0.22132985 0.2056818953125 0.26567383906250003 0 0.33326295625 0 0.33970431093750003
2 0 0.3188256625 0.0255688734375 0.31097914531250004 0.0855583421875 0.2921072203125 0.204170878125 0.2539378546875 0.291302121875 0.22587413750000002 0.3457941234375 0.2070392640625 0.39565157968750003 0.19039450468750002 0.39497627031250004 0.1873744703125 0.3446159609375 0.20410427812499998 0.3016526828125 0.21786398281250002 0.1248386359375 0.2745175359375 0 0.3141697921875 0 0.3188256625
2 0 0.3121507453125 0.09141455468750001 0.2829063578125 0.197057865625 0.2487652578125 0.252762659375 0.23067442031250002 0.2926774015625 0.21840991875000001 0.3628996265625 0.1936647265625 0.39561421406249997 0.1830638765625 0.3952627265625 0.1795341015625 0.39536497656249997 0.179462109375 0.3787785890625 0.18416829375 0.3103252109375 0.2068756203125 0.26433823125 0.22277297499999998 0.217352103125 0.23833405624999998 0.16716091875 0.2549442484375 0.130389253125 0.2670748671875 0.0638581078125 0.289209353125 0.0464081359375 0.2941042234375 0 0.3090113 0 0.3121507453125
3 0.99609375 0.2078125 0.0078125 0.046875
3 0.99296875 0.30625 0.00625 0.0421875
4 0.97421875 0.31015625 0.0515625 0.3984375
3 0.8355287640625001 0 0.8564649937500001 0.0714074609375 0.8700019375 0.06399549843749999 0.8539472015625 0 0.8355287640625001 0
3 0.8727113421875 0 0.8470932859375001 0.06584846718750001 0.858547659375 0.0843784171875 0.8877040203125001 0.0176704984375 0.8808293828124999 0 0.8727113421875 0
3 0.807523884375 0.1862933484375 0.8377215781250001 0.271531215625 0.8491759515624999 0.2548542359375 0.8241847312499999 0.17517536250000001 0.8252259687500001 0.17146933749999999 0.807523884375 0.1862933484375
3 0.8283498703125 0.258560259375 0.8418868140625001 0.27894317812499997 0.8679193671875 0.20297032812500002 0.859588896875 0.18073435468750002 0.8564649937500001 0.18444029374999998 0.8283498703125 0.258560259375
3 0.8314737734375001 0.3697401234375 0.8314737734375001 0.3771520859375 0.821060828125 0.38827007187499996 0.8450107156249999 0.4660959765625 0.8554237562499999 0.45683095937499996 0.8314737734375001 0.3697401234375
3 0.8741246390625002 0.3902618046875 0.8658367015625 0.3771520859375 0.84084548125 0.4642430078125 0.8491759515624999 0.4716549703125 0.8741246390625002 0.3902618046875
3 0.0921875 0.63828125 0.171875 0.2578125
0 0.8625 0.91328125 0.275 0.0953125