4 0.14453125 0.16484375 0.2890625 0.3296875
3 0.2421875 0.01796875 0.01875 0.0359375
0 0.509375 0 0.509375 0.1601600078125 1 0.2854487234375 1 0.15850098125 0.79260914375 0 0.509375 0
4 0.221875 0.6515625 0.03984375 0.20625
3 0.4064221953125 0.46842338281250007 0.4085048609375 0.46471744375 0.37982639375 0.404570990625 0.3710180296875 0.4202454984375 0.400174390625 0.4776884 0.4064221953125 0.46842338281250007
3 0.41927080156249996 0.40978008906249996 0.41787656875 0.4091275109375 0.3908026828125 0.4628643890625 0.40225705625 0.47954136875 0.4324547484375 0.4220984671875 0.41927080156249996 0.40978008906249996
3 0.348109378125 0.548102340625 0.34394414375000004 0.5443963171874999 0.3741419328125 0.6055452421874999 0.3876787796875 0.5925742875 0.3606049890625 0.5351313 0.348109378125 0.548102340625
3 0.400174390625 0.538837325 0.364770225 0.60183921875 0.37518317031250004 0.609251265625 0.407463528125 0.5555143046875 0.4095460984375 0.5499553109375 0.400174390625 0.538837325
3 0.366786484375 0.675012721875 0.3938031421875 0.73224633125 0.4021654609375 0.7265229546875 0.3770785640625 0.6658553296875 0.37643529062500003 0.668144690625 0.366786484375 0.675012721875
3 0.414387303125 0.675012721875 0.38351112187499997 0.731101625 0.3912301671875 0.7448376875 0.4253225984375 0.6864594234375 0.4259658703125 0.68531476875 0.414387303125 0.675012721875
1 0.94609375 0.99140625 0.0203125 0.0171875
3 0.94140625 0.828125 0.0515625 0.34375
4 0.95625 0.66484375 0.0875 0.6703125
2 0.509375 0.6982930265625 0.9436259875000002 0.6957198265625 0.9450731546875 0.66226830625 0.509375 0.6640255203125001 0.509375 0.6982930265625