3 0.09921875 0.11328125 0.0296875 0.2265625
4 0.43671875 0.11796875 0.04765625 0.1703125
4 0 0 0 0.3296875 0.16902199843750002 0.3296875 0.1895019046875 0.01463289375 0.2174746078125 0.0273750609375 0.20363608437499997 0 0 0
2 0.39386862968749997 0.3296875 0.18087114531249998 0.2539339703125 0.18028746874999999 0.26193325 0.3663376453125 0.3296875 0.39386862968749997 0.3296875
2 0.42221325781249996 0.3296875 0.185435459375 0.24780817812499997 0.18514643749999998 0.254108509375 0.38529684531249997 0.32408637812499996 0.40112818125 0.3296875 0.42221325781249996 0.3296875
2 0.5122793125 0.3296875 0.18783773125 0.22114297187499998 0.18728314375 0.22805982343750003 0.3809155609375 0.29346446249999997 0.48486274218750003 0.3296875 0.5122793125 0.3296875
2 0.55 0.3296875 0.55 0.32540023906250004 0.5285838093749999 0.31647934843750003 0.5276875171875 0.315429653125 0.19484306406250002 0.214304528125 0.1945259140625 0.219675815625 0.39367074999999996 0.2871536609375 0.5230211031249999 0.3296875 0.55 0.3296875
2 0.55 0.2766026265625 0.2060949734375 0.1742609671875 0.2058226375 0.1835750765625 0.42930498593750005 0.25214269375 0.55 0.286892796875 0.55 0.2766026265625
2 0.55 0.23946645000000003 0.21205186562499997 0.1474549484375 0.2121070234375 0.15658031875 0.4825826390625 0.2284185375 0.55 0.2469939015625 0.55 0.23946645000000003
2 0.55 0.22637264375 0.54951945 0.2262293265625 0.2191118875 0.139181484375 0.219258396875 0.1458493796875 0.384483759375 0.1928025734375 0.4920828234375 0.21922206718749998 0.55 0.23530416875000001 0.55 0.22637264375
0 0.55 0.6314915453125 0.42760110625000003 0.5016378765625 0.2184974328125 0.553898075 0.2195864359375 0.555349765625 0.1988938875 0.65696681875 0.55 0.8423584234374999 0.55 0.6314915453125
4 0.78125 0.8 0.0359375 0.1984375
3 0.822588971875 0.6989330390624999 0.8183581015625 0.7081903296875 0.8414651671875 0.7434837515625 0.8456960390624999 0.7400122671875 0.822588971875 0.6989330390624999
3 0.8648976843749999 0.7076117500000001 0.860992265625 0.7000902015625 0.837559746875 0.7405908484375 0.8421160703125 0.745798075 0.8648976843749999 0.7076117500000001
3 0.8040382296875 0.8105991109375001 0.8004582609374999 0.82159214375 0.82193806875 0.8545712421874999 0.8258434890625 0.8464711125000001 0.8040382296875 0.8105991109375001
3 0.8440687796875 0.817542078125 0.8401633609375001 0.8117562718750001 0.8190090046874999 0.849942596875 0.822588971875 0.8539926609374999 0.8440687796875 0.817542078125