4 0.51171875 0.50078125 0.0890625 0.9984375
4 0.275 0.26015625 0.090625 0.4484375
4 0.43203125 0.28046875 0.03359375 0.1734375
2 0.0020701984375 0.8099059859375 0 0.8469760187500001 0.45958401875000005 0.696557475 0.45833476093750003 0.6604773296875 0.0036549703125 0.8154645875 0.0020701984375 0.8099059859375
2 0.571572621875 0.6741060156249999 0.566414971875 0.7051161578125 0.9927687390625 0.9611354390625 0.996380278125 0.92590558125 0.5714369875 0.676529971875 0.571572621875 0.6741060156249999
2 0.31391046875 0.7700766828125001 0.460249228125 0.7164779953125 0.4570809765625 0.7055296703125 0.0031016875 0.8593961796875 0.0032561296875 0.8614600390625 0.0027843609375 0.8788980093750001 0.31391046875 0.7700766828125001
2 0.21556901874999998 0.675348171875 0.462794015625 0.5877798296875001 0.4608855703125 0.5761194421875 0.0032589125 0.73029909375 0.00221641875 0.7312072109375001 0.0007804468749999999 0.747913909375 0.21556901874999998 0.675348171875
2 0.2592047703125 0.59645640625 0.46383512343750005 0.525141803125 0.46268115156249995 0.51478971875 0.1360301 0.6243947203125 0.0021838140625 0.66862195625 0.00221641875 0.6704140015625 0.0018156828125 0.682386621875 0.2592047703125 0.59645640625
2 0.5688188203125 0.741897084375 0.991344425 0.9866655968750001 0.9949377140625 0.9698361359375 0.5732961999999999 0.72415779375 0.56773431875 0.7394179171874999 0.5688188203125 0.741897084375
2 0.998910090625 0.8445999921875 0.9110596984375 0.7945553265624999 0.776783596875 0.7185088140625 0.6520307296875 0.646380709375 0.576520640625 0.6023451843750001 0.5745795625000001 0.6166234921875 0.5897262265625 0.6239768640625 0.6767314765625 0.675273690625 0.7931607515625 0.7418143015625 0.875697709375 0.7886165734375 0.997068621875 0.8574755578125 0.9989586015624999 0.8453799375 0.998910090625 0.8445999921875
2 0.7845047593750001 0.6772117640624999 0.9993390828125 0.799020184375 0.998833109375 0.78307458125 0.7818637453124999 0.662728140625 0.5753161109375 0.5430624671875 0.57488769375 0.54565385 0.5738431046875 0.5549100671875 0.7845047593750001 0.6772117640624999
2 0.001174375 0.652078096875 0.0003502578125 0.6627264687500001 0.0715483390625 0.639253696875 0.341006575 0.5509772015625 0.4649159359375 0.50863950625 0.4643613453125 0.501096659375 0.37913354843749997 0.5308850328125 0.28085809687499996 0.5629706515625 0.1967369171875 0.5898611828125 0.106542109375 0.6208756015625 0.00121050625 0.65267420625 0.001174375 0.652078096875
2 0.0994224046875 0.6153236421875 0.20233548437499999 0.5816232296875 0.3426745140625 0.5350950734375 0.4126571 0.510391159375 0.46557340625 0.49340384843749996 0.46482141875 0.48860860156249997 0.3903469296875 0.51337328125 0.26653548437499996 0.5552255374999999 0.1246502796875 0.6012987953125 0.011251253125000001 0.6390203484375 0.000758959375 0.641126671875 0.00098441875 0.641501146875 0.0008835843750000001 0.6462606921875 0.0994224046875 0.6153236421875
2 0 0.6385248296875 0.0692274203125 0.616624921875 0.1734838296875 0.582216996875 0.264624825 0.5506187437500001 0.340124265625 0.5264819125 0.46452605625 0.4839412921875 0.46376406875000004 0.4781393078125 0.46413044374999995 0.4775326921875 0.405578521875 0.49789235 0.27599439531250003 0.5422363390625 0.0556515046875 0.6146432046875 0 0.6321676859375 0 0.6385248296875
2 0.0958813734375 0.5875416453125 0.1558708421875 0.5686697203125 0.274483378125 0.5305003546875 0.361614621875 0.5024366375 0.41610662343750004 0.4836017640625 0.46596407968750003 0.4669570046875 0.4652887703125 0.46393697031250003 0.4149284609375 0.48066677812499997 0.3719651828125 0.4944264828125 0.1951511359375 0.5510800359375 0.032202524999999996 0.602837090625 0.032202524999999996 0.6027405203125 0.0004971953125 0.6131684046875 0.00031605 0.6131373203125 0.0001820984375 0.6169096203125 0.0958813734375 0.5875416453125
2 0.4656774765625 0.456024609375 0.4490910890625 0.46073079375 0.3806377109375 0.4834381203125 0.33465073125 0.499335475 0.287664603125 0.51489655625 0.23747341875 0.5315067484375 0.200701753125 0.5436373671875 0.1341706078125 0.565771853125 0.1167206359375 0.5706667234375 0.051216821875 0.5917076546875 0.0000873734375 0.6073159234375 0.0000873734375 0.60738615625 0 0.611340625 0.037329334375 0.599264875 0.16172705468749998 0.5594688578125 0.267370365625 0.5253277578125 0.323075159375 0.5072369203125 0.3629899015625 0.49497241875000003 0.4332121265625 0.4702272265625 0.4659267140625 0.45962637656250005 0.4655752265625 0.4560966015625 0.4656774765625 0.456024609375
2 0.5576800765625001 0.5289554765625 0.7068622312499999 0.61431839375 0.8057123921875 0.6698861140625 0.87806344375 0.709548496875 0.9281400265625 0.73781426875 0.9997273671875 0.7766919999999999 0.9996585031249999 0.7717377234375 0.9998497437499999 0.7714637171875001 0.9997357234375001 0.7714432625 0.999827375 0.7713960109375 0.8564240812499999 0.69275703125 0.793198840625 0.6566900953125 0.7023029046875 0.6056133703125 0.6223452468749999 0.5595246578124999 0.5586079421875 0.523841978125 0.5576800765625001 0.5289554765625
2 0.6251705078125 0.5531114578125 0.7581986625 0.6281479062499999 0.8273254171875 0.667030590625 0.921954271875 0.72081893125 0.9998457234375 0.762129215625 0.999690084375 0.7576603890625 0.9514510375 0.7307327875 0.8863283953125001 0.694161040625 0.8109677265625 0.6521880875 0.7616971328125001 0.6250269625 0.598139346875 0.5318514140625 0.560788109375 0.5103005484375001 0.5608150234375 0.5105150109375 0.56024301875 0.5149873765625 0.6251705078125 0.5531114578125
2 0.9996552640624999 0.7488757109375 0.9299243718750001 0.7087143640625 0.8695627 0.6746953765625 0.764502325 0.615292425 0.7008068734374999 0.57911014375 0.6068994812499999 0.5238276078124999 0.5601734390625001 0.4980605578125 0.5591568078125 0.504623328125 0.650496228125 0.5565728203125 0.8386383281249999 0.664071403125 0.8386725609375001 0.664071403125 0.90537286875 0.7013616625 0.9995287375 0.7534831140625 0.9996585031249999 0.7490928375 0.9996552640624999 0.7488757109375
2 0.5612713859375 0.48593668437500004 0.560237240625 0.4902668109375 0.687948315625 0.5636936218749999 0.8139948265625 0.6340260140625 0.9068591734375 0.6855924531250001 0.99960550625 0.7353022234375 0.9997184640624999 0.7309930390625 0.89949033125 0.6761650265625 0.7130541765625 0.5715223843749999 0.61096890625 0.5141147078125 0.5612713859375 0.48593668437500004
2 0.5633245640625 0.47971618281249995 0.5625165140624999 0.483724328125 0.6584526109375 0.539265740625 0.7325993859375 0.5792728859375 0.8405384093749999 0.6404151203125 0.9997718875 0.72700491875 1 0.7234468406250001 0.5633245640625 0.47971618281249995