4 0.13671875 0.46953125 0.2734375 0.2390625
3 0.26015625 0.546875 0.0140625 0.084375
3 0.584375 0.33515625 0.03125 0.3296875
2 1 0.5571359499999999 0.7914642468749999 0.55596624375 0.602155446875 0.5441410859375 0.534548528125 0.5710921734375 0.53238731875 0.5715838453125001 0.5331854093749999 0.5890625 0.555458834375 0.5890625 0.6013629703125 0.5727456921875 0.9175471734375 0.5793127890624999 1 0.5788972296875 1 0.5571359499999999
2 1 0.515362775 0.7511554046875 0.4967277140625 0.6108188 0.48096918750000006 0.611445915625 0.48259452031250005 0.6105122890625 0.5188779640625001 1 0.5427433515625 1 0.515362775
2 1 0.49079824531250005 0.6139180640624999 0.45060145625 0.6139180640624999 0.451002309375 0.61551864375 0.4559503359375 1 0.5142090796875001 1 0.49079824531250005
2 1 0.40955532968749997 0.9603097265624999 0.40138938749999997 0.786677525 0.359056590625 0.6056969328124999 0.30889131718749996 0.6049820015625 0.3273400921875 0.747300675 0.3651749953125 1 0.4250100296875 1 0.40955532968749997
2 1 0.35429104375 0.608314428125 0.24197898437499998 0.6077295734375 0.2568319171875 0.834588325 0.3274795484375 0.982981646875 0.3672050484375 1 0.370871209375 1 0.35429104375
4 0.303125 0.6609375 0.028125 0.14375
3 0.45082706093749997 0.6445180921875 0.42790490312499996 0.691982940625 0.43248932812499996 0.69865768125 0.45582826406250004 0.6541594078124999 0.4579121234375 0.653417746875 0.45082706093749997 0.6445180921875
3 0.4053994890625 0.654901034375 0.40706653125000003 0.6556426609375 0.436657009375 0.7038491359375 0.4416582125 0.6956911078125 0.41331803593750005 0.642293178125 0.4053994890625 0.654901034375
0 0.80546875 0.81796875 0.3890625 0.1015625