3 0.2921875 0.225 0.025 0.265625
4 0.5796875 0 0.32148314375 0 0.29190828125 0.06699587343749999 0.40644933125 0.010784339062499999 0.3906616671875 0.4796875 0.560473215625 0.4796875 0.5796875 0.3158686765625 0.5796875 0
2 0.31472978125 0.4796875 0.281576475 0.440512428125 0.21237837499999998 0.4036912359375 0.11391238906250001 0.3431789265625 0.0032051578125 0.270867878125 0 0.2685870578125 0 0.303011334375 0.2538235984375 0.460771415625 0.271593434375 0.4796875 0.31472978125 0.4796875
2 0 0.2507667203125 0.09780180625 0.30403433125 0.2506836171875 0.3847063328125 0.25446896093750004 0.3643624046875 0 0.2363520109375 0 0.2507667203125
2 0 0.221196365625 0.051516931249999995 0.2447674890625 0.22787541562500002 0.3245103609375 0.2307365359375 0.30289900937500003 0 0.201129021875 0 0.221196365625
2 0 0.10727164687499999 0.006131679687500001 0.10842791562500001 0.08956199375 0.1207231625 0.15071786874999998 0.12812930312499998 0.231862796875 0.13706575468749999 0.2724470125 0.138851409375 0.27230047343749997 0.13356614375 0.195419003125 0.12620009062499998 0.1238320453125 0.11926433593750001 0.068231753125 0.112163984375 0.0169108125 0.105071853125 0 0.1016244140625 0 0.10727164687499999
2 0 0.098113965625 0.026976435937499998 0.10281239375 0.10817508437500001 0.1127819546875 0.22028225468749998 0.12389578750000001 0.26822538906250004 0.128557984375 0.2688529875 0.120578753125 0.2684677296875 0.12075612656250001 0.267959009375 0.09291744375 0.069073228125 0.086263015625 0 0.07879202656249999 0 0.098113965625
2 0 0.048149421875 0.0540077375 0.055180823437500005 0.0855496671875 0.05493395156250001 0.122770934375 0.05533320781249999 0.28620313125 0.055534710937499995 0.2886654390625 0.0441415953125 0.16482796875 0.04411818125 0.09385479531249999 0.043863973437499995 0.0212600421875 0.04253349375 0 0.039628632812499995 0 0.048149421875
2 0 0.0341233484375 0.0733371921875 0.0358824234375 0.21253432656250001 0.0296767484375 0.30222877187499997 0.0234380515625 0.3037585375 0.015948634375 0.304013228125 0.015184389062500001 0.305008153125 0.00624281875 0.2823298765625 0.010029990625 0.0569097421875 0.022942559374999998 0 0.020167609375 0 0.0341233484375
3 0 0.4796875 0 0.5238717984375001 0.35291255 0.6903049593749999 0.43522050625 0.5962541828125 0.14833413281250002 0.4796875 0 0.4796875
3 0.98828125 0.91484375 0.0234375 0.1703125
4 0.86484375 0.73984375 0.2703125 0.5203125
3 0.74921875 0.53203125 0.0234375 0.1046875