4 0.159375 0.4765625 0.31875 0.246875
3 0.9203125 0.1828125 0.01015625 0.05625
3 0.9578125 0.2046875 0.00859375 0.0546875
3 0.95703125 0.31328125 0.009375 0.05625
3 0.91328125 0.30625 0.0109375 0.05859375
4 0.9650844109375001 0.6 0.9612573874999999 0.0865030015625 0.9238483953125 0.0759036109375 0.924369040625 0.08103664375 0.88736194375 0.6 0.9650844109375001 0.6
3 0.7271580281250001 0.1928524921875 0.7122916078125 0.1260432171875 0.688710240625 0.1368939109375 0.6900748109375 0.1462952625 0.729390171875 0.24114583281250002 0.76704014375 0.1573552203125 0.749850028125 0.1303912453125 0.7271580281250001 0.1928524921875
3 0.7622894390625 0.416822159375 0.7418490796875 0.48909652656249997 0.7244828937500001 0.43081961093750004 0.7223532984375 0.430084071875 0.7104609828124999 0.4540293453125 0.7412464234375 0.522634340625 0.7414462671875001 0.522634340625 0.774593934375 0.4326792765625 0.7747937796875 0.4326792765625 0.7622894390625 0.416822159375
2 0.31875 0.31014276406249996 0.7096316421875001 0.2450951484375 0.7053138406249999 0.2161693875 0.7052015078125 0.2158885546875 0.31875 0.278683465625 0.31875 0.31014276406249996
2 0.581398315625 0 0.332203121875 0.10964021093750001 0.337100140625 0.1451000109375 0.670313628125 0 0.581398315625 0
2 0.8716762875 0.6 0.8806121859375 0.5615203656250001 0.7614360890625 0.5155153734375 0.760935215625 0.512034475 0.7501741078124999 0.5354304328125 0.8680929390625 0.6 0.8716762875 0.6
2 0.3651023 0.455695315625 0.3592244484375 0.4852240484375 0.7247463890625 0.5280878375 0.72455900625 0.5083110703125 0.3651023 0.455695315625
1 0.51171875 0.84140625 0.22890625 0.0828125
1 0.4484375 0.915625 0.2125 0.0765625
1 0.4109375 0.98125 0.184375 0.0375
3 0.63359375 0.8 0.6296875 0.4