4 0.2255360203125 0 0.22586836875 0.4890625 0.297444278125 0.4890625 0.28323620312500003 0 0.2255360203125 0
2 0 0.48181029531249997 0.22616945 0.47392512656249997 0.2250687140625 0.4552239109375 0 0.46499705 0 0.48181029531249997
2 0 0.4611944453125 0.225309925 0.45318922968750003 0.225309925 0.439127271875 0 0.44703578437499997 0 0.4611944453125
2 0.609375 0.41788999374999997 0.4775246796875 0.3698578875 0.32225715781250003 0.3115943625 0.29881279374999997 0.30550135312500004 0.2989287875 0.3156210796875 0.609375 0.42914826406250006 0.609375 0.41788999374999997
2 0.609375 0.38841216093750003 0.364883946875 0.29875395781249997 0.2971844921875 0.2725538984375 0.296182346875 0.2812516578125 0.29655604687500003 0.28258683906250004 0.609375 0.3967727015625 0.609375 0.38841216093750003
2 0 0.31163383125 0.20979931875000002 0.30653523125 0.21112180937499997 0.2810504390625 0.21135392031250003 0.2806128203125 0 0.2880084484375 0 0.31163383125
2 0.609375 0.11145590937500001 0.296334884375 0.0130298296875 0.2951094328125 0.03317963125 0.5515396109374999 0.11790332968749999 0.609375 0.1343357734375 0.609375 0.11145590937500001
2 0 0 0 0.0224103109375 0.2167454828125 0.019931896875 0.21724955625 0 0 0
4 0.8046875 0.24453125 0.390625 0.4890625
3 0.76948470625 0.4557438875 0.783990371875 0.42809048125000004 0.7180010171875 0.285457784375 0.699661915625 0.316283909375 0.76948470625 0.4557438875
3 0.920987528125 0.42001908749999994 0.9125068531250001 0.3720602859375 0.7928636703125 0.43649183750000004 0.79902429375 0.472787728125 0.920987528125 0.42001908749999994
4 0.396875 0.60546875 0.053125 0.2328125
3 0.92109375 0.5109375 0.0296875 0.04375
3 0.9296875 0.7171875 0.02421875 0.11875
3 0.94140625 0.93984375 0.0203125 0.1203125
3 0.7390625 0.871875 0.0328125 0.0953125
3 0.74296875 0.6828125 0.02890625 0.1109375
3 0.746875 0.503125 0.021875 0.028125
4 0.7426476187500001 0.4890625 0.7309191921875 1 0.93249366875 1 0.9138347234375 0.4890625 0.7426476187500001 0.4890625