4 0.60703125 0.215625 0.0765625 0.30625
4 0.72734375 0.21875 0.1328125 0.3
3 0.70859375 0.30546875 0.00859375 0.10703125
3 0.66796875 0.23828125 0.0078125 0.0859375
3 0.62265625 0.2328125 0.00703125 0.0609375
0 0.36875 0.54232626875 0.2032687953125 0.6619578390624999 0.2304378265625 0.705599653125 0.36875 0.63374151875 0.36875 0.54232626875
1 0.5484375 0.7859375 0.034375 0.02109375
3 0.5057795234375 0.36875 0.43609177500000007 0.551040353125 0.43289326250000004 0.5611351421874999 0.5256515671875001 0.6284337125 0.6241519359375 0.36875 0.5057795234375 0.36875
3 0.6381393890625 0.36875 0.56149245625 0.5928638609375 0.6248068953125 0.638528503125 0.7222048453125 0.36875 0.6381393890625 0.36875
3 0.5150056140625 1 0.631204065625 0.7091920296875001 0.5467539609375 0.6709017218750001 0.5464421140625 0.6721778265625 0.416155346875 1 0.5150056140625 1
3 0.6528658281249999 1 0.7607457671875 0.7327465640625 0.6567924515625 0.704144634375 0.5413830015625 1 0.6528658281249999 1
4 0.684375 0.684375 0.63125 0.63125