0 0.3 0.45 0.3 0.17890155624999998 0.0249785984375 0.1836418296875 0 0.214692025 0 0.3442943203125 0.1893625296875 0.45 0.3 0.45
1 0.70234375 0.390625 0.01015625 0.0140625
3 0.70078125 0.38203125 0.0296875 0.1359375
4 0.72265625 0.225 0.1546875 0.45
3 0.7375 0.08984375 0.01796875 0.11328125
4 0.15703125 0.70703125 0.04765625 0.1703125
2 0.3 0.98483733125 0 0.878140959375 0 0.88719445 0.2077251109375 0.962842103125 0.3 0.9955049328125 0.3 0.98483733125
2 0.3 0.9732056296875001 0 0.8694636546875 0 0.8762250625 0.10560934531249999 0.9131488781249999 0.1992505375 0.946279103125 0.3 0.9818794328125 0.3 0.9732056296875001
2 0.3 0.9413019484374999 0 0.840934546875 0 0.84833441875 0.1012280609375 0.8825269625000001 0.231268134375 0.9278427312499999 0.3 0.9505522093749998 0.3 0.9413019484374999
2 0.3 0.9268290328125002 0.24889630937499999 0.9055418484375 0.2480000171875 0.9044921531250001 0 0.829144546875 0 0.8375942999999999 0.11398325000000001 0.8762161609374999 0.3 0.9373834203125 0.3 0.9268290328125002
2 0.3 0.8744997390624999 0 0.7852236453125 0 0.7953003843750001 0.1496174859375 0.8412051937499999 0.3 0.8845028218749998 0.3 0.8744997390624999
2 0.3 0.8366118218749999 0 0.754932275 0 0.7635921671875 0.2028951390625 0.8174810375 0.3 0.8442361359374999 0.3 0.8366118218749999
2 0.3 0.8242890640624999 0.26983195000000004 0.8152918265625001 0 0.7442029906250001 0 0.752084421875 0.10479625937499999 0.7818650734375 0.2123953234375 0.8082845671874999 0.3 0.8326101187500001 0.3 0.8242890640624999
2 0.3 0.48526606875 0 0.46472574062499994 0 0.4842053203125 0.3 0.5002870109375 0.3 0.48526606875
3 0.38046875 0.49140625 0.0265625 0.0828125
3 0.375 0.68515625 0.0265625 0.10390625
3 0.58046875 0.75 0.02578125 0.11796875
3 0.56796875 0.52265625 0.02578125 0.12421875
4 0.36171176250000003 0.45 0.3425572265625 0.675785175 0.4092005140625 0.7443455968749999 0.39639848906249997 1 0.564110778125 1 0.55706526875 0.7517575937500001 0.5668583375 0.45 0.36171176250000003 0.45