0 0 0 0 0.04106128125 0.45 0.1983909765625 0.45 0 0.35057469375 0 0.3517921390625 0.023124196875 0.2765436046875 0 0 0
3 0.6546875 0.1421875 0.0296875 0.11796875
3 0.6625 0.384375 0.02421875 0.11875
3 0.67421875 0.58828125 0.0203125 0.0828125
3 0.471875 0.5390625 0.0328125 0.0953125
3 0.47578125 0.35 0.02890625 0.1109375
3 0.48046875 0.13515625 0.021875 0.0984375
4 0.47904679375 0 0.4645924953125 0.6296875 0.6639367046875 0.6296875 0.6409411234375 0 0.47904679375 0
4 0.97734375 0.2015625 0.0453125 0.28125
3 0.01015625 0.86328125 0.0203125 0.1390625
3 0.11875 0.76953125 0.01640625 0.10703125
4 0.014779492187500002 0.6296875 0 0.972021534375 0 1 0.12453852812499999 1 0.12435142031249999 0.6296875 0.014779492187500002 0.6296875
2 0.13978203281249998 0.6296875 0.1398611578125 0.642853475 0.45 0.7635758859375 0.45 0.7354077609375 0.1648660171875 0.6296875 0.13978203281249998 0.6296875
2 0.45 0.9309821875000001 0.15024631718749998 0.8088551687500001 0.1499026015625 0.8358354796875 0.148539615625 0.8369237265624999 0.45 0.9530113703125 0.45 0.9309821875000001
2 0.28669856875 0.6296875 0.45 0.687616375 0.45 0.661501103125 0.3547562078125 0.6296875 0.28669856875 0.6296875