0 0.4796875 0 0 0 0 0.0434711796875 0.229590315625 0.13394910468750001 0.4796875 0.10210554062499999 0.4796875 0
4 0.76171875 0.275 0.1640625 0.55
2 1 0.5004604546875 0.856937696875 0.3948535703125 0.854631515625 0.4182003234375 1 0.52532334375 1 0.5004604546875
2 1 0.463424159375 0.86852515 0.368029121875 0.8682271343749999 0.369504425 0.8665124000000001 0.38764821875 1 0.48580943593750003 1 0.463424159375
2 1 0.364554 0.8511244890625 0.267514565625 0.8498953625000001 0.268960965625 0.8498281171875 0.287792146875 1 0.38908252656250003 1 0.364554
2 1 0.2590176 0.8529585031250001 0.166967896875 0.8527628828125 0.166967896875 0.8503283265625001 0.1903526875 1 0.2831494046875 1 0.2590176
2 0.4796875 0.2066140625 0.632584353125 0.1553527109375 0.6304970437499999 0.13623400000000002 0.4796875 0.18628808125000001 0.4796875 0.2066140625
2 0.4796875 0.30272882343749996 0.6486955078125 0.258447009375 0.6495314234375 0.247609421875 0.4796875 0.292954134375 0.4796875 0.30272882343749996
2 0.4796875 0.2892694234375 0.6666766734375 0.23837666406250002 0.6658499234375 0.225103021875 0.6657326015625 0.225103021875 0.4796875 0.27669435625 0.4796875 0.2892694234375
3 0.66192690625 0 0.6547498140625 0.1294830109375 0.66996290625 0.13348975000000002 0.6773351812499999 0 0.66192690625 0
3 0.83333054375 0 0.830545546875 0.0924206625 0.838433815625 0.0944240328125 0.8417833171875 0 0.83333054375 0
3 0 1 0.026747415625 1 0.1201207671875 0.7686840640625 0.016167451562499997 0.7400821343749999 0 0.78152785 0 1
4 0.21015625 0.775 0.4203125 0.45
1 0.653125 0.95703125 0.05859375 0.05703125
1 0.65546875 0.88828125 0.05390625 0.05
3 0.6484375 0.82734375 0.15625 0.3453125