0 0.3640625 0.125 0.45703125 0.10390625
4 0.6953125 0.16953125 0.1125 0.3390625
3 0.71953125 0.16953125 0.009375 0.12109375
5 0.49272133125 0.5566679328124999 0.49093596875 0.5353913375 0.46594088749999996 0.53691109375 0.42162388437500004 0.56730623125 0.4105946375 0.609859421875 0.43380435625 0.61745820625 0.46772625156250003 0.6037803953124999 0.49629205781249996 0.5885828265624999 0.49272133125 0.5566679328124999
5 0.3623898390625 0.8834156531249999 0.3588191140625 0.8560600296875001 0.3144810265625 0.843901975 0.2891899609375 0.8666983281250001 0.2891899609375 0.9046922500000001 0.3052582265625 0.9198898171875001 0.34810693593750003 0.9138107906249999 0.3623898390625 0.8834156531249999
5 0.2927606859375 0.6630509124999999 0.2609095984375 0.6463335859375 0.22670225781250003 0.6767287234375 0.22491689531249998 0.6995250765625001 0.242770525 0.71472264375 0.2802631453125 0.690406534375 0.2927606859375 0.6630509124999999
5 0.174926734375 0.7663943765625 0.141266740625 0.79375 0.1535023796875 0.8165463531250001 0.176712096875 0.8165463531250001 0.207063265625 0.7967895140625 0.20349254062500002 0.7663943765625 0.174926734375 0.7663943765625
3 0.69921875 0.471875 0.0125 0.0859375
3 0.6984375 0.6875 0.0140625 0.0921875
3 0.69765625 0.8890625 0.01015625 0.0765625
4 0.6390625 0.3390625 0.6390625 1 0.68754933125 1 0.6862356921874999 0.3390625 0.6390625 0.3390625
2 1 0.865801603125 0.7019265890625 0.9163055281249999 0.6998518687499999 0.9285301875 1 0.874385840625 1 0.865801603125