3 0.771875 0.1546875 0.034375 0.309375
4 0.871875 0.1546875 0.25625 0.309375
4 0.04765625 0.6546875 0.0953125 0.690625
1 0.0546875 0.95078125 0.01328125 0.01796875
3 0.0484375 0.3328125 0.053125 0.046875
3 0.05234375 0.9078125 0.0515625 0.184375
2 0.51875 0.9217081546875001 0.2108575359375 1 0.3477687 1 0.51875 0.95771793125 0.51875 0.9217081546875001
2 0.51875 0.43606019687500003 0.050075659375000005 0.3162984640625 0 0.3163192078125 0 0.34440301562500003 0.0461708546875 0.3440591890625 0.51875 0.45778737031250005 0.51875 0.43606019687500003
4 0.1234375 0.45859375 0.06875 0.2984375
2 0.51875 0.5206264296875001 0.324713665625 0.48980271250000007 0 0.43403741250000005 0 0.46427738749999997 0.51875 0.5538834734375 0.51875 0.5206264296875001
2 0.51875 0.744112665625 0.111517334375 0.787053765625 0.11614583281249999 0.787847221875 0.1175852453125 0.8208672421875001 0.51875 0.7780133734375 0.51875 0.744112665625
4 0.81953125 0.76171875 0.2609375 0.4765625
3 0.93671875 0.98515625 0.0203125 0.0296875
3 0.771875 0.84375 0.01328125 0.14921875
4 0.55703125 0.584375 0.0328125 0.128125
3 0.7015625 0.7375 0.0109375 0.10625