0 0 0 0 0.025764603125 0.2300637515625 0.47695612968749995 0.321225534375 0.5390625 0.3308383125 0.5390625 0.380356975 0.45518104375 0.11794098281250001 0 0 0
0 0.76328125 0.44296875 0.4671875 0.1921875
4 0.32734375 0.76953125 0.1640625 0.4609375
2 0.5296875 1 0.5296875 0.9771453031250001 0.418583503125 0.907592896875 0.41838788281249994 0.907592896875 0.4159533265625 0.9309776875000001 0.5272793015625 1 0.5296875 1
2 0 0.705014184375 0.1672238640625 0.6266212671875 0.16369353125 0.6047881234375 0 0.6796037421875 0 0.705014184375
2 0 0.9624308734374999 0.19820935312500002 0.8959777109375 0.19612204375 0.8768589999999999 0 0.94195241875 0 0.9624308734374999
2 0.15515 1 0.2323016734375 0.9790016640625 0.23147492343749998 0.965728021875 0.2313576015625 0.965728021875 0.10776836406250001 1 0.15515 1
3 0.2203748140625 0.8701080109374999 0.23558790625 0.87411475 0.25080099843750003 0.598651353125 0.23558790625 0.5956462984375 0.2203748140625 0.8701080109374999
3 0.396170546875 0.8330456625 0.404058815625 0.8350490328125 0.4080029515625 0.7238619890625 0.3995512328125 0.7208569328125 0.396170546875 0.8330456625
4 0.97109375 0.625 0.0515625 0.171875
3 0.646875 0.62890625 0.0203125 0.1171875
3 0.65703125 0.87890625 0.021875 0.1171875
4 0.5296875 0.5390625 0.5296875 1 0.6198731671875 1 0.61853161875 0.9433549265625001 0.6726792953125 0.8266168640625 0.657081434375 0.5390625 0.5296875 0.5390625