0 0.26875 0.08482975937500001 0 0.087508096875 0 0.4243375953125 0.26875 0.2889108359375 0.26875 0.08482975937500001
0 0.5449799953125 0 0.8999650625000001 0.2496177640625 0.9369936484375 0.175582521875 0.756669015625 0 0.5449799953125 0
3 0.0265625 0.59140625 0.01875 0.0828125
3 0.01953125 0.81953125 0.0171875 0.1078125
2 0.26875 0.95482174375 0.057887871875 0.86710195625 0.0562970171875 0.8665982781249999 0.0539929609375 0.8915866187500001 0.26875 0.997693103125 0.26875 0.95482174375
2 0.26875 0.7532272093750001 0.033626045312500005 0.665586615625 0.032282862499999995 0.685590815625 0.26875 0.7777966703125 0.26875 0.7532272093750001
2 0.26875 0.684220846875 0.0551408671875 0.616191253125 0.05195425 0.6096167390625 0.0508099 0.63857929375 0.26875 0.7159964703125 0.26875 0.684220846875
4 0.5 0.89921875 0.06875 0.2015625
4 0.63046875 0.8890625 0.1640625 0.221875
3 0.6015625 0.97890625 0.0125 0.0421875
3 0.55859375 0.9546875 0.0109375 0.090625