0 0.3 0 0 0 0 0.10348658125000001 0.15715511875 0.102555571875 0.3 0.0508625796875 0.3 0
4 0.98125 0.2765625 0.0375 0.271875
3 0.7328125 0.465625 0.0375 0.06875
3 0.328125 0.44140625 0.025 0.1171875
2 0.3 0.2126701796875 0.45317020625 0.1817239265625 0.44782544843750005 0.1551073890625 0.3 0.1899630875 0.3 0.2126701796875
2 0.3438615015625 0.374865515625 0.45185995000000007 0.30542339687500003 0.4506456703125 0.29039942343749997 0.3406837609375 0.367362425 0.3386802953125 0.3658989515625 0.3438615015625 0.374865515625
2 0.3541672921875 0.3681893484375 0.357317865625 0.3793037 0.4541894796875 0.327792615625 0.4511143984375 0.31503598125 0.45106091406250004 0.3132846109375 0.3541672921875 0.3681893484375
2 0.5618197125 0.2926669296875 0.5586808484375 0.31242719218750004 0.7050325109375 0.4203735375 0.7054674828125 0.3925111296875 0.5618197125 0.2926669296875
2 0.6799136546875 0.42120933125000004 0.679026484375 0.4044788828125 0.5578425421875 0.32451029062500003 0.5556243296875 0.34604830781249996 0.6799136546875 0.42120933125000004
2 0.9290643859374998 0.182278028125 0.5817388484375 0.1346970625 0.581608340625 0.1335147890625 0.5803136375 0.16477672031249999 0.9296481859375 0.21080829531249998 0.9290643859374998 0.182278028125
4 0.5595424375 0.5 0.5546174875000001 0.1309391140625 0.4519209421875 0.1395925296875 0.44290621249999995 0.5 0.5595424375 0.5
0 0.3 0.762134334375 0 0.8151078500000001 0 1 0.06679151093749999 1 0.3 0.9489011890625001 0.3 0.762134334375
3 0.56015625 0.6734375 0.02734375 0.1546875
3 0.54296875 0.9765625 0.0265625 0.046875
3 0.68359375 0.56328125 0.01953125 0.1125
4 0.62421875 0.75 0.1890625 0.5
2 1 1 1 0.9785102890624999 0.7319914640625 0.833227478125 0.7275646203125 0.8838011984375 0.9264792937500002 1 1 1
2 0.8649470546875001 0.5 1 0.5532279109375 1 0.5193458328125 0.9477781406249999 0.5 0.8649470546875001 0.5
2 1 0.7148421234375 0.73237840625 0.6150268015625 0.7325906765625 0.6480757140625 1 0.77561635 1 0.7148421234375
2 0.3 0.7786417546875001 0.49586387343750005 0.828316409375 0.5255309312499999 0.8251957765625001 0.5179644999999999 0.7888646921875 0.3 0.743766671875 0.3 0.7786417546875001
2 0.3 0.7137229984375 0.41050023593749996 0.7279537984375001 0.516260103125 0.741607190625 0.5155162609375 0.7172317078124999 0.3 0.6870443093749999 0.3 0.7137229984375