0 0.4 0 0 0 0 0.1072844265625 0.226265415625 0.30869302187500003 0.4 0.27621820625 0.4 0
5 0.717432403125 0.2624116234375 0.6877090328125 0.269803478125 0.696892565625 0.3592449328125 0.7164987734375 0.3747678296875 0.7389058671875001 0.372550271875 0.744507640625 0.35480981875 0.7342377234375 0.3111978703125 0.717432403125 0.2624116234375
4 0.26484375 0.7046875 0.2703125 0.590625
3 0.1609375 0.73671875 0.01640625 0.1828125
3 0.34765625 0.6890625 0.015625 0.13203125
4 0.98984375 0.5078125 0.0203125 0.196875
3 0.54453125 0.61015625 0.00859375 0.0484375
3 0.55 0.80625 0.00859375 0.0390625
3 0.47578125 0.67421875 0.00859375 0.04765625
3 0.48125 0.58828125 0.00859375 0.046875
3 0.471875 0.76171875 0.00703125 0.04140625
4 0.5459168140624999 1 0.5396540078125 0.8161652421875001 0.5620495375 0.794093034375 0.5410322046875 0.5126723875 0.48177023124999996 0.505634475 0.4576520125 0.740017253125 0.48211478906250005 0.7688337421875 0.4677544546875 1 0.5459168140624999 1