0 0.22109375 0.13125 0.4421875 0.128125
5 0.5677083328125 0 0.553125 0.0109375 0.5385416671875001 0.01875 0.5427083328125 0.0359375 0.5572916671875 0.0671875 0.5572916671875 0.10625 0.5572916671875 0.134375 0.559375 0.1421875 0.590625 0.14375 0.6177083328124999 0.1375 0.7635416671874999 0.140625 0.7239583328125001 0.103125 0.7447916671874999 0.0328125 0.671875 0.0078125 0.665081521875 0 0.5677083328125 0
2 0.42156016406249996 0.359375 0.459375 0.4312050625 0.459375 0.3879980984375 0.44512875 0.359375 0.42156016406249996 0.359375
2 0.123865059375 0.359375 0.459375 0.606568859375 0.459375 0.571978940625 0.16229889375 0.359375 0.123865059375 0.359375
2 0.459375 0.7506984265625001 0 0.9295580203124999 0 0.9607129265625 0.459375 0.7765102953125 0.459375 0.7506984265625001
2 0.459375 0.6257184656250001 0 0.4668112546875 0 0.49074136093750004 0.459375 0.6488978140625 0.459375 0.6257184656250001
2 0.21060844531249998 0.359375 0.277593315625 0.4159866890625 0.2787326390625 0.382964409375 0.2502811796875 0.359375 0.21060844531249998 0.359375
4 0.74178449375 0.359375 0.7294492531250001 0.4383013875 0.6617413625 0.49863244531250006 0.6270498890625 0.3919930984375 0.6208614921875 0.5925634750000001 0.6219512125 1 0.7808367281249999 1 0.7920815734375 0.5955297187499999 0.8659080671874999 0.5959484828124999 0.8624416343749999 0.5930567984375 0.8185365859375 0.359375 0.74178449375 0.359375
2 1 0.9005206968749999 0.909151990625 0.8923072359375 0.90893753125 0.9024036984375 1 0.9098280859375001 1 0.9005206968749999
2 1 0.865235915625 0.8953540531249999 0.8526689328125 0.8953540531249999 0.859105790625 1 0.8717235890625 1 0.865235915625
3 0.9010000843749999 1 0.8773598343749999 0.6395045953125 0.8499060109375 0.640935309375 0.8708974296874998 1 0.9010000843749999 1
3 0.6705659296875 0.7948205921875 0.6896023828125 0.791541871875 0.6720522828125001 0.64853598125 0.6525309765625 0.6485657874999999 0.6705659296875 0.7948205921875
2 0.459375 0.9753272671875 0.6208145843749999 0.9042046921875 0.61980606875 0.8982780203124999 0.61980606875 0.8981561609375 0.459375 0.968394909375 0.459375 0.9753272671875
2 0.459375 0.963384521875 0.5558316109375 0.921570634375 0.6201964999999999 0.8940274328125 0.6187157796875 0.8868329578124999 0.459375 0.9561326265625001 0.459375 0.963384521875
2 0.459375 0.9211678421875 0.6204757765625 0.8566118640625 0.6199908781250001 0.850772125 0.459375 0.9140599625 0.459375 0.9211678421875
2 0.459375 0.9093052046875 0.5188532328125 0.8857267828125 0.6191082906250001 0.8464480140624999 0.618474875 0.838766971875 0.459375 0.9018227734375 0.459375 0.9093052046875
2 0.459375 0.8702475 0.619086796875 0.8105156078124999 0.6181565890625 0.8042965531250001 0.618027309375 0.804102634375 0.459375 0.8629145296875 0.459375 0.8702475
2 0.459375 0.856262878125 0.5108665203125 0.837420465625 0.616922753125 0.7990543890625 0.6156145265624999 0.7927417171875 0.459375 0.8497201453125001 0.459375 0.856262878125
2 0.459375 0.8143387749999998 0.4839431078125 0.8060014656250001 0.570974465625 0.7770582203124999 0.610174309375 0.7630750046875 0.6084712609375 0.7595871390625 0.459375 0.8101726015625001 0.459375 0.8143387749999998
2 1 0.8592816687500001 0.898789065625 0.8455213421875001 0.8988499828125001 0.850438259375 1 0.8633062406249999 1 0.8592816687500001