0 0.45 0.0117881421875 0.2472912875 0.074497721875 0.45 0.2334982703125 0.45 0.0117881421875
3 0.6640625 0.08203125 0.071875 0.1640625
4 0.71171875 0.2296875 0.2234375 0.459375
3 0.7875 0.015625 0.028125 0.03125
3 0.36780680781249997 0.459375 0.388732184375 0.528119875 0.399145225 0.5132958656250001 0.3853719671875 0.459375 0.36780680781249997 0.459375
3 0.40134570625 0.459375 0.38144304687499997 0.5040308484375 0.3918560859375 0.5299728453125 0.418929878125 0.4632649265625 0.41696250937499996 0.459375 0.40134570625 0.459375
3 0.34187364531250003 0.639248175 0.3689474359375 0.72078001875 0.37831914375000003 0.715221025 0.3543692546875 0.620718140625 0.34187364531250003 0.639248175
3 0.3969934796875 0.643163546875 0.3866496140625 0.6318361265625 0.359575728125 0.70225006875 0.3689474359375 0.7281920656249999 0.3969934796875 0.643163546875
3 0.351245353125 0.8338129359374999 0.375195240625 0.8986678000000001 0.3866496140625 0.8875498140625 0.366864865625 0.8078709390625001 0.3658235328125 0.8134299328125 0.351245353125 0.8338129359374999
3 0.40327700625 0.8487246125000001 0.3908147546875 0.82825394375 0.3679061984375 0.89681483125 0.3793604765625 0.911638840625 0.40327700625 0.8487246125000001
4 0.61222811875 0.459375 0.6118969296875 0.47422535000000005 0.6111659359375 0.488195459375 0.608241959375 0.51613568125 0.6080592109375 0.5534976046875 0.605866228125 0.593783503125 0.6045869890625 0.68020325625 0.6053179828124999 0.7035950703125 0.6049524859375 0.750053809375 0.6033077484375 0.8069089093749999 0.603490496875 0.8400473109375 0.6016630109375 0.9017757062499999 0.60239400625 0.929715928125 0.6009320171875 0.9495339906249999 0.601114765625 0.981372846875 0.600018275 0.9992415937499999 0.5998168234375 1 0.6937129984375 1 0.6939510234374999 0.9969673890624999 0.6939510234374999 0.983322165625 0.692671784375 0.9700018281249999 0.6912097953125 0.927766609375 0.6910270468749999 0.8494690140625 0.6888340640624999 0.8069089093749999 0.6888340640624999 0.756876421875 0.6842653515625 0.7169154078125001 0.6844481 0.6798783703125 0.6791483921875 0.5557718078125 0.6780519 0.5083384093750001 0.6778954125000001 0.459375 0.61222811875 0.459375
2 0.45 0.9325486625 0.5957782109374999 0.8826773015625001 0.595440703125 0.856675090625 0.5367614421875 0.8605259953125 0.45 0.8954512828125001 0.45 0.9325486625
2 0.45 0.8789324875 0.5959331328124999 0.827673496875 0.5945720375000001 0.80674680625 0.5945720375000001 0.8065894265625 0.45 0.8554708140624999 0.45 0.8789324875
2 0.45 0.7834276421874999 0.6039208140625 0.729689465625 0.6010539328125 0.7182622453125 0.45 0.7700190906250001 0.45 0.7834276421874999
2 0.45 0.7676377984375 0.4775913171875 0.758149815625 0.603556971875 0.713891290625 0.6017833593749999 0.7075202218750001 0.45 0.7600691640624999 0.45 0.7676377984375
2 0.45 0.654149590625 0.60325435 0.6017006234375 0.603141621875 0.5982838687500001 0.45 0.6504934984374999 0.45 0.654149590625
2 0.8768464937499999 1 0.8776889234375 0.9930278999999999 0.699235834375 0.8931841390624999 0.69837819375 0.9128754593749999 0.8557665984374999 1 0.8768464937499999 1
2 0.9632411140624999 1 0.9638043156249999 0.9938098937500002 0.7035218203125 0.8438517000000001 0.70320573125 0.8644036078124999 0.9429108390625001 1 0.9632411140624999 1
2 1 0.9332938531250001 0.6945171609375 0.7588654234375 0.6943785640625 0.771145571875 1 0.9434272499999998 1 0.9332938531250001
2 1 0.9178521906250001 0.7050123562499999 0.7465149609375 0.7047479046875 0.7571892890624999 1 0.928101778125 1 0.9178521906250001