0 0.2796875 0.0838478140625 0 0.11755618593749999 0 0.2439414765625 0.0000675671875 0.24422167187500002 0.2796875 0.2515559484375 0.2796875 0.0838478140625
4 0.14453125 0.74453125 0.1453125 0.5109375
3 0.92109375 0.8203125 0.015625 0.0828125
3 0.9265625 0.58828125 0.0140625 0.08828125
3 0.86171875 0.35859375 0.0109375 0.0171875
3 0.93359375 0.36796875 0.0140625 0.0359375
3 0.85078125 0.52578125 0.01015625 0.0625
4 0.8607340406249999 0.35 0.809319559375 1 0.9256601468749999 1 0.92977551875 0.35 0.8607340406249999 0.35
2 0.45859883906250004 1 0.8237963749999999 0.8969029203125001 0.8207055640625001 0.889210234375 0.8211364046875002 0.8819124125 0.40298636718749997 1 0.45859883906250004 1
2 1 0.86366954375 0.9311612453125001 0.8538486234375 0.9316750421875 0.8729828093750001 1 0.8819322671875 1 0.86366954375
2 0.2796875 0.871466525 0.8284713937500001 0.7358655765625001 0.8299512374999999 0.716445946875 0.2796875 0.8583498515624999 0.2796875 0.871466525
2 0.2796875 0.8003104765625 0.7584076609375 0.6826923296875 0.7596359578125 0.6658845031249999 0.2796875 0.7831996640625001 0.2796875 0.8003104765625
2 0.2796875 0.53897986875 0.76611461875 0.4378965375 0.7671716484375 0.42101734999999996 0.2796875 0.523429640625 0.2796875 0.53897986875
3 0.75711476875 0.35 0.7478852625 0.4000001859375 0.7550315671875001 0.4058078171875 0.7636282 0.35 0.75711476875 0.35
3 0.742050575 0.35 0.749113853125 0.399846175 0.7535572578124999 0.39692275781249997 0.7478756828125 0.35 0.742050575 0.35
3 0.7501061765625 0.5277596609375 0.745580865625 0.5286697296874999 0.7502652640624999 0.598011271875 0.7558648031249999 0.5951326578125 0.7501061765625 0.5277596609375
3 0.75978369375 0.544247284375 0.7506795187499999 0.593368528125 0.756520053125 0.598008471875 0.766484240625 0.5483299875000001 0.75978369375 0.544247284375
3 0.840625 0.69140625 0.0078125 0.05703125