0 0.6296875 0.36875 0.6296875 0.3109244375 0.40885110625000004 0.0766378765625 0.19974743281250001 0.128898075 0.20083643593749997 0.130349765625 0.18014388750000002 0.23196681875 0.43919235624999997 0.36875 0.6296875 0.36875
1 0.69296875 0.25390625 0.0203125 0.01640625
3 0.6953125 0.246875 0.084375 0.24375
2 1 0.2368281453125 0.652027175 0.31605710781249996 0.6296875 0.32166989375 0.6296875 0.351703353125 1 0.2661245359375 1 0.2368281453125
3 0.453125 0.4890625 0.015625 0.0578125
3 0.446875 0.6109375 0.0140625 0.0578125
3 0.48984375 0.6171875 0.0109375 0.0546875
3 0.490625 0.50625 0.0125 0.05546875
4 0.45 0.6890625 0.10625 0.621875
3 0.2575140078125 0.55467375 0.27105095156250003 0.5417027937500001 0.2388481328125 0.4119239046875 0.2200271765625 0.42866987500000003 0.2575140078125 0.55467375
3 0.259596578125 0.563938765625 0.29604217187500004 0.46572985781250004 0.299166075 0.45831789531249995 0.280422659375 0.43422886875 0.24710096875 0.5435557624999999 0.259596578125 0.563938765625
3 0.28771170156250003 0.8289173859375001 0.2564726765625 0.7270025390624999 0.2554314390625 0.717737521875 0.2366880234375 0.73997349375 0.273133521875 0.8511533578125 0.28771170156250003 0.8289173859375001
3 0.273133521875 0.8604183750000001 0.31062035312499997 0.73997349375 0.3137442546875 0.73997349375 0.29500083906249996 0.719590575 0.25855534062499996 0.8455943640625 0.273133521875 0.8604183750000001
4 0.81484375 0.79765625 0.3703125 0.4046875
3 0.8879030125 0.837893646875 0.8112432625 0.9117755468750002 0.81426974375 0.9300261703124999 0.8953029375 0.8541448124999999 0.8879030125 0.837893646875
3 0.7901046765624999 0.9320731640624998 0.794986153125 0.9148178125000002 0.7161622421875 0.8362982390625 0.7095594640625 0.85919545 0.7901046765624999 0.9320731640624998