1 0.69765625 0.15859375 0.05703125 0.03203125
3 0.6921875 0.2328125 0.18125 0.371875
3 0.8265625 0.246875 0.178125 0.34375
3 0.24765625 0.52421875 0.0265625 0.2109375
4 0 0.41875 0 1 0.083021346875 1 0.120729965625 0.46028388906249995 0.2118628203125 0.41875 0 0.41875
2 0.11743146093750001 0.6052458828125 0.222469859375 0.6786434609375 0.22618875468750002 0.6545446578125 0.22618875468750002 0.65396461875 0.1209841984375 0.584038209375 0.11743146093750001 0.6052458828125
2 0.229392546875 0.5960241703125 0.22903304375000003 0.5687668734375 0.1433987578125 0.5271943984374999 0.14070701562500001 0.548800846875 0.229392546875 0.5960241703125
2 0.22234749062499998 0.6335318421875 0.22072519375000002 0.606949746875 0.144945528125 0.5643168875 0.142317228125 0.585243603125 0.22234749062499998 0.6335318421875
4 0.95859375 0.81328125 0.0390625 0.27265625
3 0.3046875 0.959375 0.025 0.08125
2 0.2796875 0.747976309375 0.42973270625 0.7176614265625 0.42438794843750005 0.6910448890625001 0.2796875 0.7251637453124999 0.2796875 0.747976309375
2 0.3172462609375 0.903299925 0.3152427953125 0.9018364515624999 0.3204240015625 0.9108030156249999 0.42842245000000007 0.8413608968750002 0.4272081703125 0.8263369234375 0.3172462609375 0.903299925
2 0.4276768984375 0.8509734812499999 0.42762341406250004 0.8492221109375 0.3307297921875 0.9041268484374999 0.333880365625 0.9152412 0.4307519796875 0.863730115625 0.4276768984375 0.8509734812499999
2 0.6815950109375 0.9563110375000001 0.6820299828125 0.9284486296875001 0.5383822125 0.8286044296874999 0.5352433484375 0.8483646921875 0.6815950109375 0.9563110375000001
2 0.5344050421875 0.8604477906250001 0.5321868296875 0.8819858078125 0.6564761546875 0.95714683125 0.655588984375 0.9404163828125001 0.5344050421875 0.8604477906250001
2 0.5568761375 0.7007142203125 0.9062106859375 0.7467457953125 0.9056268859374998 0.718215528125 0.5583013484375 0.6706345625 0.558170840625 0.6694522890625001 0.5568761375 0.7007142203125
4 0.5356253671875 1 0.5311799875000001 0.6668766140625 0.4284834421875 0.6755300296875 0.42036760156249997 1 0.5356253671875 1