0 0 0.4296875 0.452064640625 0.4296875 0.634959984375 0.21380375 0.589655703125 0.08152636875 0.047944871875 0.28203235000000004 0 0.3907938609375 0 0.4296875
3 0.63046875 0.74375 0.0109375 0.0671875
3 0.6234375 0.86953125 0.0109375 0.0546875
3 0.67421875 0.72265625 0.00859375 0.05234375
3 0.63671875 0.60625 0.0140625 0.05
4 0.6846884671875 1 0.6813426140625001 0.5001010625 0.639996484375 0.49777763906250005 0.6084001828125001 1 0.6846884671875 1
3 0.44046053125 0.4296875 0.4626103546875 0.50479850625 0.469917471875 0.4980722359375 0.44986163125 0.4296875 0.44046053125 0.4296875
3 0.4831039078125 0.4296875 0.4625541109375 0.49958828281249995 0.4703278984375 0.5044661109375 0.49317828906249994 0.4296875 0.4831039078125 0.4296875
3 0.4352029671875 0.8077833218749999 0.44092765937499995 0.7996004593749999 0.4108905 0.7221416093749999 0.40392996718749996 0.7301136859375 0.4352029671875 0.8077833218749999
3 0.434666371875 0.7987870359375 0.44134720781250003 0.8060483812499999 0.469531365625 0.7052327015625 0.46113433906249995 0.6989820546875001 0.434666371875 0.7987870359375
3 0.47521506249999995 1 0.4828337546875 0.9716973031249999 0.4755327171875 0.9660222671875001 0.4663578078125 1 0.47521506249999995 1
3 0.9257143093750001 0.5325959499999999 0.919466503125 0.5325959499999999 0.9100947953125 0.5548319234375001 0.9330033515625 0.6289518046875 0.9475816265624999 0.6159808484375 0.9257143093750001 0.5325959499999999
3 0.9673662796875 0.565949909375 0.9663250421875 0.5585378624999999 0.9548706703125 0.5511259 0.93092078125 0.612274825 0.9402924890625 0.6363637671875 0.9673662796875 0.565949909375
3 0.9028056578125 0.7308666515625 0.901764325 0.7253076578125001 0.889268715625 0.7531026234375 0.9132186984375 0.8216635968749999 0.92363164375 0.8012805921874999 0.9028056578125 0.7308666515625
3 0.9330033515625 0.73642564375 0.9038469906250001 0.817957571875 0.9163426015624999 0.8346345515625 0.9454989625 0.7586616171875 0.9496641968749999 0.7549556781250001 0.9330033515625 0.73642564375
3 0.929842196875 1 0.934044684375 0.9958453546874999 0.90697089375 0.9217254734375 0.9059295609374999 0.9143134265625001 0.8944752828125001 0.93099040625 0.9225909265624999 1 0.929842196875 1
3 0.9334881703125 1 0.9507055296875 0.940255421875 0.957994571875 0.9365493984375 0.9392511562499999 0.91987241875 0.9184251703124999 0.9976983234375 0.9202036390625 1 0.9334881703125 1