0 0.0700699890625 0 0.019733446874999998 0.259375 0.169405209375 0.259375 0.233908934375 0.07751357343750001 0.22452940156249998 0 0.0700699890625 0
3 0.8921875 0.05625 0.01875 0.1125
4 1 0.259375 1 0 0.8970970906249999 0 0.8782798921874999 0.259375 1 0.259375
2 0.459375 0.11451655000000001 0.8793888296875 0.203949446875 0.8784649953125001 0.17060858750000002 0.459375 0.0889544484375 0.459375 0.11451655000000001
2 0.459375 0.05953731718750001 0.8626762140625001 0.11138747499999999 0.861121015625 0.08244667343749999 0.861121015625 0.0815666625 0.459375 0.041132571875 0.459375 0.05953731718750001
5 0.459375 0.5420869609375 0.4544338265625 0.5390625 0.35030997343750003 0.4875 0.300330525 0.45 0.39612446874999996 0.459375 0.4044543765625 0.4375 0.3086604328125 0.4171875 0.2878356625 0.403125 0.20283203125 0.3921875 0.173299425 0.403125 0.09208282031250001 0.3953125 0.106660159375 0.4265625 0.164969515625 0.44375 0.17954685625 0.490625 0.2170314421875 0.5203125 0.23785621250000002 0.5578125 0.3378151109375 0.5625 0.45859878125 0.603125 0.459375 0.60351326875 0.459375 0.5420869609375
3 0.73515625 0.54375 0.009375 0.06640625
3 0.7453125 0.37265625 0.01015625 0.06640625
3 0.86015625 0.38125 0.0125 0.0859375
3 0.859375 0.596875 0.0140625 0.0921875
3 0.85859375 0.7984375 0.01015625 0.0765625
3 0.72578125 0.7046875 0.009375 0.0703125
4 0.7584226078125 0.259375 0.7067950828124999 1 0.8486669515624999 1 0.84719493125 0.259375 0.7584226078125 0.259375
2 0.6344077703125001 1 0.7317146375 0.9299677921875 0.731945478125 0.9188199828125001 0.6196164359375 1 0.6344077703125001 1
2 0.459375 0.8851902921875 0.7264404015625 0.7351382390625 0.724634596875 0.72594623125 0.459375 0.8733954890625 0.459375 0.8851902921875
2 0.459375 0.8514971484375 0.7487719 0.6973858093749999 0.7444458562499999 0.6880197781249999 0.459375 0.8401537187500001 0.459375 0.8514971484375
2 0.459375 0.6997760796875 0.732623384375 0.5780455328125 0.73132455 0.568310678125 0.459375 0.6880305296875 0.459375 0.6997760796875
2 0.459375 0.5709147296875 0.8594110656249999 0.42837084687499993 0.8575365921875001 0.41742043437500004 0.459375 0.5598361031250001 0.459375 0.5709147296875
2 0.459375 0.4947655125 0.7476542281249999 0.40598951406249995 0.7466885031249999 0.395309225 0.459375 0.4818638 0.459375 0.4947655125
2 1 0.8024449703125001 0.8628640890625 0.8256805281249999 0.8607893687499999 0.8379051875 1 0.8127926921874999 1 0.8024449703125001
3 0.54345945625 0.4382771265625 0.5488783328125 0.4328227 0.5343150109375 0.3714525984375 0.5280136859375 0.3752758921875 0.54345945625 0.4382771265625
3 0.5420992578125 0.43362268281249994 0.5486080453125 0.4407731765625 0.5652547640625001 0.37736935312500003 0.5583091343750001 0.372616209375 0.5420992578125 0.43362268281249994
3 0.5567969921875 0.625743203125 0.562747675 0.6318859265625 0.57867119375 0.5805883359375 0.57364386875 0.57342225625 0.5567969921875 0.625743203125
3 0.5569372484375 0.6274081015625 0.5610193031249999 0.6220134140625 0.547694915625 0.5607887640625 0.5414783296875 0.566108128125 0.5569372484375 0.6274081015625