0 0 0 0 0.09904855625 0.41052674375000003 0.0582732359375 0.4448017453125 0 0 0
1 0.940625 0.003125 0.03125 0.00625
1 0.9796875 0.009375 0.0375 0.01875
3 0.00703125 0.6953125 0.00859375 0.059375
3 0.11328125 0.73125 0.01328125 0.0640625
3 0.1109375 0.58984375 0.01015625 0.06640625
3 0.0125 0.56875 0.01015625 0.0578125
3 0.0171875 0.44609375 0.009375 0.0546875
3 0.1078125 0.44921875 0.009375 0.0609375
4 0.0218545015625 0.41875 0 0.9011338015625 0 1 0.12459671875 1 0.1044883171875 0.41875 0.0218545015625 0.41875
3 0.96796875 0.6546875 0.00859375 0.0484375
3 0.9625 0.77421875 0.00546875 0.0359375
4 1 1 1 0.5409920500000001 0.9714561984374999 0.536759265625 0.9399401656249999 1 1 1
3 0.7722790828124999 0.7329133296875 0.779598740625 0.7262855484375 0.7508617859375001 0.6241934453125 0.7418075953125 0.6332495984375 0.7722790828124999 0.7329133296875
3 0.7708189203125 0.7266477109375 0.778611953125 0.7324862703124999 0.8071769859375 0.6395884859375001 0.7990836765625 0.6311059312499999 0.7708189203125 0.7266477109375
3 0.8034687359374999 0.41875 0.7986103015625 0.432758190625 0.8046228765624999 0.439019621875 0.8119334265625 0.41875 0.8034687359374999 0.41875