4 0.40390625 0.23671875 0.0296875 0.2765625
3 1 0.50431755 0.9802932312500001 0.456645309375 0.9727777578125 0.46804728124999995 1 0.5374619453125 1 0.50431755
0 0.3890625 0.7231989875 0.11921074218750001 0.8350247124999999 0.304354671875 0.9743852953125 0.3890625 0.9396890499999999 0.3890625 0.7231989875
1 0.49921875 0.69140625 0.009375 0.00859375
1 0.4984375 0.7109375 0.01015625 0.009375
1 0.47109375 0.93046875 0.00859375 0.0078125
1 0.4703125 0.93984375 0.0109375 0.009375
1 0.46875 0.94921875 0.0109375 0.0078125
1 0.46640625 0.959375 0.0109375 0.0078125
1 0.465625 0.96796875 0.01015625 0.01015625
1 0.4640625 0.9765625 0.009375 0.00859375
3 0.759375 0.55703125 0.05 0.0359375
3 0.7390625 0.7703125 0.02734375 0.09921875
3 0.4984375 0.690625 0.03828125 0.11171875
3 0.46015625 0.94765625 0.0390625 0.1046875
3 0.7265625 0.9875 0.046875 0.025
4 0.61015625 0.76953125 0.3359375 0.4609375