0 0.61875 0.21794344531249998 0.5039768312499999 0.212232015625 0.2447753546875 0.3167524109375 0.275269675 0.3849810109375 0.61875 0.3823747234375 0.61875 0.21794344531249998
0 0.809375 0.05859375 0.38125 0.1171875
4 0.11015625 0.496875 0.0515625 0.134375
4 0.25703125 0.4953125 0.021875 0.10703125
3 0.21875 0.93828125 0.034375 0.1234375
4 0.3421875 0.73359375 0.28125 0.5328125
3 0.46953125 0.684375 0.01171875 0.11171875
1 0.971875 0.69453125 0.0125 0.0125
3 0.7484375 0.9828125 0.0375 0.034375
3 0.709375 0.76875 0.0421875 0.1234375
3 0.96875 0.65859375 0.0625 0.1203125
3 0.978125 0.9484375 0.04375 0.103125
4 0.69609375 0.76328125 0.1546875 0.4734375