0 0 0.509375 0.3 0.509375 0.3 0.2439236921875 0 0.2657481265625 0 0.509375
4 0.5712205328125 0 0.5411093828125 0.509375 0.7087722703125 0.509375 0.70771014375 0 0.5712205328125 0
3 0.578125 0.2671875 0.0265625 0.146875
3 0.70390625 0.14921875 0.01875 0.12265625
2 0.8279774328125 0.509375 0.724392465625 0.439449821875 0.7214108671874999 0.45980615937499997 0.7936578625 0.509375 0.8279774328125 0.509375
2 0.8650068984375 0.509375 0.7358793640625 0.42792011875 0.73376403125 0.4407217171875 0.8381110828124999 0.509375 0.8650068984375 0.509375
2 1 0.3437421875 0.7191921953125 0.20154233906250002 0.716545171875 0.218329221875 1 0.3603940671875 1 0.3437421875
2 1 0.10952823125 0.72677935625 0.000098615625 0.726896459375 0.01744960625 1 0.13711031875 1 0.10952823125
2 0.8557315296875 0 1 0.052962701562500006 1 0.02004725625 0.9450718109375 0 0.8557315296875 0
2 0.3 0.355575771875 0.5445258953125001 0.42054382031250004 0.5492484531249999 0.3921305203125 0.54957856875 0.387599925 0.3 0.31968605625 0.3 0.355575771875
2 0.3 0.290734425 0.55171115625 0.338976696875 0.55171115625 0.3089662390625 0.3 0.2661025984375 0.3 0.290734425
4 0.3 0.5747087359374999 0.21076574531249997 0.6798072921875 0 0.6949196484375 0 1 0.2813707390625 1 0.3 0.9021702656249999 0.3 0.5747087359374999
3 0.2147584421875 0.90424001875 0.20734772499999998 0.8838565828125 0.115831534375 0.97279393125 0.1220321625 0.9924048375 0.2147584421875 0.90424001875
3 0 0.909452665625 0.08683864531249999 0.9884809062500001 0.0937261796875 0.9689356546875001 0.0032021874999999997 0.8900915421875 0 0.8982226875 0 0.909452665625
1 0.703125 0.86015625 0.05859375 0.05703125
1 0.70703125 0.9234375 0.0515625 0.0578125
1 0.70390625 0.98125 0.0515625 0.0375
1 0.70546875 0.79140625 0.05390625 0.05
3 0.6984375 0.77890625 0.15625 0.4421875