0 0.4890625 0.4890625 0.4890625 0.377971975 0 0.40595437656250005 0 0.421647184375 0.0031124515625 0.4890625 0.4890625 0.4890625
0 1 0.0754255625 0.4890625 0.2703967765625 0.4890625 0.3148148859375 0.569826496875 0.43480301250000003 1 0.458799603125 1 0.0754255625
4 0 0.4890625 0 1 0.08833983281249999 1 0.1025446171875 0.4890625 0 0.4890625
2 0.4890625 0.9775950921875001 0.3620566203125 1 0.46794004375 1 0.4890625 0.99605096875 0.4890625 0.9775950921875001
2 0.4890625 0.9087566578124999 0.257014928125 0.9380154953125001 0.257272253125 0.9380154953125001 0.2558087109375 0.9567178828125 0.4890625 0.92640551875 0.4890625 0.9087566578124999
2 0.4890625 0.856920996875 0.26124472656250003 0.8710885671874999 0.261566384375 0.88400413125 0.4890625 0.870712575 0.4890625 0.856920996875
2 0.4890625 0.8205583265625 0.2663912515625 0.8301736999999999 0.26708281562499997 0.849626959375 0.4890625 0.8395440578125001 0.4890625 0.8205583265625
2 0.4890625 0.6804047390625 0.22321449062499998 0.6563697359375 0.22300003125 0.6664661984375 0.4890625 0.6881584593750001 0.4890625 0.6804047390625
2 0.4890625 0.65031425 0.209416553125 0.6167314328125 0.209416553125 0.623168290625 0.4890625 0.6568869046875 0.4890625 0.65031425
3 0.1688830484375 0.4890625 0.19002738749999998 0.85074291875 0.2207957015625 0.8514880828125 0.1970288765625 0.4890625 0.1688830484375 0.4890625
2 0.21291248281250003 0.614500759375 0.4231283515625 0.64124375 0.4231283515625 0.6381724265625 0.212851565625 0.6095838421875 0.21291248281250003 0.614500759375
2 0.4890625 0.6341201625 0.21299205781250002 0.602629528125 0.2129618734375 0.6064474859375 0.3277245171875 0.6227697078125 0.457205028125 0.6388918953125 0.4890625 0.6421325890625 0.4890625 0.6341201625
3 0.69921875 0.7578125 0.4203125 0.13125