0 0.23203125 0.12890625 0.4359375 0.0921875
3 0.90625 0.2203125 0.01875 0.13828125
3 0.8859375 0.5015625 0.01875 0.05625
4 1 0.5296875 1 0 0.9239688874999998 0 0.8855409953125001 0.5296875 1 0.5296875
2 0.7991505812499999 0.5296875 0.6204722109375 0.474491490625 0.6174982828125 0.502504578125 0.7066344171875001 0.5296875 0.7991505812499999 0.5296875
2 0.45 0.286088540625 0.8934513296875 0.380511946875 0.8925274953125001 0.3471710875 0.45 0.2609504609375 0.45 0.286088540625
2 0.45 0.233086590625 0.8767387140625 0.28794997499999997 0.875183515625 0.2590091734375 0.875183515625 0.2581291625 0.45 0.215336184375 0.45 0.233086590625
0 0.19296875 0.690625 0.3859375 0.321875
1 0.7453125 0.734375 0.025 0.0203125
3 0.6828125 0.73125 0.30234375 0.05859375
3 0.63359375 0.6078125 0.24296875 0.04765625
1 0.5515625 0.6578125 0.02578125 0.025
3 0.63125 0.6640625 0.2375 0.0484375
3 0.68515625 0.79296875 0.27890625 0.06171875