0 0.2796875 0.0625 0.559375 0.125
1 0.6390625 0.115625 0.034375 0.02109375
3 0.559375 0.2890625 0.6218631875 0.2890625 0.7218290656249999 0.0388795296875 0.6373789609375 0.000589221875 0.6370671140625 0.0018653265624999998 0.559375 0.197351009375 0.559375 0.2890625
3 0.759889578125 0.2890625 0.8513707671875 0.0624340640625 0.7474174515625001 0.033832134375 0.647855303125 0.2890625 0.759889578125 0.2890625
4 0.7796875 0.14453125 0.440625 0.2890625
0 0.559375 0.3832256953125 0.13056468125 0.5525311671875001 0.13809870625 0.6716036140625 0.559375 0.5630720890625 0.559375 0.3832256953125
3 0.65390625 0.3453125 0.0296875 0.1125
3 0.6625 0.5859375 0.02421875 0.11875
3 0.675 0.8140625 0.0203125 0.13046875
4 0.559375 0.2890625 0.559375 1 0.6700992921875 1 0.6441365390625 0.2890625 0.559375 0.2890625
4 0.97734375 0.41640625 0.0453125 0.2546875