0 0.609375 0.36875 0.609375 0.277620690625 0.3849379 0.2626626953125 0.001581196875 0.2815344390625 0.0019202140625 0.36875 0.609375 0.36875
2 0.7762151515625 0 0.9632361187499999 0.36875 1 0.36875 1 0.0871160984375 0.9420898359375001 0 0.7762151515625 0
4 0.328125 0.684375 0.25 0.63125
1 0.4125 0.96640625 0.01328125 0.01796875
3 0.41015625 0.915625 0.0515625 0.16875
4 0.48125 0.49609375 0.06875 0.2546875
2 0.609375 0.4928649625 0.2582039203125 0.43255594999999997 0 0.4481379828125 0 0.4790260375 0.29464880937500004 0.46899183125 0.609375 0.523355940625 0.609375 0.4928649625
2 0 0.9262280265625 0.19801330625 0.8677897140624999 0.18896992968749998 0.833935546875 0 0.88193695625 0 0.9262280265625
2 0.609375 0.787911546875 0.46932983437500003 0.8026787656250001 0.4739583328125 0.803472221875 0.47539774531249995 0.8364922421875001 0.609375 0.8221803078125 0.609375 0.787911546875
3 0.91015625 0.9765625 0.0109375 0.046875
3 0.95390625 0.96640625 0.00859375 0.05234375
3 0.91640625 0.85 0.0140625 0.05
4 0.9627445343750001 1 0.9610301140624999 0.7438510625 0.919683984375 0.7415276390625 0.9034227203124999 1 0.9627445343750001 1
3 0.7422978546875 0.74854850625 0.749604971875 0.7418222359375 0.72288466875 0.6507135734375 0.7159165328125 0.6590883062499999 0.7422978546875 0.74854850625
3 0.7422416109375 0.7433382828124999 0.7500153984375 0.7482161109375 0.7762827109375 0.6622555171875 0.76884030625 0.6528619796875 0.7422416109375 0.7433382828124999
3 0.703804625 1 0.690578 0.9658916093750001 0.6836174671874999 0.9738636859375 0.694141025 1 0.703804625 1
3 0.73495640625 1 0.749218865625 0.9489827015625 0.7408218390625001 0.9427320546875 0.725634559375 1 0.73495640625 1