0 0 0.3995712890625 0.376013965625 0.37793165625 0.3553213546875 0.2603462421875 0 0.2520974171875 0 0.3995712890625
4 0.72421875 0.3859375 0.4703125 0.546875
3 0.9499931671875 0.3136817078125 0.9363522078125002 0.3132646421875 0.9419996921875 0.44070842031249996 0.9507898265625 0.44342803125 0.9499931671875 0.3136817078125
3 0.7574313109374999 0.35663940625 0.7507647875 0.3412471 0.683090284375 0.4220230375 0.6914503203125 0.43900105937499995 0.7574313109374999 0.35663940625
3 0.606928671875 0.3460867921875 0.6004063281249999 0.3644246203125 0.6690534390625 0.442046503125 0.6725773125 0.4310116578125 0.606928671875 0.3460867921875
3 0.12734375 0.94296875 0.0828125 0.1140625
3 0.89453125 0.87890625 0.009375 0.0515625
3 0.890625 0.96015625 0.01015625 0.05234375
3 0.92734375 0.9703125 0.01171875 0.04453125
3 0.92578125 0.88984375 0.01328125 0.04609375
4 0.89921875 0.8953125 0.0859375 0.209375
3 0.7399787453125001 0.659375 0.761738503125 0.7397964874999999 0.7742341140625 0.7305314703125 0.7557786999999999 0.659375 0.7399787453125001 0.659375
3 0.747160228125 0.9232432625 0.7575732671875001 0.9102723078124999 0.7302210656250001 0.8255446531249999 0.7159212015625 0.839858365625 0.747160228125 0.9232432625
3 0.7940187671875 0.686059525 0.7825644890625 0.66567660625 0.78048191875 0.6601176140625 0.7534080328125 0.7305314703125 0.766944975 0.7453554812500001 0.7940187671875 0.686059525
3 0.739871184375 0.9158313 0.7492428921875 0.930655225 0.7781814546875 0.8525801656249999 0.7638210734374999 0.8361523421875001 0.739871184375 0.9158313