0 0.5890625 0.3241105421875 0 0.2298888703125 0 0.547558128125 0.1226229265625 0.56875 0.4813723671875 0.56875 0.5710485125 0.49252653437499994 0.5890625 0.382073775 0.5890625 0.3241105421875
4 0.79453125 0.39609375 0.4109375 0.3453125
4 0.21054311874999998 0.56875 0.1998282453125 0.5813697921875 0 0.5956979062500001 0 1 0.25168824375 1 0.297480925 0.7595242343749999 0.46033771406249996 0.7462115109375 0.3781113375 0.56875 0.21054311874999998 0.56875
3 0.46870828906249995 0.725138175 0.4680459078125 0.73008639375 0.4102574484375 0.8559334609375 0.4315737640625 0.885439734375 0.49281140937499995 0.7543820890624999 0.46870828906249995 0.725138175
2 0.4796917953125 0.56875 0.58036996875 0.9577648421875 0.5890625 0.934243809375 0.5890625 0.8938557656249999 0.5025106609375001 0.56875 0.4796917953125 0.56875
3 0.2038209421875 0.80580251875 0.196410225 0.7854190828125001 0.104894034375 0.8743564312500001 0.1110946625 0.8939673375 0.2038209421875 0.80580251875
3 0 0.8209689296875 0.0759011453125 0.89004340625 0.0827886796875 0.8704981546875 0 0.7983913046875 0 0.8209689296875
4 0.64609375 0.8203125 0.04453125 0.26953125
3 0.63125 0.75859375 0.003125 0.01640625
3 0.62890625 0.78671875 0.003125 0.01640625
3 0.66015625 0.76171875 0.00390625 0.01796875
3 0.6609375 0.7921875 0.00390625 0.0203125