0 0.41875 0.1729674 0.22351825625 0.1736329609375 0.2198495078125 0.17656590156250002 0.24747806093750002 0.3449302640625 0.41875 0.30616338125000003 0.41875 0.1729674
3 0.67421875 0.0546875 0.0234375 0.109375
3 0.6875 0.278125 0.0203125 0.13046875
3 0.484375 0.2046875 0.0328125 0.0953125
3 0.4875 0.03515625 0.028125 0.0703125
4 0.483871309375 0 0.4712462140625 0.55 0.685737646875 0.55 0.6656521765625 0 0.483871309375 0
4 0.03046875 0.8734375 0.0609375 0.253125
4 0.1671875 0.84921875 0.1875 0.3015625
3 0.125 0.95859375 0.009375 0.0828125
3 0.08203125 0.9046875 0.009375 0.0921875
4 0.68293441875 0.55 0.677202809375 1 0.7647272125000001 1 0.7363619265625 0.55 0.68293441875 0.55