0 0.4890625 0.22904493124999997 0.0973803203125 0.34431065 0.12207044062500001 0.55 0.1441044 0.55 0.4890625 0.3478875734375 0.4890625 0.22904493124999997
3 0.56953125 0.471875 0.0484375 0.15625
3 0.984375 0.4546875 0.03125 0.190625
3 0.9484375 0.04375 0.040625 0.0875
4 0.815625 0.275 0.165625 0.55
4 0.35390625 0.775 0.1453125 0.45
3 0.33267620625 0.7731381921875 0.3390559921875 0.764583775 0.308884890625 0.6835168484375 0.30240442500000003 0.6895575828125 0.33267620625 0.7731381921875
3 0.3314325265625 0.7711061890625001 0.3392307 0.774127871875 0.3665990796875 0.672838303125 0.3585003484375 0.6652998859375 0.3314325265625 0.7711061890625001
3 0.3634165484375 1 0.37870717656249997 0.9398835234374999 0.3709553015625 0.934256740625 0.355318678125 1 0.3634165484375 1
3 0.333527296875 1 0.3239508203125 0.977459359375 0.31922495 0.986666940625 0.325087946875 1 0.333527296875 1
4 0.7332499703125 0.55 0.6918332968750001 1 0.77819420625 1 0.7945947234374999 0.55 0.7332499703125 0.55
3 0.73359375 0.95625 0.0234375 0.0875
3 0.75546875 0.63984375 0.021875 0.134375