0 0.15917128281249998 0 0.02896370625 0.4280315703125 0.06281073125 0.56875 0.19494973124999998 0.56875 0.26998059375 0 0.15917128281249998 0
1 0.9859375 0.4359375 0.028125 0.05625
3 0.95546875 0.284375 0.0890625 0.56875
3 0.4078125 0.66328125 0.0234375 0.1390625
3 0.51640625 0.5953125 0.0171875 0.053125
3 0.39375 0.95625 0.021875 0.0875
4 0.40721328593750006 0.56875 0.3885950484375 1 0.5230770828125 1 0.522859184375 0.56875 0.40721328593750006 0.56875
2 0.61875 0.8742171703124999 0.5326683296875 0.8241604390624999 0.532415078125 0.8445831859374999 0.61875 0.8965123296874999 0.61875 0.8742171703124999
2 0.61875 0.8311163859375 0.53770558125 0.7858976828124999 0.5381291953125 0.8078969 0.61875 0.8543611078125 0.61875 0.8311163859375
2 0.61875 0.6374018546875 0.5486838171875 0.60885516875 0.5483401015625 0.6358354796875 0.5469771156250001 0.6369237265625001 0.61875 0.6645623328125 0.61875 0.6374018546875
2 0.33586618125 1 0.27846069687499997 0.9813855625000001 0 0.8898214640625 0 0.9307448 0.2346965265625 1 0.33586618125 1
2 0 0.743390478125 0.33826819218750004 0.814648946875 0.3928481625 0.8200407656250001 0.3908116875 0.7915093234375 0.39055335625 0.7915093234375 0 0.7138400390624999 0 0.743390478125
2 0 0.6925111734375 0.3881076203125 0.730679959375 0.3889976703125 0.7074025546875 0 0.6627098265625 0 0.6925111734375
3 0.896875 0.92109375 0.20625 0.0578125
3 0.88671875 0.79765625 0.2265625 0.0484375
1 0.8140625 0.8484375 0.02578125 0.025
3 0.8875 0.85390625 0.225 0.0484375
3 0.90390625 0.97578125 0.1921875 0.0484375
4 0.71640625 0.87265625 0.1953125 0.2546875