0 0.41875 0.1626718734375 0.025460742187500003 0.3256497125 0.10970617499999999 0.3890625 0.3960245296875 0.3890625 0.41875 0.37975416875 0.41875 0.1626718734375
4 0.97109375 0.0703125 0.0515625 0.140625
3 0.44140625 0.0453125 0.0296875 0.090625
3 0.646875 0.05859375 0.0203125 0.1171875
3 0.65703125 0.30859375 0.021875 0.1171875
3 0.434375 0.259375 0.0265625 0.11875
4 0.43023049062499996 0 0.41875 0.1025727359375 0.41875 0.22862930937499998 0.46337782031249997 0.274834271875 0.46110331718750003 0.3890625 0.6189110281250001 0.3890625 0.61853161875 0.3730424265625 0.6726792953125 0.2563043640625 0.6587765328125 0 0.43023049062499996 0
4 0.209375 0.69609375 0.41875 0.6078125
3 0.11484375 0.6984375 0.0296875 0.2171875
3 0.88515625 0.50390625 0.2296875 0.2296875
4 0.7078125 0.69453125 0.578125 0.6109375