0 0.050791059375 0 0.044773209375 0.009815649999999999 0.509375 0.315234625 0.509375 0.14645665000000002 0.30460703125 0 0.050791059375 0
0 0.5879636749999999 0 0.517596978125 0.33026370625 0.5859577578125 0.369229590625 0.69279744375 0 0.5879636749999999 0
4 0.2546875 0.8765625 0.509375 0.115625
2 0.4181433296875 0.459375 0.4210709296875 0.5961679953125 0.4255015796875 0.8185507671875 0.43713680000000005 0.818193303125 0.427298590625 0.459375 0.4181433296875 0.459375
2 0.4328404828125 0.459375 0.4437182703125 0.8161094859375 0.44811534062499997 0.8159598062500001 0.43716261875000006 0.459375 0.4328404828125 0.459375
2 0.4455157234375 0.459375 0.45688108749999995 0.8148216218750001 0.4627960390625 0.8157123937499999 0.45047424375 0.459375 0.4455157234375 0.459375
2 0.468582725 0.459375 0.48145519531250003 0.8138822031250001 0.48145519531250003 0.81395035 0.486481809375 0.8142594437499999 0.47446406249999995 0.459375 0.468582725 0.459375
2 0.4953198203125 0.459375 0.5078157140624999 0.8166263453125 0.509375 0.8168272609375 0.509375 0.685054603125 0.500989990625 0.459375 0.4953198203125 0.459375
2 0.3266763078125 1 0.31198753749999997 0.9442922234375001 0.2985357359375 0.9461364421875 0.3130406046875 1 0.3266763078125 1
2 0.15794620937499998 0.459375 0.1515945421875 0.8142063828125 0.1656806140625 0.8164098359375 0.170550746875 0.459375 0.15794620937499998 0.459375
2 0.180617221875 0.459375 0.177530215625 0.8141589390625 0.186104546875 0.8161805015624999 0.1889868 0.459375 0.180617221875 0.459375
0 0.83359375 0.66484375 0.3328125 0.1046875