0 0.009185146875 0 0 0.00159971875 0 0.090988221875 0.4887406515625 0.04978486875 0.4829306640625 0 0.009185146875 0
0 0.4890625 0.469147690625 0 0.638347671875 0 0.7883867812500001 0.4890625 0.6047702078125 0.4890625 0.469147690625
3 0.609375 0.6875 0.0328125 0.2234375
4 0.7197392265625 0.3796875 0.7292392609375 0.4987462765625 0.6109149734375 0.5670362296875 0.7491052625 0.62685445625 0.7705258015625001 1 0.8470686000000001 1 0.8148328218750001 0.8809373968750001 0.8429939109374999 0.6718488828125 1 0.7286385203125001 1 0.5599447765625 0.8252613249999999 0.5165843859375 0.77775225 0.3796875 0.7197392265625 0.3796875
2 0.4890625 0.9340906828125 0.58546175625 0.7901487484375 0.57473898125 0.7747440156250001 0.4890625 0.9015141875000001 0.4890625 0.9340906828125
2 0.4890625 1 0.5061483703125 1 0.6023516484375 0.8444187624999999 0.58951219375 0.8288115078124999 0.4890625 0.9900666703125001 0.4890625 1
2 0.543573628125 1 0.628612728125 0.8555679359374999 0.6158669125 0.84101575625 0.615588171875 0.84101575625 0.523256084375 1 0.543573628125 1
2 0.7461073765625 0.660915240625 0.7376950953125 0.6405258546875 0.6367586000000001 0.7235435140625001 0.643060734375 0.74344619375 0.7461073765625 0.660915240625
2 0.6374066171875 0.7714098734375 0.6453320296875 0.7890789578125 0.7480346015625 0.693348146875 0.739700715625 0.68194485625 0.6374066171875 0.7714098734375
2 0.6457544937499999 0.838736028125 0.7497418843749999 0.7376187875 0.7431871421875 0.7207539374999999 0.74310656875 0.7204142234375001 0.6378735609375 0.8163638875 0.6457544937499999 0.838736028125
2 1 0.8356440593750001 0.9644569000000001 1 0.9852142828125 1 1 0.926917390625 1 0.8356440593750001
3 0.978194371875 0.9449231328125001 0.9820042812499998 0.8791991421875001 0.899543178125 0.7303376390625 0.8844461578124999 0.7612101265625 0.978194371875 0.9449231328125001