1 0.5671875 0.44140625 0.021875 0.0359375
3 0.5671875 0.34609375 0.0875 0.2265625
2 0.509375 0.1324238703125 0.6544175875 0.0931169328125 0.65281195625 0.0749197671875 0.509375 0.1134389875 0.509375 0.1324238703125
2 1 0.03128931875 0.8513156828125 0.03128931875 0.84499426875 0.0517586546875 1 0.054897843749999994 1 0.03128931875
4 0.63907666875 0 0.5421923875 0.206519459375 0.57731988125 0.459375 0.8653354734375001 0.459375 0.8533509703125001 0.050390625 0.850480746875 0 0.63907666875 0
3 0.4288200609375 0.459375 0.43614810468750004 0.4877234671875 0.448643715625 0.47660548125 0.4444417734375 0.459375 0.4288200609375 0.459375
3 0.43639486562499996 0.459375 0.42885906250000005 0.47845845000000004 0.441354671875 0.496988484375 0.4560331609375 0.459375 0.43639486562499996 0.459375
3 0.4019939984375 0.5773511046875 0.389289565625 0.5877853453124999 0.4174046890625 0.6711702421875 0.4278177296875 0.661905225 0.4019939984375 0.5773511046875
3 0.43614810468750004 0.5914913687500001 0.40907431406250006 0.661905225 0.418446021875 0.680435259375 0.45072637968749996 0.60631529375 0.448643715625 0.6100213171875 0.43614810468750004 0.5914913687500001
3 0.407508028125 0.7678147828125 0.396578703125 0.7767911125 0.43094163124999996 0.8675879734375 0.441354671875 0.8546170171874999 0.407508028125 0.7678147828125
3 0.45472836875 0.7969893609375001 0.44343724218749997 0.7842030765625 0.41323954843750005 0.8620289812500002 0.42677639687499996 0.878705959375 0.45472836875 0.7969893609375001
4 0.81953125 0.7796875 0.1046875 0.440625
4 0.76484375 0.7296875 0.1234375 0.540625
3 0.7984375 0.9484375 0.01875 0.103125