0 0.43046875 0.45390625 0.4390625 0.0890625
0 0.7 0.3265625 0.1 0.115625
4 0.2 0.8484375 0.4 0.303125
3 0.36796875 0.93671875 0.009375 0.12109375
3 0.1444145828125 1 0.139105971875 0.9471061140625 0.1293561578125 0.95081639375 0.1352032234375 1 0.1444145828125 1
3 0.9015625 0.73359375 0.00703125 0.04765625
3 0.89765625 0.83125 0.00625 0.0421875
3 0.93828125 0.834375 0.00703125 0.04296875
3 0.93828125 0.74609375 0.00703125 0.04453125
4 0.90234375 0.81796875 0.0984375 0.3640625
3 0.7390186453124999 0.509375 0.7361612734375 0.51116959375 0.76115249375 0.5964074609375001 0.7746894375 0.5889954984375 0.7547148124999999 0.509375 0.7390186453124999 0.509375
3 0.7517807859375 0.5908484671875 0.763235159375 0.6093784171875 0.7923915203125 0.5426704984375 0.7830198125 0.51858155625 0.779895909375 0.51858155625 0.7517807859375 0.5908484671875
3 0.712211384375 0.7112933484375 0.742409078125 0.7965312156250001 0.7538634515625 0.7798542359375 0.72887223125 0.7001753625 0.7299134687500001 0.6964693375 0.712211384375 0.7112933484375
3 0.7330373703124999 0.783560259375 0.7465743140625001 0.803943178125 0.7726068671874999 0.7279703281250001 0.7642763968749999 0.7057343546875 0.76115249375 0.70944029375 0.7330373703124999 0.783560259375
3 0.7361612734375 0.8947401234375001 0.7361612734375 0.9021520859375001 0.725748328125 0.913270071875 0.7496982156249999 0.9910959765625 0.76011125625 0.981830959375 0.7361612734375 0.8947401234375001
3 0.7788121390625 0.9152618046875001 0.7705242015625 0.9021520859375001 0.74553298125 0.9892430078124999 0.7538634515625 0.9966549703125 0.7788121390625 0.9152618046875001