3 0.025 0.63984375 0.025 0.0984375
2 0 0.419851309375 0.15004520625 0.3895364265625 0.14470044843750002 0.3629198890625 0 0.3970387453125 0 0.419851309375
2 0.037558760937500005 0.575174925 0.0355552953125 0.5737114515624999 0.0407365015625 0.582678015625 0.14873495 0.513235896875 0.1475206703125 0.49821192343750004 0.037558760937500005 0.575174925
2 0.1479893984375 0.5228484812499999 0.1479359140625 0.5210971109375 0.051042292187500005 0.5760018484375 0.054192865624999996 0.5871162 0.1510644796875 0.535605115625 0.1479893984375 0.5228484812499999
2 0.4019075109375 0.6281860375 0.4023424828125 0.6003236296875001 0.2586947125 0.5004794296874999 0.2555558484375 0.5202396921875 0.4019075109375 0.6281860375
2 0.2547175421875 0.532322790625 0.2524993296875 0.5538608078125 0.3767886546875 0.62902183125 0.37590148437500004 0.6122913828125001 0.2547175421875 0.532322790625
2 0.51875 0.37540639531250003 0.2786138484375 0.3425095625 0.278483340625 0.3413272890625 0.2771886375 0.37258922031249997 0.51875 0.40441959687500006 0.51875 0.37540639531250003
4 0.2561672265625 0.6890625 0.25149248750000003 0.3387516140625 0.1487959421875 0.34740502968750003 0.1402501984375 0.6890625 0.2561672265625 0.6890625
1 0.70234375 0.096875 0.02265625 0.040625
4 0.6453125 0.34453125 0.253125 0.6890625
3 0.7 0.16953125 0.071875 0.3390625
2 1 0.35957028125 0.7979329421875001 0.33308015 0.7977701828124999 0.3602936921875 1 0.3892448984375 1 0.35957028125
4 0.44453125 0.84453125 0.1484375 0.3109375
4 0.0703125 0.84453125 0.140625 0.3109375
3 0.12890625 0.85 0.02734375 0.14921875
4 0.775532834375 0.6890625 0.7757441359375 1 0.842133271875 1 0.8331000234375001 0.6890625 0.775532834375 0.6890625
2 0.51875 1 0.7598141203125 1 0.761121809375 0.9748004390624999 0.7613539203125 0.9743628203125001 0.521028728125 0.9827722015625 0.51875 0.9828539812500001 0.51875 1
2 1 0.75509521875 0.8463348843749999 0.7067798296875 0.8451094328125001 0.72692963125 1 0.778104971875 1 0.75509521875
2 0.51875 0.7165176453125001 0.7667454828125 0.713681896875 0.76725739375 0.6934400843749999 0.51875 0.6931004765625 0.51875 0.7165176453125001