4 0.95546875 0.57421875 0.0390625 0.27265625
3 0.70703125 0.86328125 0.0375 0.26796875
3 0.30234375 0.80546875 0.02578125 0.24921875
2 0.0015947703125 0.5509357687499999 0.001343784375 0.5645185390624999 0.42660770625 0.4785989265625 0.4212629484375 0.4519823890625 0.0015947703125 0.5509357687499999
2 0.3121177953125 0.6627739515625 0.3172990015625 0.671740515625 0.42529744999999997 0.602298396875 0.4240831703125 0.5872744234375 0.31412126093750004 0.6642374249999999 0.3121177953125 0.6627739515625
2 0.4244984140625 0.6101596109375 0.3276047921875 0.6650643484375001 0.330755365625 0.6761787 0.42762697968749996 0.6246676156250001 0.42455189843749996 0.61191098125 0.4244984140625 0.6101596109375
2 0.6784700109374999 0.7172485375 0.6789049828125 0.6893861296875 0.5352572125 0.5895419296875 0.5321183484375 0.6093021921874999 0.6784700109374999 0.7172485375
2 0.5312800421875 0.6213852906249999 0.5290618296875 0.6429233078125 0.6533511546875 0.71808433125 0.652463984375 0.7013538828125 0.5312800421875 0.6213852906249999
2 0.9030856859374999 0.5076832953125 0.9025018859375 0.479153028125 0.5551763484375 0.4315720625 0.555045840625 0.4303897890625 0.5537511375 0.4616517203125 0.9030856859374999 0.5076832953125
2 0.2884947046875 0.9281211562499999 0.2790447171875 0.9007586468750001 0.087025771875 0.98507484375 0.0893534375 0.9852240484375001 0.11371866718750001 1 0.2884947046875 0.9281211562499999
2 1 0.8818648765624999 0.9988636468750001 0.8553954218750001 0.7415276328125 0.8775182015625 0.7427124578125001 0.9023237953125 1 0.8818648765624999
4 0.42535844218749996 0.4364675296875 0.41134685156249995 0.9966486640625 0.5356905484375 1 0.5280549875 0.42781411406250003 0.42535844218749996 0.4364675296875