3 0.6046875 0.31640625 0.0359375 0.225
4 0.4375 0.5 0.2078125 1
3 0.1828125 0.24375 0.046875 0.2765625
3 0.2390625 0.8671875 0.046875 0.265625
3 0.58125 0.77265625 0.0375 0.209375
2 1 0.9711212265625001 0.5922938531249999 0.8707579078125001 0.5751427625 0.89489591875 1 0.9914479625 1 0.9711212265625001
2 0.00130361875 0.9414770406249999 0.578954128125 0.8898142171875 0.578954128125 0.8745691843750001 0.002256459375 0.92369115625 0.00130361875 0.9414770406249999
2 0.0012253734375 0.5723132984375 0.5315700453125001 0.444766103125 0.508701959375 0.43206188437500004 0.0012253734375 0.5507161390624999 0.0012253734375 0.5723132984375
2 0 0.174270778125 0.18426233125 0.0959246 0.1792653671875 0.07390747812500001 0 0.1412398265625 0 0.174270778125
2 0 0.462604234375 0.1868343484375 0.40449602812499996 0.1849824140625 0.3851085359375 0 0.4371957984375 0 0.462604234375
2 0.20309494843749998 0.4091942984375 0.5394469515625 0.444766103125 0.5508809421875001 0.42825064375000005 0.2048384640625 0.3907817421875 0.20309494843749998 0.4091942984375