3 0.45859375 0.3859375 0.02265625 0.2078125
4 0.52734375 0.28984375 0.0640625 0.5796875
2 0.3011049609375 0 0.0020519578125 0.070327925 0 0.1041944703125 0 0.1305251 0.41743046250000004 0.029968267187499998 0.4163281484375 0 0.3011049609375 0
2 0 0.381937178125 0.4602368890625 0.25045759375 0.461689584375 0.20086469999999998 0 0.325732340625 0 0.381937178125
2 0.2721922765625 0.5796875 0.43843633593750003 0.52794838125 0.43477675937500004 0.472060228125 0.07040438906249999 0.5796875 0.2721922765625 0.5796875
1 0.85234375 0.48046875 0.06796875 0.0296875
3 0.83515625 0.4171875 0.2203125 0.325
3 0.95 0.45234375 0.1 0.2546875
4 0.559375 1 0.559375 0.5796875 0.4993117984375 0.5796875 0.46380948125000004 1 0.559375 1
3 0.3046392515625 0.77824965 0.31112431875 0.7683676421875 0.28147829375 0.71236959375 0.2763828828125 0.72719260625 0.3046392515625 0.77824965
3 0.302786375 0.773308646875 0.3083450046875 0.780720153125 0.336138153125 0.7115460921875 0.3310427421875 0.7057815875 0.302786375 0.773308646875