4 0.33515625 0.2796875 0.5890625 0.559375
3 0 0.2601377734375 0.04256943125 0.24573295156250002 0.041241440625 0.216523821875 0 0.2252501734375 0 0.2601377734375
3 0.107641003125 0.31654296249999997 0.1235768984375 0.297955334375 0.06514528281250001 0.2289155734375 0.050537379687499995 0.24219244999999998 0.107641003125 0.31654296249999997
3 0.129552859375 0.3156578375 0.1488087328125 0.3094619609375 0.0936970953125 0.2298006984375 0.0797531875 0.24396270156250002 0.129552859375 0.3156578375
3 0.6189176390625 0.22360482187500003 0.605637725 0.20059156875 0.42702290156249995 0.256354453125 0.4442867875 0.28113795625 0.6189176390625 0.22360482187500003
3 0.6296875 0.2071584734375 0.46819062968749997 0.255469328125 0.47350259531249994 0.2846784578125 0.6296875 0.23713696718750002 0.6296875 0.2071584734375
3 0.6296875 0.2101002078125 0.6248935984374999 0.20855769531249999 0.6076297125 0.3014958359375 0.6242296031250001 0.3041512109375 0.6296875 0.27965691718749996 0.6296875 0.2101002078125
3 0.67578125 0.0671875 0.0921875 0.134375
4 0.81484375 0.2796875 0.3703125 0.559375
2 1 0.227095971875 0.6296875 0.1042838421875 0.6296875 0.138649059375 1 0.263863259375 1 0.227095971875
4 0.396875 0.7890625 0.0484375 0.28671875
4 0.56796875 0.7796875 0.0265625 0.14296875
3 0.3796875 0.6890625 0.0078125 0.02734375
3 0.378125 0.72421875 0.00546875 0.025
3 0.4125 0.68671875 0.00546875 0.02578125
3 0.4140625 0.7265625 0.0046875 0.0265625
3 0.415625 0.76328125 0.00703125 0.025