3 0.3453125 0.33515625 0.040625 0.2078125
4 0.18515625 0.21953125 0.3703125 0.4390625
3 0.7094825203124999 0.24591047656249998 0.7081809140624999 0.2493848484375 0.7569918921875 0.355932234375 0.770008134375 0.3431928578125 0.71664144375 0.2343292328125 0.7094825203124999 0.24591047656249998
3 0.74592803125 0.3443509640625 0.7602459375 0.367513453125 0.8201207187499999 0.2551754828125 0.8071044765625001 0.237803603125 0.74592803125 0.3443509640625
2 0 0.4390625 0 0.4450084671875 0.41115205625 0.7516412609375 0.41177872656250003 0.712425490625 0.0469462 0.4390625 0 0.4390625
2 0.45 1 0.45 0.9692870296875 0 0.7245665546875 0 0.7742595828125 0.4071344265625 1 0.45 1
4 0.55 0.9 0.09375 0.2
3 0.74060345625 0.7837068374999999 0.7416312062499999 0.7846213203125 0.7642420828125001 0.835830825 0.7704086765625 0.8303440906249999 0.7462561515624999 0.7827923953125 0.74060345625 0.7837068374999999
3 0.7979597843749999 0.7894037484374999 0.7894223109375 0.78096346875 0.7606448875 0.8294296484375 0.76681148125 0.8385741937500001 0.7979597843749999 0.7894037484374999
3 0.7594143703125 0.9159212937500001 0.758802628125 0.9148326703125 0.78388446875 0.96599760625 0.7887785 0.9605545249999998 0.7643084015625 0.9077566765625 0.7594143703125 0.9159212937500001
3 0.8074369671875001 0.9175542171875 0.779602209375 0.9638203718749999 0.7835786125 0.9698077656249999 0.8114133406249999 0.9262631328125 0.8132485984375 0.9224529875 0.8074369671875001 0.9175542171875