2 0 0.3353648375 0.09535770625 0.3160989265625 0.09001294843749999 0.2894823890625 0 0.310706503125 0 0.3353648375
2 0.4796875 0.3041094015625 0.22392634843749998 0.2690720625 0.22379584062500002 0.2678897890625 0.22250113749999997 0.2991517203125 0.4796875 0.3330409921875 0.4796875 0.3041094015625
4 0.198602309375 0.4 0.1968049875 0.2653141140625 0.0941084421875 0.27396752968750004 0.0909560421875 0.4 0.198602309375 0.4
4 0.771875 0.07265625 0.05 0.1453125
1 0.11640625 0.6296875 0.03125 0.03046875
1 0.15546875 0.640625 0.03828125 0.0328125
1 0.22890625 0.6640625 0.0328125 0.03203125
1 0.26015625 0.67421875 0.0375 0.03125
3 0 0.637248584375 0.2808877328125 0.7295546640625 0.3294808640625 0.6480077453125 0 0.53785804375 0 0.637248584375
4 0.36953125 0.7 0.2203125 0.6
2 1 0.8388581890625 0.590869375 0.97283328125 0.5162470328125 1 0.615766425 1 1 0.8712969890625001 1 0.8388581890625
2 0.8297575937499999 0.4 1 0.46015055781249997 1 0.42665045 0.91624808125 0.4 0.8297575937499999 0.4