4 0.21875 0.26953125 0.2375 0.5390625
3 0.4515625 0.19296875 0.03515625 0.22890625
2 0.5796875 0.3485088375 0.46736885624999996 0.2832585828125 0.4412688703125 0.3158827421875 0.5796875 0.4014374734375 0.5796875 0.3485088375
2 0.0149375125 0 0.5796875 0.3191864875 0.5796875 0.2539343703125 0.11581586562499999 0 0.0149375125 0
1 0.99453125 0.25078125 0.0109375 0.0140625
3 0.9734375 0.28125 0.053125 0.215625
2 1 0.356574684375 0.5796875 0.23443208906250002 0.5796875 0.2802514125 1 0.399435034375 1 0.356574684375
3 0.046875 0.73828125 0.03046875 0.1046875
3 0.4625 0.75 0.0421875 0.1078125
4 0.26015625 0.76953125 0.4890625 0.4609375
3 0.5796875 0.7219980125000001 0.6165968765625001 0.7990262749999999 0.6250467468750001 0.784004284375 0.582797396875 0.70739213125 0.5796875 0.7138422875 0.5796875 0.7219980125000001
3 0.6081470062500001 0.7930174796875 0.619976825 0.7990262749999999 0.6647611343750001 0.7254185203125 0.6571562515625 0.7149031265625 0.6081470062500001 0.7930174796875
3 0.6413282890625001 1 0.614906903125 0.9447395859375 0.6081470062500001 0.9612637765625 0.6275151171875 1 0.6413282890625001 1
3 0.68222909375 1 0.701095575 0.97328136875 0.6909557312500001 0.9552549796874998 0.6633191 1 0.68222909375 1