3 0.20546875 0.28125 0.03046875 0.2640625
3 0.5265625 0.3265625 0.025 0.20234375
4 0.396875 0.3046875 0.140625 0.609375
2 0 0.492226290625 0.191792853125 0.4414610203125 0.1885970640625 0.41037125156250004 0 0.46123537812500004 0 0.492226290625
2 0 0.5676909828125 0.3100438953125 0.49922562031249995 0.30881614687500003 0.47274208125 0 0.54399921875 0 0.5676909828125
2 0.75 0.438138246875 0.5599154875 0.415797340625 0.5587001765624999 0.4147147875 0.5576495578125 0.4744444609375 0.75 0.499124578125 0.75 0.438138246875
0 0.75 0.46791790468750005 0.9484025624999999 0.6074302640625 0.9854311484375 0.533395021875 0.75 0.3041551546875 0.75 0.46791790468750005
3 0.3703125 0.884375 0.021875 0.23125
4 0.19453125 0.76015625 0.0609375 0.1703125
4 0.0625 0.76796875 0.02734375 0.08203125
4 0.41852803437499997 0.609375 0.41770499687499996 0.641613375 0.3716153 0.7312118796875 0.426929596875 0.7296910984375 0.4341709671875 1 0.5799868078125 1 0.6022820984374999 0.6758096484375 0.592379371875 0.609375 0.575720340625 0.609375 0.5641034296874999 0.667362090625 0.51152358125 0.6677395109375001 0.49834778750000003 0.609375 0.41852803437499997 0.609375
2 0.672792078125 1 0.5884508187499999 0.971366475 0.5880165625 0.9720784281249999 0.5878693890625 0.980065553125 0.646729275 1 0.672792078125 1
2 0.75 1 0.75 0.9940433765625001 0.5906547468750001 0.9435384750000001 0.5906547468750001 0.9521315890625001 0.7428451546875 1 0.75 1
2 0.75 0.983420334375 0.5929145078125 0.9350612609375 0.5921734875 0.9416090265625 0.75 0.991806309375 0.75 0.983420334375
2 0.75 0.94793921875 0.5962633953124999 0.9006013187499999 0.594446309375 0.9090546671874999 0.75 0.9547320296875 0.75 0.94793921875
2 0.75 0.9088614515625 0.598930025 0.8681752015624999 0.5984720921875 0.8738901078125 0.75 0.915310615625 0.75 0.9088614515625
2 0.75 0.9011692609375 0.7261873375000001 0.8948330171875 0.6035373453124999 0.8624160515625 0.6033838671875 0.86806121875 0.75 0.906795246875 0.75 0.9011692609375
2 0 0.97964078125 0.3505187265625 0.9733717343749999 0.35015468125 0.9639538890624999 0 0.9691461421875001 0 0.97964078125
2 0 0.944901140625 0.0663212765625 0.9442123828125 0.3505844703125 0.9287460109375001 0.3493455828125 0.9181703453125 0.34889728125 0.918445246875 0.3489694609375 0.918445246875 0 0.932389803125 0 0.944901140625
4 0.75 0.75970155 0.7463113796874999 0.75794925 0.7487177609375 0.7620366765625001 0.7310469734375 0.878166578125 0.75 0.8889202984375 0.75 0.75970155
3 0.52890625 0.83359375 0.015625 0.1609375