2 0.36875 0.0707335453125 0 0.12775753125 0 0.1517697109375 0.36875 0.0934081125 0.36875 0.0707335453125
2 0.36875 0.208520553125 0 0.2659061734375 0 0.2843061046875 0.36875 0.2270852875 0.36875 0.208520553125
0 1 0.4304971984375 0.7512289125 0.1410313296875 0.36875 0.222964784375 0.36875 0.45614460625 0.562586121875 0.49948065 0.6135218124999999 0.55 0.988329009375 0.55 1 0.4587864828125 1 0.4304971984375
3 0.086035721875 0.55 0.12011496875000001 0.6755190828125001 0.1367758140625 0.6551361640625 0.10827751875 0.55 0.086035721875 0.55
3 0.1502762921875 0.55 0.1107432609375 0.658842103125 0.12532144218750002 0.6773721375 0.17594935 0.55 0.1502762921875 0.55
3 0.1609323375 1 0.12740410625 0.8867608234375 0.1270833015625 0.886168978125 0.10761935781250001 0.903437803125 0.1364122796875 1 0.1609323375 1
3 0.2106087875 1 0.235699365625 0.9479097484375 0.2336167953125 0.944203809375 0.20862557499999998 0.9219678375000001 0.1760187421875 1 0.2106087875 1
3 0.615625 0.82586805625 0.6921875 0.692534721875 0.671875 0.6619791671875 0.6 0.7953125 0.615625 0.82586805625
3 0.640625 0.823090278125 0.5625 0.673090278125 0.5453125 0.70086805625 0.6171875 0.8369791671875 0.640625 0.823090278125
2 0.7713075375 0.55 0.804882590625 0.5780686515625 0.9139497468750001 0.6672971796875 0.9722461296875 0.711040465625 0.970754196875 0.6850598328124999 0.970754196875 0.68550668125 0.807584928125 0.55 0.7713075375 0.55
2 1 0.8073755546875001 0.9375335453125 0.8311434656250001 0.8312029625000001 0.837476284375 0.6521198078125 0.80566469375 0.6526622328125 0.836980540625 0.8048092656249999 0.855413465625 0.93327754375 0.8582482125 1 0.82981711875 1 0.8073755546875001
2 1 0.922975275 0.993402125 0.9082017499999999 0.9124366437500001 1 0.949983671875 1 0.9691521640625 0.9803100453125001 1 0.9352829640625 1 0.922975275
2 0.36875 0.9037544593749999 0.5891289453125 0.8333835531249999 0.5845906796875 0.8067870859375 0.5850745234375 0.8019678812500001 0.36875 0.865078765625 0.36875 0.9037544593749999