4 0.5203125 0.50234375 0.2375 0.9953125
3 0.13984375 0.171875 0.05390625 0.31640625
3 0.809375 0.12421875 0.03671875 0.2375
3 0.23125 0.803125 0.034375 0.2640625
3 0.753125 0.64453125 0.03515625 0.22890625
2 0.76893135625 0.7348210828124999 0.7428313703125 0.7674452421875 0.9891493171875 0.91969111875 0.99730551875 0.8674924875000001 0.76893135625 0.7348210828124999
2 1 0.2846082390625 0.83503784375 0.22487454375000002 0.8064499515625 0.25415905781250003 1 0.3237571828125 1 0.2846082390625
2 0 0.8696674953124999 0.21920205468749998 0.96101495 0.20830840312499999 0.9057550843750001 0 0.8131189703124999 0 0.8696674953124999
2 0.05625 0.3203125 0.11171875 0.07421875
2 1 0.770503446875 0.16547392656249998 0.313664015625 0.1359120578125 0.3494974515625 1 0.8378643421874999 1 0.770503446875
2 0.31723164062500003 1 0.254564115625 0.9347817421875 0.2229005890625 0.964972025 0.25910845312499997 1 0.31723164062500003 1
2 0.7965093125 0.22960685 0.1514377296875 0.280423703125 0.1504849140625 0.31091380625 0.80068894375 0.2536388859375 0.7965093125 0.22960685