3 0 0.3094272828125 0.0421821671875 0.359748671875 0.3864405265625 0.0903678359375 0.31375150937499996 0.02457635625 0 0.25622975625 0 0.3094272828125
1 0.19921875 0.15 0.01796875 0.02578125
0 1 0.5390625 1 0.3497968640625 0.5282405796875 0.3150794484375 0.47928896249999997 0.479169671875 0.497564046875 0.5390625 1 0.5390625
3 0.1159671984375 0.5715190125 0.1137829078125 0.5715190125 0.1814954265625 0.7133916593749999 0.1940549875 0.6978439859375001 0.1279806734375 0.55791479375 0.1159671984375 0.5715190125
3 0.250846103125 0.552084409375 0.173850434375 0.700759178125 0.1891403703125 0.7250524265625 0.26995853593749997 0.568603821875 0.2677742453125 0.5676320828125 0.250846103125 0.552084409375
3 0.197961990625 1 0.17767293125 0.9548045265624999 0.16292907968749998 0.9722956765624999 0.16292907968749998 0.9732673921874999 0.174395971875 1 0.197961990625 1
4 0.7578125 0.865625 0.0625 0.26875
4 0.92421875 0.8609375 0.025 0.11328125
3 0.74453125 0.7828125 0.00546875 0.01875
3 0.7421875 0.8203125 0.00546875 0.02109375
3 0.7765625 0.78515625 0.00625 0.021875
3 0.778125 0.81875 0.0046875 0.0234375
3 0.78046875 0.859375 0.00546875 0.02421875