4 0.2171875 0.334375 0.2375 0.66875
3 0.45 0.31640625 0.03515625 0.22890625
2 0.6296875 0.5019009921875 0.46580635625 0.40669608281249997 0.43970637031250004 0.43932024218750004 0.6296875 0.556745075 0.6296875 0.5019009921875
2 0.6296875 0.40559841093750004 0 0.0608924890625 0 0.115878184375 0.6296875 0.47176618125 0.6296875 0.40559841093750004
4 0.640625 0.39765625 0.021875 0.1890625
3 1 0.27263228906250003 0.976534903125 0.21396954687499997 0.967279375 0.223567871875 0.9942746640625 0.283900196875 1 0.2771146140625 1 0.27263228906250003
3 1 0.25764405 0.9904181937500001 0.2770442515625 0.9981311328124999 0.286642575 1 0.282750584375 1 0.25764405
3 0.9688219640625 0.462154796875 0.975763609375 0.44844290468750003 0.9479970265625 0.3922241453125 0.9418266750000001 0.40045128124999996 0.9688219640625 0.462154796875
3 1 0.39797781875 0.9942746640625 0.39085295625 0.9634229062500002 0.45392766093750003 0.9719071390625 0.462154796875 1 0.404528415625 1 0.39797781875
3 0.9873330171875001 0.630811071875 0.9919607812500001 0.621212746875 0.9680506687499999 0.5649939890625 0.9595664359375 0.577334690625 0.9873330171875001 0.630811071875
3 1 0.5893239015625 0.9827052546875 0.6321822609375001 0.98887560625 0.636295828125 1 0.6119987390625 1 0.5893239015625
4 0.66640625 0.834375 0.0734375 0.33125
3 0.63671875 0.71796875 0.0140625 0.0484375
3 0.68984375 0.73671875 0.01875 0.07890625
3 0.68984375 0.83203125 0.021875 0.06328125
3 0.69140625 0.9203125 0.021875 0.05234375
3 0.634375 0.809375 0.009375 0.065625