4 0.06796875 0.26953125 0.1359375 0.5390625
3 0.1052138453125 0.2991946046875 0.31696870312500003 0.1843816703125 0.255894921875 0.1436667703125 0.0489226828125 0.2567637515625 0.1052138453125 0.2991946046875
4 0.365625 0.03515625 0.046875 0.0703125
3 0.783434953125 0.48679730625 0.7891036734375 0.479676703125 0.7627607671875 0.4268655484375 0.75742548125 0.43220600156250005 0.757758946875 0.432799375 0.783434953125 0.48679730625
3 0.7787665968749999 0.47730315 0.7837684171875 0.48739068124999996 0.8141127812499999 0.4387332296875 0.8076870812500001 0.42914752187499994 0.8071102312499999 0.429832475 0.7787665968749999 0.47730315
3 0.2496622859375 0.6090435484375 0.2437285390625 0.6172482359375 0.27076005625 0.6781973484374999 0.2773531078125 0.6711647578125 0.2496622859375 0.6090435484375
3 0.3017474046875 0.6219366296875 0.29449504531250004 0.6113877453125001 0.2628483921875 0.6723368562500001 0.2714193609375 0.682885740625 0.3017474046875 0.6219366296875
3 0.22197146406249998 0.7872024890625 0.21405979999999997 0.8012676687500001 0.24438784375 0.85283999375 0.2516402015625 0.8469795031249999 0.22197146406249998 0.7872024890625
3 0.2773531078125 0.7965792765625 0.2714193609375 0.7872024890625 0.23977270625 0.8516678953125 0.2476843703125 0.8563562890625 0.2773531078125 0.7965792765625
3 0.2540193296875 1 0.2404320125 0.9723940203125 0.23449826406250002 0.9817708062499999 0.24325682187500003 1 0.2540193296875 1
3 0.2792117140625 1 0.2911985203125 0.9723940203125 0.28394616093749997 0.9653614312500001 0.269745815625 1 0.2792117140625 1
3 0.54296875 0.67265625 0.05859375 0.1640625
4 0.765625 0.76953125 0.46875 0.4609375
3 0.745145025 0.6215909015625 0.73960283125 0.6384813968749999 0.8088802546875 0.719415021875 0.815214190625 0.69759813125 0.745145025 0.6215909015625
3 0.830653159375 0.7004132140625 0.836591225 0.7173037093750001 0.9078480031249999 0.6384813968749999 0.9015140671874999 0.6251097546875 0.830653159375 0.7004132140625