4 0.3328125 0.1546875 0.39375 0.309375
3 0.16796875 0.04296875 0.0515625 0.0859375
1 0.92109375 0.1109375 0.01796875 0.01953125
3 0.8984375 0.109375 0.203125 0.090625
1 0.17734375 0.7296875 0.01796875 0.0390625
3 0.1796875 0.746875 0.078125 0.4359375
4 0.28125 0.6546875 0.2875 0.690625
2 0.4683300640625 1 0.1628984875 0.9335278953125 0 0.9268850671875001 0 0.9670873406249999 0.147472190625 0.9725984390625001 0.28541525 1 0.4683300640625 1
2 0.5296875 0.3311789046875 0.381953284375 0.3330748921875 0 0.4251344296875 0 0.452759634375 0.33258888125 0.365976396875 0.5296875 0.3640427171875 0.5296875 0.3311789046875
2 1 0.4149755203125 0.6539155187500001 0.4712111515625 0.6558778359375 0.5023898140625 1 0.4451235640625 1 0.4149755203125
2 1 0.6884798625 0.7119773 0.6463203156249999 0.7060994484374999 0.6758490484375 1 0.7103139875 1 0.6884798625