4 0.31640625 0.40078125 0.3265625 0.2765625
3 0.7359375 0.04765625 0.01875 0.0953125
3 0.71640625 0.33671875 0.01875 0.11328125
4 0.7396001671875 0 0.7004921359375 0.5390625 0.8414145937499999 0.5390625 0.85603346875 0 0.7396001671875 0
2 0.4796875 0.3186662890625 0.6967755421875 0.38486937656250003 0.697997909375 0.3577130734375 0.698155228125 0.35735044375 0.4796875 0.28986299843749996 0.4796875 0.3186662890625
2 0.4796875 0.13492423125 0.7231388296875 0.186761946875 0.7222149953125 0.1534210875 0.4796875 0.1061678140625 0.4796875 0.13492423125
2 0.4796875 0.065049459375 0.7064262140625 0.094199975 0.704871015625 0.0652591734375 0.704871015625 0.0643791625 0.4796875 0.041715364062499996 0.4796875 0.065049459375
2 0.9446461781250001 0.5390625 0.8541899000000001 0.4745761453125 0.8496917484375001 0.49952346406250003 0.9064265093749999 0.5390625 0.9446461781250001 0.5390625
2 1 0.27999910625 0.8665504171875 0.20089681406249998 0.86565600625 0.2149925015625 1 0.2986937375 1 0.27999910625
2 1 0.2263256453125 0.8855131953125 0.1593427796875 0.882176040625 0.1818416890625 1 0.2513843203125 1 0.2263256453125
4 0.38671875 0.8703125 0.1859375 0.259375
4 0.8671875 0.64140625 0.02734375 0.16171875