4 0.36640625 0.16484375 0.5203125 0.3296875
3 0.21171875 0.23828125 0.0484375 0.1828125
3 0.56015625 0.084375 0.0390625 0.16875
2 0.7890625 0.2132986484375 0.57813288125 0.1429418140625 0 0.1236411828125 0 0.1588427546875 0.5599184375 0.18370700625 0.7890625 0.266561815625 0.7890625 0.2132986484375
3 0.9625 0.209375 0.075 0.240625
1 0.98515625 0.2859375 0.0234375 0.03046875
1 0.1203125 0.3953125 0.0328125 0.02421875
1 0.11171875 0.57109375 0.0375 0.0390625
3 0.11484375 0.51171875 0.1609375 0.3640625
2 0.7890625 0.760646540625 0.19842384531249999 0.6708536437499999 0 0.6602281359375001 0 0.696655034375 0.177217090625 0.7049436375 0.7890625 0.7983865156250001 0.7890625 0.760646540625
3 0.7890625 0.6998693359375 0.8106754 0.739625940625 0.8150286687499999 0.7312833421875 0.7890625 0.6871075171875 0.7890625 0.6998693359375
3 0.812684609375 0.7467767296875001 0.848515515625 0.6925499140625 0.8491852421875 0.68897451875 0.8434924890625 0.6812278109375 0.807661584375 0.736646434375 0.812684609375 0.7467767296875001
3 0.8347859218749999 0.89387869375 0.8394740687500001 0.884344315625 0.8081386515625001 0.8273964578124999 0.8039780125 0.8372682906249999 0.8347859218749999 0.89387869375
3 0.8388043421875 0.898645896875 0.872960915625 0.8390559875000001 0.87430036875 0.8384600703124999 0.8639194703124999 0.8307133906249999 0.831437228125 0.8891115187499998 0.8388043421875 0.898645896875
3 0.84128799375 1 0.8491852421875 0.9870490359375002 0.8418181578125001 0.98168594375 0.8314146234375 1 0.84128799375 1