4 0.34296875 0.259375 0.2328125 0.18125
4 0.6428469375 0 0.6243094328125001 0.35 0.7368536734375001 0.35 0.7433847421875 0.021094693749999997 0.6969201578125 0 0.6428469375 0
3 0.72734375 0.25546875 0.0203125 0.12109375
3 0.6296875 0.2640625 0.02421875 0.14375
2 0.9094297093750001 0.35 0.7504974875 0.30136872812500004 0.7501120359375 0.3256694421875 0.8210709375 0.35 0.9094297093750001 0.35
2 1 0.1351734265625 0.8646317546875 0.1183746359375 0.863554971875 0.15334214531249998 1 0.1642754203125 1 0.1351734265625
2 1 0.05672396875 0.8731651578124999 0.052951878125 0.87272303125 0.07565280468749999 1 0.08196833906249999 1 0.05672396875
2 0.7481076640625 0.1233965015625 0.7473216875 0.1539987546875 0.8293064171874999 0.1472499734375 0.8288981281249999 0.1269080390625 0.7481076640625 0.1233965015625
1 0.21953125 0.66328125 0.01796875 0.04140625
2 0.2625 0.65390625 0.240625 0.13046875
4 0.05 0.675 0.1 0.65
0 1 0.35 0.600637928125 0.35 0.46526144062499997 0.40862923437500004 0.47179589375 0.54944155 1 0.640726546875 1 0.35