3 0.57734375 0.0984375 0.0421875 0.196875
3 0.2640625 0.03828125 0.05625 0.0765625
3 0.23828125 0.4171875 0.03046875 0.1875
4 0.40625 0.31484375 0.15 0.6296875
1 0.87109375 0.0734375 0.03125 0.046875
1 0.834375 0.0890625 0.034375 0.04375
3 0.90578773125 0 0.7457843171875 0.07556257968749999 0.793808053125 0.1632792625 1 0.07961306875 1 0.013492137500000001 0.9963442328125 0 0.90578773125 0
4 0.08515625 0.88125 0.0546875 0.2375
2 1 0.9171246984374999 0.9008419859375 0.8600336562500001 0.659375 0.731407175 0.659375 0.7765592984375 1 0.95965475 1 0.9171246984374999
1 0.91015625 0.73515625 0.05859375 0.040625
3 0.91328125 0.76171875 0.0734375 0.2640625
4 0.93359375 0.81484375 0.1328125 0.3703125