4 0.39921875 0.36796875 0.1796875 0.3421875
3 0.73828125 0.26015625 0.009375 0.0515625
3 0.734375 0.34140625 0.01015625 0.05234375
3 0.77109375 0.3515625 0.01171875 0.04453125
3 0.76953125 0.27109375 0.01328125 0.04609375
4 0.74296875 0.35546875 0.0859375 0.3671875
3 0.5804972828125 0.024690634375 0.5784146171875 0.020984610937500002 0.605488503125 0.1210464875 0.6179841140625 0.1117814703125 0.5929928921875 0.015425617187499999 0.5804972828125 0.024690634375
3 0.573971065625 0.206794653125 0.5596712015625 0.221108365625 0.590910228125 0.3044932625 0.6013232671875001 0.2915223078125 0.573971065625 0.206794653125
3 0.5971580328125 0.1117814703125 0.610694975 0.12660548124999998 0.6377687671875 0.06730952500000001 0.6263144890625 0.04692660625 0.62423191875 0.0413676140625 0.5971580328125 0.1117814703125
3 0.6219314546875 0.233830165625 0.6075710734374999 0.2174023421875 0.583621184375 0.2970813 0.5929928921875 0.311905225 0.6219314546875 0.233830165625
1 0.20859375 0.5953125 0.01796875 0.01953125
3 0.2 0.59375 0.2296875 0.090625
3 0.1640625 0.90234375 0.28125 0.09375
4 0.4125 0.76953125 0.153125 0.4609375
1 0.71796875 0.9265625 0.02109375 0.03828125
3 0.7171875 0.8578125 0.0875 0.284375
2 0.4890625 0.6613915218749999 0.8044175875 0.5759294328125 0.80281195625 0.5577322671875 0.4890625 0.6419879890625 0.4890625 0.6613915218749999
4 1 1 1 0.5390625 0.7626881593749999 0.5390625 0.6921923875 0.689331959375 0.7353513765624999 1 1 1