4 0.478515625 0.990658928125 0.4765625 0.9880553578125 0.4765625 0.9125517859375 0.474609375 0.9099482140624999 0.474609375 0.844858928125 0.47265625 0.8422553578124999 0.47265625 0.8396517859375001 0.474609375 0.8370482140625001 0.474609375 0.8344446421875 0.4755859375 0.8331428578125 0.5205078125 0.8331428578125 0.5224609375 0.8305392859375 0.5771484375 0.8305392859375 0.5791015625 0.8279357140625001 0.6435546875 0.8279357140625001 0.64453125 0.8266339281249999 0.64453125 0.8214267859375 0.6416015625 0.817521428125 0.6376953125 0.817521428125 0.6357421875 0.8149178578124999 0.6123046875 0.8149178578124999 0.6103515625 0.8123142859374999 0.6064453125 0.8123142859374999 0.6044921875 0.8149178578124999 0.6025390625 0.8149178578124999 0.6005859375 0.8123142859374999 0.5419921875 0.8123142859374999 0.5400390625 0.8097107140625001 0.5205078125 0.8097107140625001 0.5185546875 0.8071071421875 0.4873046875 0.8071071421875 0.4853515625 0.804503571875 0.4794921875 0.804503571875 0.4755859375 0.8097107140625001 0.474609375 0.808408928125 0.474609375 0.8058053578125 0.47265625 0.8032017859374999 0.47265625 0.771958928125 0.470703125 0.7693553578125 0.470703125 0.7016625000000001 0.46875 0.699058928125 0.46875 0.6365732140625 0.466796875 0.6339696421875 0.466796875 0.5740875 0.4677734375 0.5727857140625 0.5087890625 0.5727857140625 0.5107421875 0.5701821421875 0.5654296875 0.5701821421875 0.5673828125 0.567578571875 0.5927734375 0.567578571875 0.5947265625 0.5701821421875 0.5966796875 0.5701821421875 0.5986328125 0.567578571875 0.6005859375 0.567578571875 0.6015625 0.5662767859375 0.6015625 0.5610696421875 0.6005859375 0.5597678578124999 0.5810546875 0.5597678578124999 0.5791015625 0.5571642859375 0.5244140625 0.5571642859375 0.5224609375 0.5545607140625 0.4736328125 0.5545607140625 0.4716796875 0.5519571421875 0.4677734375 0.5519571421875 0.46484375 0.5480517859375 0.46484375 0.4829625 0.462890625 0.480358928125 0.462890625 0.4647375 0.46484375 0.462133928125 0.46484375 0.45692678593749997 0.462890625 0.45432321406250004 0.462890625 0.44911607187499997 0.4638671875 0.44781428593749995 0.4658203125 0.4504178578125 0.4677734375 0.44781428593749995 0.4716796875 0.44781428593749995 0.4736328125 0.4452107140625 0.4755859375 0.4452107140625 0.482421875 0.43609821406249993 0.482421875 0.4334946421875 0.4794921875 0.4295892859375 0.4775390625 0.4295892859375 0.4765625 0.430891071875 0.4765625 0.4334946421875 0.4736328125 0.43739999999999996 0.4677734375 0.43739999999999996 0.4658203125 0.434796428125 0.4560546875 0.434796428125 0.4482421875 0.4452107140625 0.4462890625 0.4452107140625 0.4443359375 0.44781428593749995 0.4423828125 0.44781428593749995 0.4404296875 0.4504178578125 0.4345703125 0.4504178578125 0.43359375 0.44911607187499997 0.43359375 0.4465125 0.431640625 0.44390892812500005 0.431640625 0.4413053578125 0.4248046875 0.4321928578125 0.4208984375 0.4321928578125 0.4169921875 0.43739999999999996 0.4072265625 0.43739999999999996 0.404296875 0.4413053578125 0.4091796875 0.44781428593749995 0.4111328125 0.4452107140625 0.4169921875 0.4452107140625 0.419921875 0.44911607187499997 0.419921875 0.5480517859375 0.4169921875 0.5519571421875 0.4052734375 0.5519571421875 0.4033203125 0.5545607140625 0.3134765625 0.5545607140625 0.3115234375 0.5571642859375 0.2939453125 0.5571642859375 0.2919921875 0.5597678578124999 0.2841796875 0.5597678578124999 0.283203125 0.5610696421875 0.283203125 0.5662767859375 0.2841796875 0.567578571875 0.3408203125 0.567578571875 0.3427734375 0.5701821421875 0.3916015625 0.5701821421875 0.3935546875 0.5727857140625 0.4130859375 0.5727857140625 0.4150390625 0.5701821421875 0.41796875 0.5740875 0.41796875 0.576691071875 0.419921875 0.5792946421875 0.419921875 0.8005982140624999 0.4169921875 0.804503571875 0.3583984375 0.804503571875 0.3564453125 0.8071071421875 0.2998046875 0.8071071421875 0.2978515625 0.8097107140625001 0.2626953125 0.8097107140625001 0.2607421875 0.8123142859374999 0.2490234375 0.8123142859374999 0.248046875 0.8136160718750001 0.248046875 0.8214267859375 0.2509765625 0.8253321421875001 0.2548828125 0.8253321421875001 0.2568359375 0.822728571875 0.2587890625 0.8253321421875001 0.2998046875 0.8253321421875001 0.3017578125 0.8279357140625001 0.3369140625 0.8279357140625001 0.3388671875 0.8305392859375 0.3759765625 0.8305392859375 0.3779296875 0.8331428578125 0.4169921875 0.8331428578125 0.41796875 0.8344446421875 0.41796875 0.8526696421875 0.419921875 0.8552732140625 0.419921875 0.9385875 0.41796875 0.9411910718750001 0.41796875 0.9568125000000001 0.419921875 0.959416071875 0.419921875 0.995866071875 0.4208984375 0.9971678578125 0.4755859375 0.9971678578125 0.4765625 0.995866071875 0.4765625 0.9932624999999999 0.478515625 0.990658928125
3 0.298828125 0.6730232140625 0.298828125 0.6704196421875 0.2978515625 0.6691178578125 0.2958984375 0.671721428125 0.2939453125 0.671721428125 0.29296875 0.6704196421875 0.29296875 0.6652125 0.291015625 0.6626089281249999 0.291015625 0.6157446421875 0.2890625 0.613141071875 0.2890625 0.5740875 0.2880859375 0.5727857140625 0.2822265625 0.5727857140625 0.28125 0.5740875 0.28125 0.6027267859375 0.283203125 0.6053303578125 0.283203125 0.6704196421875 0.28125 0.6730232140625 0.283203125 0.6756267859375 0.283203125 0.680833928125 0.28125 0.6834374999999999 0.28125 0.686041071875 0.2841796875 0.6899464281250001 0.28515625 0.6886446421875 0.28515625 0.686041071875 0.2880859375 0.6821357140625001 0.2939453125 0.6899464281250001 0.294921875 0.6886446421875 0.294921875 0.6782303578125 0.298828125 0.6730232140625
3 0.607421875 0.6652125 0.60546875 0.6626089281249999 0.60546875 0.5792946421875 0.603515625 0.576691071875 0.603515625 0.5740875 0.6025390625 0.5727857140625 0.5986328125 0.5727857140625 0.59765625 0.5740875 0.59765625 0.5792946421875 0.595703125 0.5818982140625 0.595703125 0.680833928125 0.5986328125 0.6847392859375 0.6044921875 0.6847392859375 0.60546875 0.6834374999999999 0.607421875 0.680833928125 0.607421875 0.6652125
3 0.259765625 0.9229660718750001 0.2578125 0.9203625000000001 0.2578125 0.9125517859375 0.255859375 0.9099482140624999 0.255859375 0.8630839281249999 0.25390625 0.8604803578125001 0.25390625 0.8292375 0.2529296875 0.8279357140625001 0.2509765625 0.8279357140625001 0.2490234375 0.8253321421875001 0.24609375 0.8292375 0.24609375 0.868291071875 0.248046875 0.8708946421875 0.248046875 0.9255696421874999 0.2509765625 0.929475 0.2568359375 0.929475 0.2578125 0.9281732140625 0.2578125 0.9255696421874999 0.259765625 0.9229660718750001
3 0.646484375 0.8344446421875 0.646484375 0.831841071875 0.6435546875 0.8279357140625001 0.638671875 0.8344446421875 0.638671875 0.9203625000000001 0.63671875 0.9229660718750001 0.638671875 0.9255696421874999 0.638671875 0.9307767859375 0.6396484375 0.9320785718750001 0.6474609375 0.9320785718750001 0.6484375 0.9307767859375 0.6484375 0.8370482140625001 0.646484375 0.8344446421875
2 0.594539978125 0.9996010328124999 0.6004201203124999 1 0.5827006671875 0.081526796875 0.575735578125 0.08120540468750001 0.5895063625 0.8312539062500001 0.5915141828125 0.9090879453125 0.5938742765625 0.9989241953124999 0.594539978125 0.9996010328124999
2 0.61130575 0.9997254390625001 0.6180913546875 1 0.61220719375 0.6970567390625 0.603618703125 0.6977780859375 0.61130575 0.9997254390625001
2 0.63984375 0.9703125 0.0078125 0.0578125
2 0.65 0.97265625 0.00546875 0.0546875
2 0.627920165625 0.6916430671875 0.61073113125 0.3917196015625 0.6054604343750001 0.3920481359375 0.627833103125 0.8098614921875 0.6288926 0.8100436140625 0.62859524375 0.8106849359374999 0.635149125 0.8107045765625 0.627920165625 0.6916430671875
2 0.243591925 0.8860621109375 0.22068816875000002 0.9994778328124999 0.2260131125 1 0.2464770796875 0.8964903937500001 0.24467285312499998 0.88680666875 0.243591925 0.8860621109375
2 0.2803622359375 0.68640973125 0.2544427296875 0.8218336734375 0.260747475 0.8233692140625 0.285927609375 0.6930518359375 0.28014658593749997 0.691121696875 0.2803622359375 0.68640973125
2 0.2962988953125 0.64442163125 0.2951858203125 0.6455572171874999 0.29752314375 0.6540214359375 0.325589771875 0.5695426140625 0.3179964859375 0.568657 0.29454288906250004 0.6452643921875 0.2962988953125 0.64442163125
2 0.23313759531249997 0.9994885453125001 0.23309875156249998 0.9994885453125001 0.238286403125 1 0.2518602890625 0.93069276875 0.24635652968750002 0.9289197546875 0.23419843125 0.9978298046875 0.23313759531249997 0.9994885453125001
2 0.25538065312499997 0.9379343234374999 0.2431418734375 0.9989975296875 0.247982609375 0.9998652890624999 0.2609015109375 0.938829346875 0.25538065312499997 0.9379343234374999
2 0.2833023078125 0.8282186640625 0.25959689531249996 0.9172157234375 0.264171084375 0.9232034375 0.2905928796875 0.8286400453124999 0.28399345781249996 0.8283043687499999 0.2833023078125 0.8282186640625
2 0.2753112078125 0.82718128125 0.2568349703125 0.8986642546875 0.257157775 0.9093559000000001 0.2805618125 0.8273509046875 0.2760318265625 0.8268777453125 0.2753112078125 0.82718128125
2 0.2825468625 0.807009621875 0.2858445640625 0.806581990625 0.35069222031249997 0.5729938578125 0.3456358328125 0.5711065718749999 0.282203965625 0.8053944640624999 0.2825468625 0.807009621875
2 0.35698625 0.5720012640625 0.35357603437499996 0.5720012640625 0.28793877968750003 0.8044177890625 0.291415296875 0.804989153125 0.29077638281249996 0.80585155625 0.29624665625 0.8062390109375001 0.35698625 0.5720012640625
2 0.44482344375 0.128422128125 0.411414546875 0.26139983125 0.35534164218750003 0.450086296875 0.3553804109375 0.450086296875 0.329357834375 0.53898205 0.3324824734375 0.540205246875 0.382466040625 0.3802254703125 0.4476148015625 0.1290589296875 0.44482344375 0.128422128125
2 0.3315808140625 0.570837034375 0.328142871875 0.5700408109375 0.299040603125 0.6592816453125 0.2997634125 0.6599342140625 0.3043289390625 0.661204315625 0.3315808140625 0.570837034375
2 0.341584665625 0.9259513453125001 0.360144721875 0.8329008546875001 0.35246889062500003 0.8317800921874999 0.323777828125 0.9983738656250001 0.32391076875 0.9983743765625 0.3281674453125 0.998587896875 0.341584665625 0.9259513453125001
2 0.3591137796875 0.771698496875 0.3674657359375 0.7758838640625 0.3907284734375 0.5720657015625 0.3847184515625 0.5692729484375 0.374405478125 0.632889221875 0.35854663593749997 0.771191584375 0.3591137796875 0.771698496875
2 0.40522507656249995 0.5740770453125 0.36983366093750003 0.76774360625 0.3732746109375 0.7725655703125 0.40970155625000004 0.577355003125 0.40527868749999996 0.57548940625 0.40522507656249995 0.5740770453125
2 0.412192315625 0.5749501703125001 0.376286915625 0.7693228734375 0.37860985468749997 0.769720053125 0.4141333453125 0.5752157515625 0.41233422031250005 0.574878178125 0.412192315625 0.5749501703125001
2 0.35969825 0.47625274375000004 0.4052038890625 0.3180315265625 0.42482412968750005 0.24239012031249998 0.4224716125 0.24131945 0.3389536515625 0.5352902125 0.339272253125 0.53467993125 0.34295776093749997 0.5339928671874999 0.35969825 0.47625274375000004
2 0.41231642500000004 0.31548173749999997 0.40955691875 0.3148624890625 0.358038434375 0.527434934375 0.35834778749999996 0.52768393125 0.3612563171875 0.527239359375 0.41231642500000004 0.31548173749999997
2 0.4303832234375 0.25587290937499996 0.4272706859375 0.256113346875 0.36605539062500003 0.5239109 0.36636525625 0.524262309375 0.3683976296875 0.5239293953125 0.4303832234375 0.25587290937499996
2 0.5110192265625 0.2443835265625 0.5230731921875 0.1433945703125 0.5190822046875 0.1428191046875 0.47746628593749996 0.42129728125000004 0.47797009843750005 0.4224053921875 0.4828511546875 0.4227069515625 0.5110192265625 0.2443835265625
2 0.46520016406250003 0.2115128953125 0.47653260781249995 0.14274473125 0.47106323593750005 0.1461954828125 0.40972419687499995 0.41866143750000007 0.40973835000000003 0.42018217968749993 0.41519485468750006 0.42041714687500004 0.46520016406250003 0.2115128953125
2 0.4666973484375 0.23679337031249997 0.4637280828125 0.23574647031249998 0.43187284375 0.430384875 0.43205956093750003 0.4307627625 0.4354412671875 0.43093609062500005 0.4666973484375 0.23679337031249997