3 0.0953125 0.03828125 0.05 0.0765625
4 0.3953125 0.159375 0.109375 0.31875
1 0.93359375 0.1921875 0.10234375 0.2328125
1 0.83828125 0.2234375 0.0921875 0.190625
1 0.7453125 0.2328125 0.08125 0.171875
1 0.67734375 0.2546875 0.0734375 0.128125
3 0.725 0.159375 0.55 0.31875
4 0.33203125 0.59765625 0.02734375 0.17578125
3 0.366883521875 0.49373625 0.3949986453125 0.5437671875 0.404370353125 0.5252372390625 0.38146170156250003 0.48076529375000004 0.37937913125 0.47705927031249995 0.366883521875 0.49373625
3 0.4106181578125 0.4863242875 0.38458560468749997 0.5382081953125001 0.3939573125 0.5474732125 0.4241551015625 0.5048542359375 0.4251963390625 0.4974422734375 0.4106181578125 0.4863242875
1 0.77734375 0.43046875 0.0203125 0.01640625
3 0.77890625 0.471875 0.08984375 0.3015625
3 0.60625 0.51953125 0.02734375 0.15
3 0.83671875 0.971875 0.0484375 0.05625
4 0.72421875 0.659375 0.3015625 0.68125