4 0.25859375 0.284375 0.2078125 0.56875
3 0.203125 0.50625 0.04375 0.125
3 0.296875 0.3484375 0.02421875 0.16328125
2 0 0.12889049218749998 0.1970179546875 0.0983182109375 0.1925391484375 0.0804036265625 0 0.11036695781250001 0 0.12889049218749998
2 0.55 0.1337369578125 0.21231945937500002 0.08372885 0.204482521875 0.100308671875 0.55 0.15429478125 0.55 0.1337369578125
2 0 0.4671979390625 0.1940321109375 0.444666871875 0.1925391484375 0.42476171718750005 0 0.4446108140625 0 0.4671979390625
2 0.55 0.45208886875000004 0.3134655109375 0.41330377343749997 0.32246902187500004 0.44006629375 0.55 0.48118780625 0.55 0.45208886875000004
3 0.55 0.45806236875 0.8552140156250001 0.165695928125 0.788333025 0.1069725140625 0.55 0.31445588125 0.55 0.45806236875
3 0.88203125 0.065625 0.03359375 0.09296875
3 0.84140625 0.05 0.028125 0.06328125
1 0.66796875 0.25546875 0.01953125 0.02265625
4 0.23984375 0.59375 0.0421875 0.05
3 0.477683859375 0.56875 0.5039460921875001 0.6128446140625 0.507669259375 0.6068273750000001 0.48575835625 0.56875 0.477683859375 0.56875
3 0.5261528234374999 0.56875 0.5036076234375 0.6056239265625 0.5090231375000001 0.6134463375 0.534164828125 0.56875 0.5261528234374999 0.56875
1 0.57890625 0.8859375 0.01484375 0.0453125
3 0.58046875 0.78046875 0.0609375 0.4234375
3 0.95859375 0.7421875 0.0515625 0.346875
4 0.76640625 0.784375 0.4328125 0.43125