2 0.275063203125 0 0.28111621875 0.3296875 0.28842772499999997 0.3296875 0.282067296875 0 0.275063203125 0
2 0.1429430359375 0 0.10985204687500001 0.13171233124999998 0.0537791421875 0.320398796875 0.053817910937500005 0.320398796875 0.051098815625 0.3296875 0.056174315625000006 0.3296875 0.080903540625 0.2505379703125 0.145889259375 0 0.1429430359375 0
2 0.06298991875 0.3296875 0.1036413890625 0.1883440265625 0.12326162968750001 0.1127026203125 0.1209091125 0.11163195 0.0589588875 0.3296875 0.06298991875 0.3296875
2 0.07605762656250001 0.3296875 0.110753925 0.1857942375 0.10799441875 0.18517498906250002 0.07297075625 0.3296875 0.07605762656250001 0.3296875
2 0.0817627390625 0.3296875 0.1288207234375 0.126185409375 0.1257081859375 0.126425846875 0.0792450203125 0.3296875 0.0817627390625 0.3296875
2 0.20945672656249997 0.1146960265625 0.2215106921875 0.0137070703125 0.2175197046875 0.013131604687500001 0.1759037859375 0.29160978125 0.1764075984375 0.2927178921875 0.1812886546875 0.29301945156250003 0.20945672656249997 0.1146960265625
2 0.1636376640625 0.08182539531250001 0.1749701078125 0.01305723125 0.16950073593749998 0.0165079828125 0.10816169687499999 0.2889739375 0.10817585 0.2904946796875 0.11363235468749999 0.29072964687499997 0.1636376640625 0.08182539531250001
2 0.1621655828125 0.1060589703125 0.13031034375 0.300697375 0.1304970609375 0.3010752625 0.1338787671875 0.301248590625 0.16513484843749998 0.1071058703125 0.1621655828125 0.1060589703125
1 0.57421875 0.2515625 0.01953125 0.0515625
3 0.56640625 0.16484375 0.0609375 0.3296875
3 0.9359375 0.15546875 0.046875 0.3109375
1 0.22578125 0.628125 0.10234375 0.2328125
1 0.13125 0.6671875 0.09140625 0.20390625
1 0.0390625 0.68671875 0.078125 0.2078125
3 0.209375 0.70546875 0.41875 0.5890625
1 0.31953125 0.59609375 0.07734375 0.2234375
1 0.99609375 0.86171875 0.0078125 0.0359375
3 1 0.790851778125 0.61508100625 0.9298217125000001 0.6395734296875 1 0.7860074296875 1 1 0.9195697171875 1 0.790851778125
3 1 0.3296875 0.9078864578125 0.3296875 0.758067615625 0.4009848640625 0.7559715953125 0.40125093593749994 0.8184268671874999 0.5023594203125 1 0.42122217968750003 1 0.3296875
3 0.41875 0.8549618593750001 0.42334867656249997 0.8552930875000001 0.4699897671875 0.581206296875 0.41875 0.5760966734374999 0.41875 0.8549618593750001
4 0.56875 0.66484375 0.3 0.6703125