3 0.161573290625 0.409375 0.234901515625 0.33913342812499997 0.168020525 0.2804100140625 0.019880384374999997 0.409375 0.161573290625 0.409375
3 0.26171875 0.2390625 0.03359375 0.09296875
3 0.22109375 0.2234375 0.028125 0.06328125
4 0.7390625 0.2046875 0.140625 0.409375
3 0.46796875 0.56875 0.0234375 0.0578125
3 0.5171875 0.58125 0.0171875 0.0546875
3 0.52109375 0.66953125 0.025 0.059375
3 0.46015625 0.65859375 0.01640625 0.059375
3 0.45625 0.7546875 0.02421875 0.07421875
3 0.5171875 0.76953125 0.025 0.07109375
4 0.484375 0.73046875 0.128125 0.5390625
3 0.2586275546875 0.5492694953124999 0.2677710265625 0.5460184828125 0.2379023515625 0.47449621249999996 0.23302583281249997 0.48316557812500005 0.2586275546875 0.5492694953124999
3 0.25375103593750004 0.5449348125 0.2628945078125 0.550353165625 0.2933727484375 0.4950859578125 0.2860579703125 0.4885839328125 0.25375103593750004 0.5449348125
3 0.27630493437500003 0.7324098546875 0.2872771 0.7291588421874999 0.25923711875 0.6641385953125 0.25253190625 0.671724290625 0.27630493437500003 0.7324098546875
3 0.2720379796875 0.7280751703125 0.2805718875 0.7324098546875 0.306173609375 0.674975303125 0.29885883125 0.6684732796875 0.2720379796875 0.7280751703125
1 0.953125 0.62421875 0.09375 0.0546875
3 0.8921875 0.7046875 0.215625 0.590625