3 0.56328125 0.2421875 0.0359375 0.175
4 0.39609375 0.16484375 0.2078125 0.3296875
3 0.1421875 0.19296875 0.046875 0.2734375
2 0 0.10856000625 0.14363733125 0.0474871 0.1386403671875 0.025469978124999997 0 0.0775435140625 0 0.10856000625
0 0.5890625 0.3296875 1 0.3296875 1 0.1182589109375 0.8144744953125 0.08858375156250001 0.8231870156250001 0.08422871875 0.5890625 0.1856240296875 0.5890625 0.3296875
0 0.3065942265625 0.57024149375 0.09362391875000001 0.752602090625 0.1199165421875 0.8430031265625001 0.36005588125 0.6996084140625 0.35830306562500003 0.6918152546874999 0.3065942265625 0.57024149375
1 0.69921875 0.5671875 0.05390625 0.0703125
1 0.7140625 0.64453125 0.05859375 0.065625
1 0.71875 0.721875 0.0578125 0.08046875
1 0.72578125 0.8078125 0.05703125 0.0859375
3 0.6921875 0.66328125 0.1875 0.6671875
1 0.7359375 0.8890625 0.05234375 0.0625