3 0.228125 0.15546875 0.03125 0.2171875
3 0.63125 0.1828125 0.0328125 0.25703125
4 0.428125 0.2546875 0.4375 0.509375
3 0.886156884375 0.1544536984375 0.8601244250000001 0.0710688 0.8590830921875 0.0710688 0.849711384375 0.0858928109375 0.87470260625 0.165571684375 0.886156884375 0.1544536984375
3 0.86637223125 0.169277709375 0.8767851765625 0.1822486640625 0.9062248828125 0.09268215625000001 0.8934460218750001 0.0821867875 0.86637223125 0.169277709375
3 0.8840743140624999 0.35272448437500004 0.8944873546875 0.3379004734375 0.8668728218750001 0.2571703640625 0.8549178578125 0.2748985796875 0.8840743140624999 0.35272448437500004
3 0.8736612734375001 0.3508715140625 0.8882395484375 0.3619895 0.914314878125 0.2812171546875 0.901776396875 0.2674866171875 0.8736612734375001 0.3508715140625
4 0.2703125 0.6484375 0.0359375 0.1984375
4 0.5591363359375 1 0.5551337796875 0.6276859171875 0.509441325 0.6233144359375 0.48722059531250006 1 0.5591363359375 1
3 0.311651471875 0.5473705390625 0.3074206015625 0.5566278296875 0.33052766718750004 0.5919212515625001 0.33475853906249997 0.5884497671875 0.311651471875 0.5473705390625
3 0.353960184375 0.5560492499999999 0.35005476562500004 0.5485277015625 0.326622246875 0.5890283484375 0.3311785703125 0.594235575 0.353960184375 0.5560492499999999
3 0.2931007296875 0.6590366109375 0.2895207609375 0.6700296437500001 0.31100056875000004 0.7030087421875 0.3149059890625 0.6949086125 0.2931007296875 0.6590366109375
3 0.3331312796875 0.665979578125 0.3292258609375 0.660193771875 0.3080715046875 0.698380096875 0.311651471875 0.7024301609375 0.3331312796875 0.665979578125
0 0.834375 0.784375 0.33125 0.2625