4 0.5487853015625 0.14669537500000002 0.5036008796875 0.999806340625 0.6320198687499999 0.999806340625 0.6480722421875 0.19140719374999998 0.552514565625 0.1480244765625 0.5487853015625 0.14669537500000002
3 0.5203125 0.771875 0.0203125 0.14765625
3 0.62734375 0.671875 0.01796875 0.1125
3 0.63203125 0.42578125 0.0203125 0.12109375
3 0.534375 0.434375 0.02421875 0.14375
2 0.7902976353472658 1 0.7902976353472658 0.9619048851412269 0.6505110012254254 0.8914108531859096 0.6469467615627649 0.9284798562364456 0.7902976353472658 1
2 0.00209925 0.7249007046875 0 0.8017722640624999 0.4970753078125 0.847509334375 0.4986683765625 0.8088174499999999 0.00209925 0.7249007046875
2 1 0.6143451015625 0.9994599890625 0.577551853125 0.9994599890625 0.577025071875 0.6551849875 0.471681228125 0.6547995359375001 0.4959819421875 1 0.6143451015625
2 1 0.68815798125 0.9990318859375 0.6610393625000001 0.9990318859375 0.660636075 0.6541067921875 0.5295187375 0.6535460234375 0.5575729203125 1 0.68815798125
2 0.9998059125 0.3422097140625 0.9973415546875 0.316984015625 0.7693192546875001 0.2886871359375 0.768242471875 0.3236546453125 0.9998059125 0.3422097140625
2 1 0.2298710796875 0.7778526578125 0.22326437812500002 0.7774105312499999 0.24596530468750002 1 0.257010284375 1 0.2298710796875
2 0.6527951640625 0.2937090015625 0.6520091875 0.3243112546875 0.7339939171875 0.3175624734375 0.7335856281249999 0.2972205390625 0.6527951640625 0.2937090015625
3 0.62890625 0.9046875 0.0109375 0.08359375