3 0.2179759609375 0.31297847968750003 0.23860503125000002 0.2990542015625 0.184542734375 0.1876601265625 0.174583915625 0.20285022656249999 0.1731611796875 0.20285022656249999 0.2179759609375 0.31297847968750003
3 0.22864614687499998 0.3180418265625 0.2883991875 0.21424280156250003 0.2876878859375 0.21297695 0.2748836625 0.19778685000000001 0.21584192343750003 0.300320025 0.22864614687499998 0.3180418265625
3 0.2679567171875 0.559375 0.222955403125 0.4598160734375 0.225089440625 0.4547527265625 0.21015117968750002 0.4737403515625 0.2528669296875 0.559375 0.2679567171875 0.559375
3 0.28309762968749996 0.559375 0.3225437828125 0.502854728125 0.314007634375 0.49272797500000004 0.30618285312500004 0.485132925 0.2663028140625 0.559375 0.28309762968749996 0.559375
3 0.90625 0.421875 0.03046875 0.1921875
2 0.4296875 0.628595503125 0.242199603125 0.749951434375 0 0.8334622625 0 0.9050069624999999 0.2543936296875 0.8150671828125 0.4296875 0.700940340625 0.4296875 0.628595503125
3 0.44703535624999996 0.573942203125 0.442526196875 0.5819584890625 0.46757708749999993 0.6327282953125 0.473088284375 0.62738410625 0.44703535624999996 0.573942203125
3 0.500143246875 0.5881933765625 0.49513306875000007 0.5810677906249999 0.46607403437499995 0.6256027093750001 0.4710842125 0.6345096921875 0.500143246875 0.5881933765625
3 0.4710842125 0.72981441875 0.4635689453125 0.738721403125 0.486615765625 0.7930540031250001 0.49663612187500006 0.785928415625 0.4710842125 0.72981441875
3 0.5256951578125 0.75030048125 0.5186809078125 0.738721403125 0.48611474843749997 0.7841470203125 0.4941310328125 0.789491209375 0.5256951578125 0.75030048125
3 0.44594013749999994 0.8838690765624999 0.44236017031249997 0.8925477875000001 0.467745396875 0.9428843062500001 0.4729526234375 0.9388342406250001 0.44594013749999994 0.8838690765624999
3 0.4993142046875 0.9006479171875 0.495083334375 0.8942835296875 0.46449088125 0.9405699828125 0.47002355781249994 0.945777209375 0.4993142046875 0.9006479171875