3 0.11796875 0.3984375 0.02578125 0.11796875
3 0.10546875 0.17109375 0.02578125 0.12421875
4 0.4203125 0.07578125 0.05 0.1515625
4 0 0 0 0.6796875 0.10249770312499999 0.6796875 0.09456526875 0.40019509375 0.10755297187499999 0 0 0
1 0.61875 0.5046875 0.0125 0.02109375
3 0.61640625 0.5140625 0.0546875 0.25234375
3 0.81875 0.321875 0.0328125 0.1640625
4 0.71953125 0.33984375 0.2796875 0.6796875
2 1 0.42889328750000005 0.7762788781250001 0.373108684375 0.5296875 0.3604197765625 0.5296875 0.40111519375000004 0.8086743000000001 0.4101229125 1 0.4658892703125 1 0.42889328750000005
2 0.8033675265625 0.6796875 0.5296875 0.6070887468749999 0.5296875 0.644779865625 0.6651001515624999 0.6796875 0.8033675265625 0.6796875
4 0.31171875 0.83984375 0.4140625 0.3203125
4 0.2234375 0.78046875 0.1 0.2015625
2 0.5296875 0.778958734375 0.860586678125 0.8210395421874999 0.9343330625 0.8651226421875 0.9331047375000001 0.8263991531249999 0.8638162375 0.79905459375 0.5296875 0.7560914578125 0.5296875 0.778958734375
2 0.5296875 0.7367445109374999 0.668560003125 0.7511089640625 0.8117089890625 0.7652180796875 0.8953974875 0.7716564124999999 0.9380400671875 0.7955061578125 0.9369326921875001 0.7741167375 0.8880861687499999 0.753427434375 0.8320808578125 0.749147415625 0.5737445859375 0.729217715625 0.5296875 0.724941971875 0.5296875 0.7367445109374999
2 0.5296875 0.714007765625 0.7164799937499999 0.7253602906250001 0.8551635546874999 0.7292718375 0.9366375281250001 0.769207590625 0.936088215625 0.751141109375 0.8570658718749999 0.7146173609375001 0.7616243703125 0.7135261093749999 0.5296875 0.6998581578125 0.5296875 0.714007765625
2 0.5296875 0.6796875 0.5296875 0.6921098453125001 0.645609921875 0.696558253125 0.8501586968750001 0.7037730484375 0.847511675 0.68427245625 0.8473543765624999 0.68427245625 0.6933534406249999 0.6796875 0.5296875 0.6796875
2 0.9328336046875 0.7244232421875 0.9337918343750001 0.6960930249999999 0.8986151281250001 0.69140131875 0.8976519671875 0.706433025 0.9328336046875 0.7244232421875