4 0.1046875 0.25 0.209375 0.5
3 0.1625 0.10798611093749999 0.1046875 0.2052083328125 0.115625 0.23020833281250003 0.171875 0.146875 0.1625 0.10798611093749999
3 0.1328125 0.21354166718749998 0.08125 0.099652778125 0.0625 0.119097221875 0.1140625 0.23020833281250003 0.1328125 0.21354166718749998
3 0.0875 0.45798611093749997 0.0484375 0.3607638890625 0.0265625 0.37465277812500003 0.075 0.48020833281249997 0.0875 0.45798611093749997
3 0.084375 0.48854166718750003 0.1328125 0.40520833281249996 0.1171875 0.37743055625 0.071875 0.45520833281249995 0.084375 0.48854166718750003
4 0.36796875 0.10390625 0.0515625 0.2078125
3 0.8113776359375 0.1722982015625 0.7836519921875 0.114737365625 0.7836519921875 0.11627917343750001 0.778453434375 0.1229603453125 0.8061790765625 0.17795149375 0.8113776359375 0.1722982015625
3 0.8012693375 0.1733260703125 0.8079119296874999 0.181035109375 0.8357626453125 0.1340033078125 0.82986140625 0.12450215312499999 0.8012693375 0.1733260703125
3 0.8246628484375 0.3162002859375 0.8310166499999999 0.310033053125 0.8035797984374999 0.25504189374999997 0.7980924500000001 0.260695196875 0.7980924500000001 0.26120912500000004 0.8246628484375 0.3162002859375
3 0.8194642890624999 0.3079773171875 0.826973309375 0.31979782968750003 0.85960871875 0.270973925 0.85476459375 0.26109741406250003 0.853832525 0.2596673171875 0.8194642890624999 0.3079773171875
3 0.8053126515625 0.45342122187499995 0.81108884375 0.443656421875 0.7839408109375 0.3907209984375 0.77816464375 0.40048579687499997 0.777587009375 0.39997184531249996 0.8053126515625 0.45342122187499995
3 0.8012693375 0.443656421875 0.8058902859374999 0.45496302968749996 0.8362152078125 0.4076808859375 0.8304961343749999 0.399774325 0.8333271109375 0.406139078125 0.8012693375 0.443656421875
0 0 0.8199960546874999 0.37400206406250003 0.937041909375 0.4778750546875 0.9195178015625001 0.18654880000000001 0.6328143640625 0.18894104375 0.631165096875 0 0.6560208984375 0 0.8199960546874999
3 0.679672396875 0.61051713125 0.674602475 0.6210325250000001 0.7134718765625 0.702151275 0.721921746875 0.687129284375 0.679672396875 0.61051713125
3 0.761636134375 0.6285435203125 0.7540312515625 0.6180281265625001 0.70502200625 0.6961424796875 0.716851825 0.702151275 0.761636134375 0.6285435203125
3 0.711781903125 0.8478645859375 0.70502200625 0.8643887765624999 0.74558138125 0.9455075265625 0.7548762390625 0.9379965312500002 0.711781903125 0.8478645859375
3 0.797970575 0.87640636875 0.78783073125 0.8583799796875 0.740511459375 0.9349921328124999 0.7481163421875 0.947009725 0.797970575 0.87640636875