3 0.235624190625 0.08085384531249999 0.29742039375 0.2134303328125 0.313591384375 0.1949312875 0.25237268125 0.06646568281250001 0.2500625765625 0.06543797500000001 0.235624190625 0.08085384531249999
3 0.3390625 0.09980107499999999 0.2876023203125 0.19287582187500002 0.29973055 0.2134303328125 0.3390625 0.1445412546875 0.3390625 0.09980107499999999
3 0.3390625 0.49692036875 0.29222258125 0.390198965625 0.280671903125 0.40458712812500003 0.27951685 0.40458712812500003 0.3390625 0.5365575921875 0.3390625 0.49692036875
3 0.93984375 0.03359375 0.0140625 0.0671875
3 0.93359375 0.121875 0.01640625 0.05390625
3 0.9265625 0.21484375 0.015625 0.06796875
3 0.9921875 0.04375 0.015625 0.059375
3 0.99296875 0.13203125 0.0140625 0.05703125
3 0.9921875 0.21875 0.015625 0.06875
4 0.9200180124999999 0 0.8908114625 0.5549346203125001 0.8927083015624999 0.5644675890624999 0.9512069437499999 0.6327600796875 1 0.611711121875 1 0.0034963796875 0.999883771875 0 0.9200180124999999 0
4 0.39375 0.13125 0.03359375 0.20625
3 0.726583259375 0 0.72210435625 0.0085198890625 0.7339532203125 0.027596856250000003 0.7464005874999999 0 0.726583259375 0
3 0.7181547171875 0.1269979734375 0.7158978250000001 0.12298178281250001 0.747494778125 0.200293778125 0.7582151968749999 0.18924924062499998 0.7288751359375001 0.11494935312500001 0.7181547171875 0.1269979734375
3 0.772320953125 0.12398581875 0.739595553125 0.1932653859375 0.7491874734375 0.20230185 0.7830413703125 0.134026365625 0.782477121875 0.134026365625 0.772320953125 0.12398581875
0 0 0.6796875 0 0.7516900734374999 0.1217907421875 0.8724853156249999 0.32237304375 0.7163606953125 0.32706546875 0.6796875 0 0.6796875
0 0.4682999203125 0.6796875 0.45623080624999995 0.7086749593749999 1 0.878850303125 1 0.7482354203125 0.930346809375 0.6796875 0.4682999203125 0.6796875