4 0.284375 0.41796875 0.059375 0.3828125
3 0.427295521875 0.38758753125 0.42164354218750005 0.3958703765625 0.438678853125 0.42737356562500006 0.444023275 0.42202397031250005 0.427295521875 0.38758753125
3 0.4560482 0.3893319703125 0.43533858593749997 0.424401559375 0.4413510484375 0.4315343546875 0.4617266265625 0.39824796562500003 0.4617266265625 0.397653575 0.4560482 0.3893319703125
3 0.43533858593749997 0.3073048203125 0.434336509375 0.3067104296875 0.4513718203125 0.344751996875 0.4573842828125 0.3394024015625 0.4406830078125 0.30314403125 0.43533858593749997 0.3073048203125
3 0.47262560468750003 0.31404558437499996 0.4667370125 0.3067104296875 0.448699625 0.3388080109375 0.452373896875 0.3471296140625 0.47262560468750003 0.31404558437499996
3 0.42398173281249996 0.219928071875 0.423647696875 0.219928071875 0.4400149671875 0.256780859375 0.44569339374999994 0.2532144609375 0.428324046875 0.213984084375 0.42398173281249996 0.219928071875
3 0.45798288906250006 0.21720622500000003 0.45905443124999995 0.2151728796875 0.4366747 0.246081665625 0.4406830078125 0.2555920515625 0.4627287046875 0.22468327812500002 0.45798288906250006 0.21720622500000003
0 1 0.21986601874999998 0.7796875 0.2499745546875 0.7796875 0.4292192015625 1 0.3694758421875 1 0.21986601874999998
4 0.27109375 0.8046875 0.3390625 0.390625
3 0.24996504062499997 0.9572646359375 0.2608100515625 0.945400009375 0.19907691875 0.8148891234375 0.189900371875 0.8267537484374999 0.24996504062499997 0.9572646359375
3 0.248296578125 0.9483661671875 0.257473125 0.9691292624999999 0.33338819375 0.8326860625 0.323377415625 0.8148891234375 0.248296578125 0.9483661671875
1 0.9828125 0.77734375 0.034375 0.0359375
1 0.9828125 0.828125 0.034375 0.040625
1 0.98125 0.878125 0.0375 0.046875
1 0.97890625 0.92421875 0.0421875 0.0421875
1 0.97734375 0.97578125 0.0453125 0.0484375
3 0.940625 0.8234375 0.11875 0.353125
4 0.88984375 0.8046875 0.2203125 0.390625