3 0.07387763593749999 0.1691732015625 0.046151992187500004 0.11161236562500002 0.046151992187500004 0.1131541734375 0.040953434375 0.1198353453125 0.0686790765625 0.17482649374999998 0.07387763593749999 0.1691732015625
3 0.0637693375 0.1702010703125 0.0704119296875 0.17791010937500001 0.0982626453125 0.1308783078125 0.09236140625 0.121377153125 0.0637693375 0.1702010703125
3 0.0871628484375 0.3130752859375 0.09351665 0.306908053125 0.0660797984375 0.25191689375 0.06059245 0.257570196875 0.06059245 0.258084125 0.0871628484375 0.3130752859375
3 0.0819642890625 0.3048523171875 0.089473309375 0.3166728296875 0.12210871875 0.267848925 0.11726459375 0.25797241406250004 0.11633252499999999 0.2565423171875 0.0819642890625 0.3048523171875
3 0.051625046875000004 0.736648528125 0.047901879687499996 0.7420640421875 0.071933228125 0.793210575 0.0776872125 0.7859898875 0.051625046875000004 0.736648528125
3 0.10205703125000001 0.7492847296875 0.097656925 0.7420640421875 0.069902409375 0.7835829921874999 0.0746409859375 0.78960023125 0.10205703125000001 0.7492847296875
3 0.07057935 0.8756467499999999 0.0668561828125 0.8822657125 0.089872121875 0.932810521875 0.09562610625 0.9285984546874999 0.07057935 0.8756467499999999
3 0.116611228125 0.884070884375 0.09088753125 0.9279967296875 0.09630304687499999 0.9364208640625 0.12371909218749999 0.8930967437499999 0.116611228125 0.884070884375
1 0.77265625 0.42421875 0.02109375 0.03359375
3 0.803125 0.43671875 0.39375 0.0953125
3 0.4890625 0.79609375 0.1 0.4078125