3 0.0554441875 0 0.045445734375000005 0.0081336109375 0.1010831453125 0.1359117875 0.11249594843749999 0.1139102359375 0.06166256875 0 0.0554441875 0
3 0.15129123125 0 0.09870547187499999 0.12660343125 0.109642746875 0.14268150468750002 0.16670678125 0.00897983125 0.1657556859375 0.005594971875 0.1619128828125 0 0.15129123125 0
3 0.09395014375 0.3672388203125 0.0929990703125 0.37062365937499997 0.148160978125 0.5102488125 0.1643290859375 0.49755561562499995 0.106789546875 0.3536993859375 0.09395014375 0.3672388203125
3 0.21045584218750002 0.38247065625 0.14911202968749998 0.498401815625 0.1648046328125 0.52124956875 0.22519739374999997 0.3960100515625 0.22377079375000003 0.3951638515625 0.21045584218750002 0.38247065625
4 0.83203125 0.25234375 0.0390625 0.184375
4 0.74765625 0.21796875 0.021875 0.11640625
2 0.3120858765625 0.559375 0.1719074515625 0.6301199687500001 0 0.6724361046875 0 0.7318205421874999 0.1990334203125 0.67367875 0.41300330625 0.559375 0.3120858765625 0.559375
1 0.965625 0.8390625 0.01328125 0.0140625
3 0.96328125 0.865625 0.0734375 0.26875
4 0.903125 0.7796875 0.19375 0.440625
3 0.84140625 0.84453125 0.05078125 0.1640625