4 0.278125 0.50625 0.059375 0.146875
3 0.4290885859375 0.5135548203125 0.42808650937500003 0.5129604296875 0.4451218203125 0.551001996875 0.45113428281249995 0.5456524015625 0.4344330078125 0.50939403125 0.4290885859375 0.5135548203125
3 0.4663756046875 0.520295584375 0.46048701249999996 0.5129604296875 0.44244962499999996 0.5450580109375001 0.446123896875 0.5533796140625 0.4663756046875 0.520295584375
3 0.4177317328125 0.426178071875 0.417397696875 0.426178071875 0.4337649671875 0.463030859375 0.43944339374999997 0.4594644609375 0.422074046875 0.420234084375 0.4177317328125 0.426178071875
3 0.45173288906250003 0.42345622499999996 0.45280443125 0.42142287968750003 0.4304247 0.45233166562499993 0.4344330078125 0.4618420515625 0.45647870468749996 0.43093327812500004 0.45173288906250003 0.42345622499999996
4 0.8265625 0.0703125 0.0375 0.140625
4 0.74453125 0.0359375 0.0203125 0.071875
3 0.81328125 0.00546875 0.0078125 0.0109375
3 0.8390625 0.00546875 0.003125 0.0109375
3 0.84140625 0.0328125 0.00390625 0.01640625
3 0.8140625 0.03359375 0.00625 0.0203125
1 0.45390625 0.840625 0.03203125 0.01484375
3 0.4640625 0.87109375 0.13671875 0.21484375
4 0.4890625 0.78984375 0.2 0.4203125
2 0.5890625 1 0.5890625 0.9865027359375 0 0.815321478125 0 0.8613388000000001 0.48900205156250004 1 0.5890625 1
5 0.6388933625 1 0.641660846875 0.97764461875 0.644892709375 0.9444179109374999 0.6457006484375001 0.930573440625 0.6287333375 0.9278045562500001 0.6271174046875 0.97764461875 0.6242181515625 1 0.6388933625 1
5 0.7332006765625 1 0.734577171875 0.9693379656250001 0.741040953125 0.930573440625 0.7442728171875 0.8931934046875 0.740232959375 0.8848867046875 0.7240735875000001 0.8904245203125001 0.7014504875 0.9015000593749999 0.6982186234375 0.9388801421874999 0.694986759375 0.9831824359375 0.696295396875 1 0.7012121328124999 1 0.7127620640625001 0.990104646875 0.7208417234375 0.9914890890624999 0.7218351203125 1 0.7332006765625 1