3 0.7765625 0.34453125 0.01171875 0.05
3 0.8140625 0.3578125 0.0140625 0.05078125
3 0.77265625 0.4421875 0.0109375 0.05703125
3 0.8125 0.45 0.0109375 0.04765625
4 0.04921875 0.44140625 0.04921875 0.253125
4 0.78203125 0.60703125 0.10703125 0.72265625
3 0.623133521875 0.10299612031250001 0.6085553406249999 0.1104080828125 0.6335465625000001 0.1993519734375 0.6429182703125 0.1882339875 0.623133521875 0.0955840734375 0.623133521875 0.10299612031250001
3 0.6751985328125001 0.1363500796875 0.6585377828125 0.11596707656250001 0.62729875625 0.18638101875 0.6377117015625 0.208616990625 0.6699920609375 0.1382030484375 0.6751985328125001 0.1363500796875
3 0.59514269375 0.30300919843749996 0.5846053578125 0.3123848078125 0.615844384375 0.403181753125 0.6252160921875001 0.3957697046875 0.59514269375 0.30300919843749996
3 0.6179270484375 0.4068876921875 0.649166075 0.33276781093749996 0.6314638968749999 0.321649825 0.6314638968749999 0.3179438 0.6075140078125 0.392063765625 0.6179270484375 0.4068876921875
3 0.609904503125 0.511587809375 0.59605973125 0.5291855421875 0.6241748546875 0.6051584765625 0.6345878 0.5977465140625 0.609904503125 0.511587809375
3 0.61272048125 0.6088644999999999 0.6241748546875 0.6199824875 0.6502073125 0.5440095515625 0.6554138796875 0.531038596875 0.6418769375 0.5162145859375 0.61272048125 0.6088644999999999