4 0.45625 0.3046875 0.16875 0.609375
3 0.41171875 0.20703125 0.02890625 0.1421875
4 0.78203125 0.3046875 0.3265625 0.609375
3 0.60703125 0.66328125 0.0109375 0.06015625
4 0.61875 1 0.61875 0.609375 0.5984618937499999 0.609375 0.59623080625 0.642774678125 0.5765963265625 1 0.61875 1
3 0.45470069999999996 0.7789108390624999 0.4346367296875 0.8534323515625001 0.4405996359375 0.8719687578125 0.46520784062500004 0.7880075359375 0.45470069999999996 0.7789108390624999
3 0.406829775 0.8101035812500001 0.4295570859375 0.8672674046875001 0.4340772125 0.8371418343749999 0.41788991875 0.7936347703125 0.41745180625 0.792252203125 0.406829775 0.8101035812500001
2 0.028775050000000003 0.609375 0 0.6113193875 0 0.6663819203125 0.39997014375 0.6367249515625 0.399796271875 0.609375 0.028775050000000003 0.609375
2 0 0.811970084375 0.41713905156250003 0.9022208953125 0.4154315234375 0.8580736515625 0.41021659374999997 0.855680940625 0 0.7593539 0 0.811970084375
3 0.9125 0.81640625 0.015625 0.09453125
4 1 1 1 0.609375 0.9178532796875001 0.609375 0.9207073140625 0.6738112421875 0.896678596875 1 1 1