3 0.4125 0.265625 0.02421875 0.17265625
1 0.4828125 0.1328125 0.0125 0.02109375
3 0.48046875 0.1421875 0.0546875 0.25234375
4 0.58359375 0.24453125 0.2796875 0.4890625
2 0.4296875 0 0.4296875 0.030400517187499997 0.6727368 0.038247912499999995 1 0.1336364390625 1 0.0909141453125 0.640341378125 0.0012336843749999999 0.616366428125 0 0.4296875 0
2 1 0.39603291406249996 0.4296875 0.2447468421875 0.4296875 0.2821690890625 1 0.42918829374999995 1 0.39603291406249996
4 0.08977085 0.4890625 0.0673140671875 1 0.1785943921875 1 0.1590353984375 0.4890625 0.08977085 0.4890625
3 0.090625 0.5 0.009375 0.021875
3 0.1578125 0.51015625 0.009375 0.0421875
3 0.16171875 0.6046875 0.0078125 0.0609375
3 0.1640625 0.70390625 0.0109375 0.05234375
3 0.08671875 0.5828125 0.00625 0.0421875
4 0.56875 0.74453125 0.10625 0.5109375
4 0.69296875 0.81171875 0.1078125 0.3765625
3 0.77421875 0.928125 0.0265625 0.14375
3 0.6845126609375 0.9923748312499999 0.693760915625 0.9881154734375001 0.6846000437499999 0.8641822250000001 0.6719113812499999 0.8699733640625 0.6845126609375 0.9923748312499999