4 0.48671875 0.41328125 0.0265625 0.5515625
3 0.2277668328125 0 0.267369571875 0.09014029375 0.2798651828125 0.0753162828125 0.24812192500000002 0 0.2277668328125 0
3 0.303416103125 0 0.2548739625 0.0845813 0.2694522375 0.1068172734375 0.3163107765625 0.0197263515625 0.3173520140625 0.0141673578125 0.30673679531250003 0 0.303416103125 0
3 0.19836130000000002 0.22981066718749998 0.2455022546875 0.319911984375 0.250708821875 0.2921170171875 0.2121806578125 0.20873212031250002 0.19836130000000002 0.22981066718749998
3 0.2757000421875 0.21243814374999997 0.22571760156249998 0.3032350046875 0.23613054687499999 0.327323946875 0.289236890625 0.2235561296875 0.2861129875 0.22726206875 0.2757000421875 0.21243814374999997
3 0.2194697953125 0.4430349515625 0.2121806578125 0.433769934375 0.2611217671875 0.5264198484375 0.272576140625 0.5115958390625 0.2309240734375 0.422651946875 0.2194697953125 0.4430349515625
3 0.29131955625 0.42450491718750005 0.289236890625 0.428210940625 0.24862615625 0.51715483125 0.25695662656249996 0.53568478125 0.30798030625 0.43191696406249996 0.29131955625 0.42450491718750005
4 0.6671875 0.21875 0.0453125 0.24140625
4 0.56484375 0.18515625 0.034375 0.1359375
3 1 0.010034126562499999 0.9971126 0.0022045859375 0.998023303125 0.0005840625000000001 0.9884612171875 0.0111176140625 1 0.0415967578125 1 0.010034126562499999
4 0.9578125 0.97265625 0.01875 0.0546875