4 0.51484375 0.23671875 0.1015625 0.4734375
3 0.4828125 0.071875 0.015625 0.06640625
3 0.54921875 0.07421875 0.0140625 0.05390625
3 0.28608191875 0 0.3076912921875 0.054767721874999994 0.31770872968749997 0.0474752546875 0.2986090265625 0 0.28608191875 0
3 0.3235241390625 0 0.30086123124999997 0.049095815625 0.3131553421875 0.058008843750000004 0.33696310625 0 0.3235241390625 0
0 1 0 0.709375 0 0.709375 0.11759082968750001 1 0.0283462921875 1 0
3 0.709375 0.7227269953125 0.43964239843749997 0.9218797406250001 0.5051271140625 1 0.51583765 1 0.709375 0.8485577718750001 0.709375 0.7227269953125
4 0.38828125 0.7546875 0.3078125 0.490625
3 0.05914474374999999 0.509375 0.061647221875000005 0.53606761875 0.21872676875 0.509375 0.05914474374999999 0.509375
1 0.66640625 0.7953125 0.01796875 0.02578125
2 1 0.6634947546875 0.709375 0.7318406765625 0.709375 0.7915195078125 1 0.721509453125 1 0.6634947546875
2 1 0.9079401218750001 0.709375 0.9865419781250001 0.709375 1 0.8586748421875001 1 1 0.9596265015625001 1 0.9079401218750001