4 0.17890625 0.359375 0.0609375 0.18125
3 0.3415552671875 0.45 0.33127422968750003 0.42994148593750003 0.32649015000000003 0.435211625 0.3267179703125 0.4364278078125 0.3340819296875 0.45 0.3415552671875 0.45
3 0.3610194453125 0.45 0.36635748281249997 0.441292540625 0.3617418421875 0.43344626406250003 0.3611177828125 0.43561703281249997 0.3524213296875 0.45 0.3610194453125 0.45
0 0.5296875 0.3675867609375 0.86711890625 0.285724265625 0.9877068250000001 0.12959964531249998 0.9650218671874999 0.0276407078125 0.9650218671874999 0.0244544484375 0.5296875 0.22516455 0.5296875 0.3675867609375
4 0.0171875 0.82265625 0.034375 0.3546875
3 0.2427406984375 0.6875769640625 0.2492257671875 0.6851064625 0.2242119328125 0.63569641875 0.21957974062500002 0.6422844249999999 0.2427406984375 0.6875769640625
3 0.23857172656249997 0.6867534640625 0.2459832328125 0.6900474671875 0.27284994375 0.6472254296875001 0.268680971875 0.6422844249999999 0.23857172656249997 0.6867534640625
3 0.26265912187499996 0.8292190875 0.270070628125 0.8267485859375 0.24459357499999998 0.775691540625 0.239961384375 0.782279546875 0.26265912187499996 0.8292190875
3 0.25941658749999996 0.8234545828125001 0.26497521874999996 0.8300425890625001 0.2923051484375 0.7896910531250001 0.2885993953125 0.782279546875 0.25941658749999996 0.8234545828125001
3 0.2427406984375 0.9667437078125001 0.2492257671875 0.9601557015625 0.22328549375 0.9107456578124999 0.21957974062500002 0.9189806656249999 0.2427406984375 0.9667437078125001
3 0.24181426093749997 0.9601557015625 0.2455200140625 0.9675672078125 0.27192350468750004 0.9255686718749999 0.2677545328125 0.919804165625 0.24181426093749997 0.9601557015625
3 0.85 0.83515625 0.0625 0.3296875
4 0.90625 0.725 0.1875 0.55
2 0.61332878125 0.45 0.5296875 0.48468235000000004 0.5296875 0.530554053125 0.71640689375 0.45 0.61332878125 0.45