3 0.3140625 0.084375 0.0265625 0.13671875
3 0.1359375 0.04296875 0.01875 0.0859375
4 0.125126396875 0 0.117134396875 0.4796875 0.317863075 0.4796875 0.30986114531250003 0 0.125126396875 0
3 0.8421875 0.1703125 0.02734375 0.15234375
3 0.85234375 0.3890625 0.025 0.11796875
4 0.66875 0 0.66875 0.4796875 0.819365134375 0.4796875 0.816444659375 0.41487827343749994 0.85231300625 0 0.66875 0
1 0.43671875 0.965625 0.02109375 0.04296875
3 0.43125 0.86875 0.075 0.2625
4 0.51953125 0.73984375 0.2984375 0.5203125
3 0.88359375 0.56484375 0.0265625 0.1703125
4 0.66875 0.4796875 0.66875 1 0.7203780296875 1 0.756667465625 0.48059638906249996 0.7586617328124999 0.4796875 0.66875 0.4796875
2 1 0.8629922640625001 0.8730110468750001 0.6925166234375 0.86290568125 0.699295828125 0.862875471875 0.7017972453125 1 0.8906447125 1 0.8629922640625001
2 0.8621262546875 0.6748571578125 0.8621262546875 0.67427711875 0.7569216984375 0.604350709375 0.7533689609375 0.6255583828125 0.858407359375 0.6989559609375 0.8621262546875 0.6748571578125
2 1 0.7165073515625 0.9365993046875 0.6368963296875 0.91500191875 0.66030180625 1 0.759878865625 1 0.7165073515625
2 1 0.80792164375 0.9173305078125 0.7042944625 0.9122829875 0.7195745312499999 1 0.8342579562499999 1 0.80792164375
2 0.7793362578125 0.5475068984375 0.776644515625 0.569113346875 0.865330046875 0.6163366703125 0.8649705437499999 0.5890793734375 0.7793362578125 0.5475068984375
2 0.780883028125 0.5846293874999999 0.7782547281250001 0.605556103125 0.8582849906250001 0.6538443421875 0.85666269375 0.627262246875 0.780883028125 0.5846293874999999