3 0.83671875 0.7234375 0.0109375 0.0671875
3 0.8296875 0.84921875 0.0109375 0.0546875
3 0.88046875 0.70234375 0.00859375 0.05234375
3 0.84296875 0.5859375 0.0140625 0.05
4 0.8875926140624999 0.4797885625 0.846246484375 0.47746513906250004 0.8136047921875 0.9963039625000001 0.81328131875 0.9988480203125001 0.8910744203125001 1 0.8875926140624999 0.4797885625
4 0 0.6469199578125 0.028909032812500002 0.6507923078125 0.021075026562499998 0.3688836203125 0 0.3688836203125 0 0.3743049296875 0 0.6469199578125
3 0.6688603546875 0.48448600624999993 0.676167471875 0.4777597359375 0.64944716875 0.3866510734375 0.6424790328125 0.39502580625 0.6688603546875 0.48448600624999993
3 0.6688041109375 0.47927578281249994 0.6765778984375 0.48415361093750003 0.7028452109375001 0.3981930171875 0.69540280625 0.3887994796875 0.6688041109375 0.47927578281249994
3 0.6414529671875 0.7874708218750001 0.6471776593749999 0.7792879593750001 0.6171405 0.701829109375 0.6101799671875 0.7098011859375 0.6414529671875 0.7874708218750001
3 0.6409163718750001 0.7784745359375 0.6475972078125001 0.78573588125 0.675781365625 0.6849202015625 0.6673843390624999 0.6786695546875 0.6409163718750001 0.7784745359375
3 0.6759972203125 1 0.6890837546874999 0.951384803125 0.6817827171874999 0.9457097671874999 0.66712288125 1 0.6759972203125 1