4 0.59296875 0.45078125 0.02890625 0.19296875
3 0.89453125 0.37578125 0.01640625 0.05625
3 0.9546875 0.38046875 0.01796875 0.04296875
3 0.8921875 0.45625 0.0203125 0.05546875
3 0.9546875 0.46015625 0.02109375 0.046875
4 0.92421875 0.565625 0.10703125 0.5609375
3 0.725487903125 0.288704571875 0.7324056671875 0.279751671875 0.7078789796875 0.2327490328125 0.707250128125 0.2293917015625 0.69970345625 0.239463696875 0.725487903125 0.288704571875
3 0.7179412296875001 0.283109003125 0.7248589937500001 0.292061903125 0.7487568312499999 0.248416596875 0.7506434984375 0.2450592390625 0.7443545859375 0.2372254578125 0.7179412296875001 0.283109003125
3 0.6795789562500001 0.3536129609375 0.7053634609375 0.4017346921875 0.71416789375 0.3939009359375 0.689012296875 0.344660059375 0.681465625 0.3536129609375 0.6795789562500001 0.3536129609375
3 0.7363075 0.3564464765625 0.7261168109375 0.3457792046875 0.6978167875 0.3961391734375 0.7047345515625 0.4073302609375 0.7363075 0.3564464765625
3 0.716967403125 0.506045440625 0.721551828125 0.51272018125 0.7448907640625 0.46822190781249995 0.7469746234375 0.467480246875 0.7398895609375 0.4585805921875 0.716967403125 0.506045440625
3 0.69612903125 0.46970516093750003 0.725719509375 0.5179116359375 0.7307207124999999 0.5097536078125 0.7023805359375 0.456355678125 0.6944619890625 0.468963534375 0.69612903125 0.46970516093750003