4 0.44375 0.4171875 0.03984375 0.20625
3 0.6296875 0.22889037656250003 0.60170139375 0.170195990625 0.5928930296875 0.1858704984375 0.622049390625 0.24331339999999999 0.6282971953125001 0.2340483828125 0.6296875 0.23157444531250002 0.6296875 0.22889037656250003
3 0.6296875 0.1947279078125 0.6126776828125 0.2284893890625 0.62413205625 0.24516636875 0.6296875 0.234598646875 0.6296875 0.1947279078125
3 0.569984378125 0.31372734062499996 0.56581914375 0.31002131718750003 0.5960169328125 0.3711702421875 0.6095537796875 0.3581992875 0.5824799890625 0.30075630000000003 0.569984378125 0.31372734062499996
3 0.6296875 0.3135236828125 0.622049390625 0.304462325 0.586645225 0.36746421875 0.5970581703125 0.374876265625 0.629338528125 0.3211393046875 0.6296875 0.3202077953125 0.6296875 0.3135236828125
3 0.588661484375 0.44063772187500005 0.6156781421875 0.49787133125 0.6240404609375 0.4921479546875 0.5989535640625 0.43148032968749994 0.598310290625 0.433769690625 0.588661484375 0.44063772187500005
3 0.6296875 0.4525813453125 0.605386121875 0.496726625 0.6131051671875001 0.5104626875 0.6296875 0.48206788593749994 0.6296875 0.4525813453125
1 0.93046875 0.3625 0.0515625 0.028125
3 0.92578125 0.4546875 0.1484375 0.390625
3 0.3357177734375 0.65 0.3171875 0.684375 0.3328125 0.71493055625 0.3700968421875 0.65 0.3357177734375 0.65
3 0.29422034375 0.65 0.334375 0.7260416671875001 0.3578125 0.712152778125 0.32544126093750003 0.65 0.29422034375 0.65
3 0.3602647578125 1 0.3328125 0.9427083328125001 0.3125 0.9732638890625 0.32606464375 1 0.3602647578125 1
2 0.6296875 0.7216969093750001 0.5483904625 0.726538784375 0.3693073078125 0.69472719375 0.3698497328125 0.726043040625 0.521996765625 0.744475965625 0.6296875 0.746852240625 0.6296875 0.7216969093750001
2 0.6296875 0.8889906671875 0.62375250625 0.8957197328125 0.49646347031250004 1 0.5369353203125 1 0.62783575 0.929468009375 0.6296875 0.927565884375 0.6296875 0.8889906671875
2 0 0.8202583265625 0.3063164453125 0.722446053125 0.3017781796875 0.6958495859375 0.3022620234375 0.6910303812499999 0 0.7792128187499999 0 0.8202583265625
2 0 1 0.0499043 1 0.2253609828125 0.96271640625 0.2243376421875 0.93658373125 0 0.9861055671875001 0 1
3 0.6296875 1 0.6479542296874999 1 0.6771249874999999 0.93811444375 0.6585032875 0.9100392375 0.6296875 0.96947186875 0.6296875 1
2 0.639856671875 0.65 0.6390554109375 0.6648415046875 1 0.73225934375 1 0.681376403125 0.8441198906249999 0.65 0.639856671875 0.65