4 0.9980019296875 0.8525313484374999 1 0.2558700875 0.9313585468750001 0.25031113125000004 0.8897065749999999 0.804353621875 0.9251107421875 0.8543842203124999 0.9959192640625 0.8432663093749999 0.9980019296875 0.8525313484374999
4 0.6 0.45 0.0421875 0.18671875
3 0.934375 0.4125 0.01484375 0.05078125
3 0.990625 0.409375 0.0109375 0.05625
3 0.99296875 0.48515625 0.01328125 0.05234375
3 0.9265625 0.478125 0.00703125 0.04765625
4 0.53125 0.428125 0.015625 0.10625
3 0.7618454875 0.3045859015625 0.7664142765624999 0.3093239046875 0.7877352906249999 0.27074302499999997 0.7850701625000001 0.26465130625 0.7618454875 0.3045859015625
3 0.7652720796875 0.307970190625 0.7702216 0.3045859015625 0.7473776578125 0.2653281640625 0.7450932640625 0.2720967390625 0.7652720796875 0.307970190625
3 0.74471253125 0.4223591171875 0.7508042484375 0.417621115625 0.72796030625 0.376332803125 0.724533715625 0.38445509375000003 0.74471253125 0.4223591171875
3 0.7412859390625 0.417621115625 0.746996925 0.4223591171875 0.7683179390625 0.382424521875 0.7641298828124999 0.37836337656249996 0.7412859390625 0.417621115625