3 0.102451653125 0.35954015156249997 0.09715907812499999 0.3651910515625 0.122828090625 0.420758246875 0.12838530312500002 0.41086917187500005 0.102451653125 0.35954015156249997
3 0.124151253125 0.4212291265625 0.154054340625 0.3755510484375 0.1491307796875 0.3653603984375 0.12018181562500001 0.408985525 0.124151253125 0.4212291265625
3 0.142410665625 0.28280130312499996 0.148497128125 0.277150403125 0.12097570312499999 0.2244086796875 0.11594774062499999 0.2319432046875 0.11541849062500001 0.23147230312499997 0.142410665625 0.28280130312499996
3 0.145850828125 0.2879813015625 0.1717845015625 0.24230320156250001 0.1723137515625 0.24230320156250001 0.16702117656249998 0.2361813796875 0.141087503125 0.2780922265625 0.145850828125 0.2879813015625
3 0.125209753125 0.1382840015625 0.10059924218750001 0.08554227812500001 0.0946742546875 0.0938892328125 0.12018181562500001 0.1425221765625 0.125209753125 0.1382840015625
3 0.12018181562500001 0.1396967265625 0.12468050312500001 0.1453476265625 0.1568038234375 0.09143729218749999 0.1519373140625 0.0846004546875 0.12018181562500001 0.1396967265625
5 0.6568583374999999 0.14811705625 0.6552424046875001 0.19795711875 0.650394609375 0.23533720156250001 0.6415069578124999 0.2741016796875 0.645546759375 0.2824083796875 0.6641300578125 0.24364385624999998 0.669785846875 0.19795711875 0.673017709375 0.16473041093750002 0.6738256484375 0.150885940625 0.6568583374999999 0.14811705625
5 0.7602783015625 0.2741016796875 0.7610862390625 0.22564605937499999 0.762702171875 0.18965046562500001 0.769165953125 0.150885940625 0.7723978171875 0.11350590468749999 0.7683579593750001 0.10519920468749999 0.7521985875 0.11073702031249999 0.7295754875 0.12181255937499999 0.7263436234375 0.1591926421875 0.7231117593749999 0.2034949359375 0.7247276921875 0.22426161718749998 0.7408870640624999 0.21041714687500002 0.7489667234375 0.21180158906250002 0.7521985875 0.239490528125 0.7554304515625 0.2727172375 0.7554304515625 0.3031750609375 0.7602783015625 0.2741016796875
3 0.38387583593749997 0.13754291875 0.371543621875 0.12592700625 0.36414429375 0.1517988109375 0.374010065625 0.15971875156249998 0.38387583593749997 0.13754291875
3 0.39559144062499996 0.1533827984375 0.3860339734375 0.1422948828125 0.37709311875 0.16499871093750001 0.3860339734375 0.1771426203125 0.39559144062499996 0.1533827984375
3 0.439062496875 0.1444068671875 0.4298133359375 0.13595893125 0.421489090625 0.1618307359375 0.4307382515625 0.16975067500000002 0.439062496875 0.1444068671875
3 0.44892826875 0.15971875156249998 0.44091232968750005 0.1517988109375 0.43166316875 0.17450263906250002 0.4399874125 0.18559055625 0.44892826875 0.15971875156249998
3 0.46372692656250003 0.243142121875 0.4538611546875 0.23416618906250003 0.446461825 0.25687001875000004 0.4535528484375 0.2653179546875 0.46372692656250003 0.243142121875
3 0.47390100312500005 0.25739801406249996 0.463110315625 0.2494780734375 0.4569442078125 0.2705979140625 0.46619336874999995 0.28115783437499997 0.47390100312500005 0.25739801406249996
3 0.27486211875 0.4578885953125 0.26815690625 0.465474290625 0.29192993437500003 0.5261598546874999 0.3029021 0.5229088421875 0.27486211875 0.4578885953125
3 0.309375 0.4735762375 0.2876629796875 0.5218251703125001 0.2961968875 0.5261598546874999 0.309375 0.49659625781249994 0.309375 0.4735762375
0 0.309375 0.8522357187499999 0.49379423281249996 0.8495754453125001 0.813770665625 0.9786172703125 0.8758557828125 0.8814376312500001 0.54274591875 0.7715131359375 0.309375 0.7834387953124999 0.309375 0.8522357187499999