4 0.0078125 0.19765625 0.015625 0.2640625
3 0.6201528734374999 0.051978121875000005 0.6037778546875 0.0730232125 0.6423059234374999 0.1934680921875 0.6558429625 0.18605612968750002 0.6201528734374999 0.051978121875000005
3 0.669379809375 0.05264029375 0.631892978125 0.17679111249999999 0.6443885890625001 0.1971741171875 0.6891644625 0.0730232125 0.688123225 0.0730232125 0.669379809375 0.05264029375
3 0.620360528125 0.5 0.57670396875 0.386179884375 0.56004321875 0.4028568640625 0.6005454765625 0.5 0.620360528125 0.5
3 0.620165625 0.5 0.653760296875 0.397297871875 0.6395833015625 0.3726273109375 0.63501688125 0.3750618984375 0.5964888125 0.49365380937500003 0.600292821875 0.5 0.620165625 0.5
4 0.809375 0.25 0.2 0.5
3 0.8984375 0.2046875 0.0328125 0.19296875
4 0.099924140625 0.5 0.09619902031250001 1 0.31495090625 1 0.3019346765625 0.5 0.099924140625 0.5
3 0.10859375 0.66640625 0.01953125 0.10703125
3 0.2953125 0.72734375 0.025 0.12265625
3 0.2921875 0.53203125 0.025 0.0640625