3 0.340625 0.1109375 0.009375 0.07734375
3 0.415625 0.06015625 0.0078125 0.053125
4 0.3625 0.18984375 0.13125 0.3796875
4 0.8459707515625 0.3796875 0.8369869015625 0.130852078125 0.7619266890625 0.1148516359375 0.7439435375000001 0.336770859375 0.7438080421875 0.3796875 0.8459707515625 0.3796875
3 0.82734375 0.2234375 0.00859375 0.05390625
3 0.828125 0.32109375 0.0078125 0.053125
3 0.74765625 0.353125 0.01015625 0.04609375
3 0.75390625 0.2765625 0.01015625 0.0421875
4 0.05234375 0.68984375 0.1046875 0.6203125
2 0.46875 0.9840586140625 0.4447934734375 0.97765221875 0.11557939218749999 0.8889037656250001 0.11427642499999999 0.9050919421875001 0.20997986875 0.9323723953125 0.46875 0.9980782015624999 0.46875 0.9840586140625
2 0.46875 0.962273803125 0.125067784375 0.8720837187499999 0.12583865 0.8728358234375001 0.12533212968750002 0.8896021484375 0.46875 0.9773463203125001 0.46875 0.962273803125
4 0.745814371875 0.3796875 0.7433345593749999 1 0.89561496875 1 0.8878637843749999 0.3796875 0.745814371875 0.3796875
3 0.90390625 0.76484375 0.02109375 0.09765625
3 0.89921875 0.56328125 0.01796875 0.0984375
3 0.746875 0.703125 0.01328125 0.07734375
3 0.7484375 0.5328125 0.01796875 0.084375
3 0.89296875 0.39609375 0.0171875 0.0328125
3 0.46875 0.43407985781249997 0.47906207968750003 0.459770328125 0.48947502500000006 0.439387409375 0.46875 0.38623642187499996 0.46875 0.43407985781249997
3 0.4892725609375 0.3796875 0.46969037187499996 0.44679937187499996 0.48114464999999995 0.4634763515625 0.5068276796875 0.3796875 0.4892725609375 0.3796875
3 0.5196728140625 0.66360010625 0.4905163578125 0.574656215625 0.48947502500000006 0.5728032453124999 0.4769794140625 0.5931861640625 0.5061358703125001 0.6728651234375 0.5196728140625 0.66360010625
3 0.5123836765625 0.6802770859375 0.5415401328125 0.6005982125 0.5394574671875 0.5913331953125001 0.529044521875 0.5783622390625001 0.5009293984375 0.6654530765625 0.5123836765625 0.6802770859375