4 0.2140625 0.396875 0.0453125 0.24140625
4 0.790625 0.53203125 0.10234375 0.675
3 0.76953125 0.28046875 0.01953125 0.05390625
3 0.76328125 0.37421875 0.01953125 0.05234375
3 0.7578125 0.4671875 0.015625 0.06640625
3 0.82109375 0.29453125 0.01640625 0.059375
3 0.825 0.37890625 0.0171875 0.05078125
3 0.82421875 0.46953125 0.0140625 0.05390625
4 0.11171875 0.36328125 0.034375 0.1359375
3 0.572187821875 0.012596671875000002 0.561745759375 0.02151586875 0.592253378125 0.0968713625 0.599538790625 0.087958334375 0.572187821875 0.012596671875000002
3 0.5826912921875 0.09200971718749999 0.590887365625 0.10335356874999999 0.625493021875 0.034480242187499996 0.624127009375 0.0320494203125 0.6159309359375 0.023136410937499997 0.5826912921875 0.09200971718749999
3 0.5644777828125 0.26621866875 0.57267385625 0.258115903125 0.5439876 0.18032958593749998 0.544898303125 0.17870906250000002 0.5353362171875 0.1892426140625 0.5644777828125 0.26621866875
3 0.560379746875 0.2589262015625 0.5672098078125 0.270270015625 0.6013601125 0.2070686328125 0.6013601125 0.204637809375 0.592253378125 0.194104259375 0.560379746875 0.2589262015625
3 0.5526390250000001 0.373914465625 0.5826912921875 0.45008022187499996 0.5927087296875 0.4427877546875 0.5640224734375 0.37148364375 0.5544603875 0.37796584843750003 0.5526390250000001 0.373914465625
3 0.616412484375 0.38447136249999997 0.6072795125 0.3763452890625 0.57586123125 0.44440831562499994 0.5881553421875 0.45332134375 0.616412484375 0.38447136249999997