3 0.0499839578125 0 0.0658045828125 0.035830825 0.0719711765625 0.030344090624999997 0.056558762500000005 0 0.0499839578125 0
3 0.0796816234375 0 0.0622073875 0.0294296484375 0.06837398125000001 0.03857419375 0.0928098125 0 0.0796816234375 0
3 0.04078903125 0.24274501874999999 0.04078903125 0.245466540625 0.0658709015625 0.296631490625 0.071682534375 0.289555471875 0.04629480625 0.2378462484375 0.04078903125 0.24274501874999999
3 0.0900351140625 0.24383361718750002 0.061588614062500005 0.29064409687500004 0.066176759375 0.2993530125 0.095846775 0.251453934375 0.0961526609375 0.251453934375 0.0900351140625 0.24383361718750002
3 0.0609768703125 0.11592129375 0.060365128125 0.1148326703125 0.08544696874999999 0.16599760624999998 0.090341 0.160554525 0.0658709015625 0.10775667656250001 0.0609768703125 0.11592129375
3 0.1089994671875 0.1175542171875 0.081164709375 0.163820371875 0.0851411125 0.169807765625 0.11297584062499999 0.12626313281249998 0.1148110984375 0.1224529875 0.1089994671875 0.1175542171875
2 1 0.0762018796875 0.5111228796875 0.28304250625 0.46875 0.3193176578125 0.46875 0.3796875 0.5637779468749999 0.3796875 0.9994990406250001 0.1725128171875 1 0.1493619 1 0.0762018796875
2 0.6858483875 0 0.46875 0.090255475 0.46875 0.21436459531250002 0.4843291359375 0.20285423281249998 0.9826163421875 0 0.6858483875 0
3 0.52265625 0.19296875 0.0171875 0.19921875
0 0.13359375 0.61484375 0.2671875 0.1015625
4 0.89140625 0.58515625 0.0421875 0.2125