3 0.54609375 0.0828125 0.021875 0.16015625
3 0.65 0.078125 0.0203125 0.1421875
3 0.63828125 0.33046875 0.01640625 0.0890625
3 0.528125 0.4234375 0.01875 0.13828125
3 0.50859375 0.73359375 0.01875 0.11328125
4 0.5605802468750001 0 0.4887027546875 0.9907545609374999 0.4861964375 0.9972509859375001 0.631864778125 1 0.6589838515625 0 0.5605802468750001 0
2 0.490342728125 0.75422544375 0.2423472109375 0.677616490625 0.2393732828125 0.705629578125 0.48896304218750003 0.7817443765625 0.490185409375 0.7545880734375 0.490342728125 0.75422544375
2 0.5153263296875 0.583636946875 0.5144024953125 0.5502960875 0.06599493125 0.46292980781250004 0.06536810781249999 0.48782803750000003 0.5153263296875 0.583636946875
2 0.4986137140625 0.49107497499999997 0.49705851562500003 0.4621341734375 0.49705851562500003 0.46125416250000006 0.067118615625 0.4179824734375 0.06566305 0.43541295468749996 0.4986137140625 0.49107497499999997
2 0.7905376109375 1 0.7966098328125 0.9785519687500001 0.6463774 0.8714511453125 0.6418792484375 0.8963984640625 0.7905376109375 1
2 1 0.79628916875 0.82882355625 0.6985901421875 0.6587379171875 0.5977718140625 0.65784350625 0.6118675015624999 1 0.8250435484375 1 0.79628916875
2 1 0.770915428125 0.9993891984375001 0.744428271875 0.6777006953125 0.5562177796875 0.674363540625 0.5787166890625 1 0.770915428125
2 1 0.34264649999999996 0.9992721265625001 0.3145574625 0.6675401671875 0.18818153437500001 0.6650480328125 0.21545520312500002 1 0.34264649999999996