3 0.2273384390625 0 0.27756805 0.095014175 0.2839573546875 0.082933721875 0.24755784374999998 0 0.2273384390625 0
3 0.3151268125 0 0.2663867109375 0.088618646875 0.2759707046875 0.1021203078125 0.33227666562499997 0.0005024562500000001 0.3321354796875 0 0.3151268125 0
3 0.36182729999999996 0.2643170453125 0.304722684375 0.358118128125 0.318300021875 0.36593486406250003 0.3726092921875 0.2799505484375 0.37380729218750003 0.277108103125 0.36182729999999996 0.2643170453125
3 0.2655880578125 0.262185203125 0.3119106796875 0.3645136578125 0.320296675 0.348880121875 0.2751720515625 0.24797290625 0.27443297968749997 0.24960222031249998 0.2655880578125 0.262185203125
1 0.55234375 0.28671875 0.05 0.04453125
3 0.5453125 0.26015625 0.125 0.3796875
3 0.0765625 0.7921875 0.05546875 0.1265625
4 0.240625 0.73125 0.378125 0.5375
3 0.4296875 0.8256327828125001 0.34509929375000004 0.7757474312499999 0.340817553125 0.7940161906250001 0.4296875 0.8451751859375 0.4296875 0.8256327828125001
3 0.4984375 0.928125 0.059375 0.14375
4 0.74375 0.80625 0.5125 0.3875
3 0.7651302546875 0.985040021875 0.7714641906249999 0.96322313125 0.7013950250000001 0.8872159015625 0.6958528312500001 0.9041063968749998 0.7651302546875 0.985040021875
3 0.8640980031249998 0.9041063968749998 0.8577640671874999 0.8907347546875 0.786903159375 0.9660382140625 0.792841225 0.9829287093750001 0.8640980031249998 0.9041063968749998