3 0.10546875 0.2203125 0.0140625 0.01875
3 0.25 0.12265625 0.0125 0.09140625
3 0.11484375 0.084375 0.0140625 0.08828125
4 0.16484375 0.11484375 0.1234375 0.2296875
1 0.0171875 0.58125 0.015625 0.02421875
3 0.021875 0.5828125 0.04375 0.3125
2 0.2310523109375 0.2296875 0.5 0.5547722187499999 0.5 0.5088391781249999 0.2668684875 0.2296875 0.2310523109375 0.2296875
2 0.5 0.6823779171875 0.042380354687499996 0.405484821875 0.0389378125 0.3979144953125 0.02042614375 0.4328723140625 0.5 0.7207328046875 0.5 0.6823779171875
2 0.1510642109375 0.2296875 0.5 0.59249576875 0.5 0.5639043453125 0.180897825 0.2296875 0.1510642109375 0.2296875
1 0.66484375 0.621875 0.02890625 0.059375
3 0.66796875 0.71953125 0.1109375 0.5609375