4 0.41875 0.5296875 0.41875 0 0.297801625 0 0.29568410312500004 0.5296875 0.41875 0.5296875
3 0.2984375 0.4296875 0.01328125 0.07734375
3 0.3 0.259375 0.01796875 0.084375
3 0.309375 0.06875 0.01796875 0.090625
3 0 0.11003785156250001 0.030624579687499997 0.18633282812500002 0.041037525000000005 0.165949909375 0.0056333109375 0.07515296406250001 0.000426790625 0.06588803125 0 0.067913296875 0 0.11003785156250001
3 0.06334229999999999 0.0900941 0.0493679953125 0.07700601875 0.021252871875000003 0.17336187187500002 0.032707150000000004 0.1900388515625 0.06334229999999999 0.0900941
3 0.0285419140625 0.3197486640625 0.057698370312500004 0.3994276234375 0.0712353140625 0.39016260625 0.042078857812499995 0.301218715625 0.041037525000000005 0.2993657453125 0.0285419140625 0.3197486640625
3 0.08060702187499999 0.3049247390625 0.0524918984375 0.3920155765625 0.0639461765625 0.4068395859375 0.0931026328125 0.3271607125 0.0910199671875 0.3178956953125 0.08060702187499999 0.3049247390625
4 0.7265625 0.26484375 0.546875 0.5296875
3 0.271875 0.88671875 0.29375 0.0609375
3 0.2671875 0.815625 0.303125 0.059375
3 0.30234375 0.71953125 0.2328125 0.0484375
3 0.30234375 0.65078125 0.2328125 0.0546875
1 0.43125 0.734375 0.015625 0.02421875
3 0.43828125 0.7359375 0.0390625 0.3125
2 0.7666268031250001 0.5296875 1 0.8117723171875 1 0.7648657421875 0.8035925859375 0.5296875 0.7666268031250001 0.5296875
2 0.4564428546875 0.558609821875 0.45300031250000006 0.5510394953125 0.43448864374999996 0.5859973140625 0.9620712140624998 0.9026746625 0.9774976515624999 0.8738857875000001 0.4564428546875 0.558609821875
2 0.7063857406249999 0.5296875 1 0.8349748453125001 1 0.8070373828124999 0.7351930296875 0.5296875 0.7063857406249999 0.5296875