4 0.49453125 0.428125 0.0109375 0.246875
4 0.409375 0.3609375 0.021875 0.13046875
4 0.61484375 0.31484375 0.0921875 0.6296875
4 0.55390625 0.31484375 0.1078125 0.6296875
3 0.6046875 0.45390625 0.01484375 0.2828125
4 0.21875 0.81484375 0.4375 0.3703125
3 0.43203125 0.66484375 0.0140625 0.0703125
3 0.2040384703125 0.6426645421875 0.1938945828125 0.64634206875 0.2079286203125 0.7740083734375001 0.21761124999999998 0.7703909703124999 0.2040384703125 0.6426645421875
4 0.5 0.6296875 0.5 1 0.622002296875 1 0.6173750171875 0.6296875 0.5 0.6296875
3 0.63203125 0.90390625 0.02109375 0.09765625
3 0.62734375 0.70234375 0.01796875 0.0984375