3 0.6265625 0.275 0.01015625 0.05625
3 0.6640625 0.296875 0.00859375 0.0546875
3 0.66328125 0.40546875 0.009375 0.05625
3 0.61953125 0.3984375 0.0109375 0.05859375
4 0.6695294203125 0.45 0.6675073874999999 0.1786905015625 0.6300983953125 0.1680911109375 0.630619040625 0.17322414375 0.61088225 0.45 0.6695294203125 0.45
3 0.394960240625 0.22908141093749998 0.3963248109375 0.23848276249999997 0.435640171875 0.3333333328125 0.47329014375 0.24954272031250002 0.456100028125 0.22257874531250002 0.433408028125 0.2850399921875 0.4185416078125 0.21823071718749998 0.394960240625 0.22908141093749998
2 0.41156384062500007 0.3083568875 0.41145150781249995 0.3080760546875 0.013290518749999999 0.37277365156250003 0.0152528359375 0.4039523140625 0.41588164218749996 0.3372826484375 0.41156384062500007 0.3083568875
2 0.038453121875 0.20182771093750002 0.043350140625 0.23728751093749997 0.4573571109375 0.0570054453125 0.4502204515625 0.0206594625 0.038453121875 0.20182771093750002
2 0.8 0 0.641947725 0 0.5271570546875 0.014789345312499999 0.52640714375 0.01245350625 0.5277376312500001 0.06959853906249999 0.8 0.01652778125 0.8 0
2 0.8 0.35939140625 0.6948924234375 0.3448248046875 0.6928977359374999 0.347726675 0.692561884375 0.37748737499999996 0.8 0.39358729531250003 0.8 0.35939140625
3 0.4511440828125 0 0.45963447031250004 0.0367775234375 0.4675470625 0.029452195312500002 0.4610878109375 0 0.4511440828125 0
3 0.4709686546875 0 0.460610021875 0.026373359375 0.46714331875 0.036171371875000004 0.480943396875 0 0.4709686546875 0
4 0.9255022390625 0.45 0.9216679765624999 0.0654973796875 0.87719545 0.06638660156250001 0.851798990625 0.45 0.9255022390625 0.45
3 0.87890625 0.17578125 0.009375 0.05625
3 0.87421875 0.30234375 0.0109375 0.06328125
3 0.915625 0.31484375 0.0109375 0.06796875
3 0.91953125 0.20703125 0.01171875 0.05625
4 0.34921875 0.725 0.0890625 0.55
2 0 0.8437909375 0.29708401875 0.746557475 0.2958347609375 0.7104773296875 0 0.8113188875 0 0.8437909375
2 0.8 0.9560231281250001 0.4089369875 0.726529971875 0.40907262187500004 0.7241060156250001 0.40391497187500003 0.7551161578125 0.8 0.9929594984375001 0.8 0.9560231281250001
2 0 0.8730349125 0.15141046875 0.8200766828124999 0.297749228125 0.7664779953125 0.2945809765625 0.7555296703125001 0 0.8553715515625001 0 0.8730349125
2 0 0.743277396875 0.053069018749999995 0.725348171875 0.300294015625 0.6377798296874999 0.2983855703125 0.6261194421875 0 0.7266489515625001 0 0.743277396875
2 0 0.6787416203125 0.0967047703125 0.64645640625 0.3013351234375 0.575141803125 0.3001811515625 0.56478971875 0 0.6655129687500001 0 0.6787416203125
2 0.7983942640625 1 0.41079619999999994 0.7741577937499999 0.40523431875 0.7894179171875 0.4063188203125 0.791897084375 0.76555134375 1 0.7983942640625 1
2 0.8 0.8738586984375001 0.7485596984375 0.8445553265625 0.614283596875 0.7685088140625 0.4895307296875 0.696380709375 0.414020640625 0.652345184375 0.41207956250000005 0.6666234921875 0.4272262265625 0.6739768640625 0.5142314765625 0.725273690625 0.6306607515625 0.7918143015625001 0.7131977093749999 0.8386165734375 0.8 0.8878632781250001 0.8 0.8738586984375001
2 0.8 0.8129216875 0.6193637453124999 0.712728140625 0.41281611093750004 0.5930624671875 0.41238769375000006 0.5956538499999999 0.4113431046875 0.6049100671875001 0.622004759375 0.7272117640625 0.8 0.8281328765625 0.8 0.8129216875
2 0 0.659457265625 0.178506575 0.6009772015625 0.3024159359375 0.55863950625 0.3018613453125 0.551096659375 0.2166335484375 0.5808850328124999 0.11835809687500001 0.6129706515625 0.0342369171875 0.6398611828125 0 0.6516339015625 0 0.659457265625
2 0 0.6446679484375 0.039835484375 0.6316232296875001 0.1801745140625 0.5850950734375 0.2501571 0.5603911593750001 0.30307340625 0.5434038484375 0.30232141874999996 0.5386086015625 0.2278469296875 0.56337328125 0.10403548437500001 0.6052255375 0 0.63900815625 0 0.6446679484375
2 0 0.635842009375 0.0109838296875 0.632216996875 0.102124825 0.6006187437499999 0.177624265625 0.5764819125 0.30202605625 0.5339412921875 0.30126406875 0.5281393078125001 0.30163044375000003 0.5275326921875 0.243078521875 0.5478923499999999 0.11349439531250001 0.5922363390625 0 0.6295317265625 0 0.635842009375
2 0 0.6165364656250001 0.111983378125 0.5805003546874999 0.199114621875 0.5524366374999999 0.25360662343749996 0.5336017640625 0.3034640796875 0.5169570046875 0.3027887703125 0.5139369703125001 0.2524284609375 0.530666778125 0.20946518281249998 0.5444264828125001 0.0326511359375 0.6010800359374999 0 0.6114509531250001 0 0.6165364656250001
2 0 0.6092190625 0.104870365625 0.5753277578125 0.160575159375 0.5572369203124999 0.2004899015625 0.54497241875 0.2707121265625 0.5202272265625 0.3034267140625 0.5096263765625 0.30307522656249997 0.5060966015625 0.3031774765625 0.506024609375 0.28659108906249997 0.51073079375 0.2181377109375 0.5334381203125 0.17215073125 0.549335475 0.125164603125 0.56489655625 0.07497341874999999 0.5815067484374999 0.038201753125 0.5936373671874999 0 0.6063468453125 0 0.6092190625
2 0.8 0.8009265593749999 0.6939240812499999 0.74275703125 0.630698840625 0.7066900953124999 0.5398029046875 0.6556133703125 0.45984524687499995 0.6095246578125 0.3961079421875 0.573841978125 0.3951800765625 0.5789554765625 0.5443622312499999 0.66431839375 0.6432123921875 0.7198861140625 0.71556344375 0.759548496875 0.7656400265625 0.78781426875 0.8 0.8064745203125 0.8 0.8009265593749999
2 0.8 0.7869004484375 0.7889510375000001 0.7807327875000001 0.7238283953125 0.744161040625 0.6484677265625 0.7021880875 0.5991971328125001 0.6750269624999999 0.43563934687500006 0.5818514140625 0.39828810937500003 0.5603005484375 0.3983150234375 0.5605150109375 0.39774301875 0.5649873765625 0.4626705078125 0.6031114578125 0.5956986625 0.67814790625 0.6648254171875 0.7170305906250001 0.7594542718749999 0.77081893125 0.8 0.7923226453125001 0.8 0.7869004484375
2 0.8 0.777476221875 0.767424371875 0.7587143640624999 0.7070627 0.7246953765624999 0.6020023250000001 0.665292425 0.5383068734374999 0.62911014375 0.44439948124999995 0.5738276078125 0.39767343906249997 0.5480605578125 0.3966568078125 0.554623328125 0.487996228125 0.6065728203124999 0.676138328125 0.714071403125 0.6761725609375 0.714071403125 0.7428728687499999 0.7513616625 0.8 0.7829852781250001 0.8 0.777476221875
2 0.8 0.7606333421875 0.73699033125 0.7261650265625 0.5505541765624999 0.621522384375 0.44846890625 0.5641147078125 0.3987713859375 0.535936684375 0.39773724062500004 0.5402668109375 0.525448315625 0.613693621875 0.6514948265625 0.6840260140625001 0.7443591734375 0.735592453125 0.8 0.7654145781249999 0.8 0.7606333421875
2 0.8 0.75251619375 0.4008245640625 0.5297161828125 0.40001651406249994 0.533724328125 0.4959526109375 0.5892657406249999 0.5700993859375 0.6292728859375 0.678038409375 0.6904151203125 0.8 0.7567367859375 0.8 0.75251619375
1 0.9578125 0.83203125 0.05703125 0.053125
3 0.93984375 0.72421875 0.1203125 0.5484375
4 0.9328125 0.725 0.134375 0.55