3 0.2985206921875 0.2224816421875 0.3110219453125 0.21236980156250002 0.26385820781249997 0.1092293328125 0.25249341406250003 0.12136350468749998 0.2985206921875 0.2224816421875
3 0.34738919375 0.11832996250000001 0.28942891875 0.21540334374999998 0.30306662968750003 0.23158227187499997 0.3598903953125 0.13855359843749998 0.3598903953125 0.1375424328125 0.34738919375 0.11832996250000001
3 0.2425296984375 0.5293315125 0.24034540781249997 0.5293315125 0.3080579265625 0.671204159375 0.32061748749999996 0.6556564859374999 0.2545431734375 0.51572729375 0.2425296984375 0.5293315125
3 0.377408603125 0.509896909375 0.300412934375 0.658571678125 0.3157028703125 0.6828649265625 0.3965210359375 0.526416321875 0.3943367453125 0.5254445828125001 0.377408603125 0.509896909375
3 0.3434632171875 1 0.30423543125 0.9126170265625 0.2894915796875 0.9301081765625 0.2894915796875 0.9310798921875 0.31905470468749997 1 0.3434632171875 1
3 0.4272079625 1 0.44894361875 0.96023180625 0.451127859375 0.96023180625 0.4380222140625 0.9437123734374999 0.399731953125 1 0.4272079625 1
4 0.5640625 0.8296875 0.05 0.340625
3 0.7619513640625 0.6974262578125 0.7657586875 0.6940419703125 0.7410110828125 0.6459850828125 0.73834595625 0.650046228125 0.7619513640625 0.6974262578125
3 0.7600477031249999 0.692011396875 0.7630935609374999 0.6987799734375 0.789744828125 0.6581685187499999 0.7855567718750001 0.6507230859375 0.7600477031249999 0.692011396875
3 0.779084321875 0.8375357734375001 0.7840338421874999 0.8314440546874999 0.760428434375 0.7806797375000001 0.7554789140625 0.7874483140625 0.779084321875 0.8375357734375001
3 0.7779421234375 0.8314440546874999 0.7817494484375 0.8382126296875001 0.8087814468750001 0.7989548921875 0.8045933906249999 0.7928631734375 0.7779421234375 0.8314440546874999
3 0.76157063125 0.967492425 0.7661394203125 0.9654618515625 0.7417725484375 0.9140206765624999 0.73834595625 0.9221429687499999 0.76157063125 0.967492425
3 0.7592862375 0.9627544218749999 0.7634742937500001 0.967492425 0.789744828125 0.9329726890625001 0.7855567718750001 0.9248503984374998 0.7592862375 0.9627544218749999