4 0.323238871875 0 0.3192708015625 0.9925925890625 0.31282583124999996 0.9970641859375 0.47422752968750004 1 0.46173191874999997 0 0.323238871875 0
4 0.92265625 0.26328125 0.046875 0.296875
3 0.48046875 0.60078125 0.02109375 0.09765625
3 0.47578125 0.39921875 0.01796875 0.0984375
3 0.3234375 0.5390625 0.01328125 0.07734375
3 0.325 0.36875 0.01796875 0.084375
3 0.4703125 0.19296875 0.0171875 0.1109375
3 0.334375 0.178125 0.01796875 0.090625
3 0.025426790625 0.17526303125 0.0191789859375 0.20491096718750001 0.055624579687499995 0.29570782812499996 0.066037525 0.275324909375 0.0306333109375 0.1845279640625 0.025426790625 0.17526303125
3 0.0883423 0.1994691 0.0743679953125 0.18638101875 0.046252871875000004 0.28273687187499996 0.05770715 0.2994138515625 0.0883423 0.1994691
3 0.0826983703125 0.5088026234374999 0.0962353140625 0.49953760625 0.0670788578125 0.410593715625 0.066037525 0.40874074531250004 0.053541914062499994 0.42912366406249997 0.0826983703125 0.5088026234374999
3 0.0774918984375 0.5013905765625 0.0889461765625 0.5162145859375 0.1181026328125 0.4365357125 0.1160199671875 0.42727069531249995 0.105607021875 0.4142997390625 0.0774918984375 0.5013905765625
3 0.0597897203125 0 0.044170206249999996 0.0010811890625000002 0.068120190625 0.060377143749999994 0.07957446875 0.045553134375 0.060831053125 0 0.0597897203125 0
3 0.07124409375 0 0.053541914062499994 0.041847153124999995 0.0670788578125 0.0677891078125 0.0910287453125 0.0010811890625000002 0.0733266625 0 0.07124409375 0