3 0.150924503125 0.21920952656249998 0.14814714843750001 0.217232634375 0.18258595312499998 0.294331740625 0.195361609375 0.28840104218749996 0.15759007187500002 0.20932504375 0.150924503125 0.21920952656249998
3 0.21758018906249998 0.221186440625 0.176475815625 0.286424128125 0.189251521875 0.299273959375 0.228133971875 0.23799010312500002 0.2275785421875 0.2360131875 0.21758018906249998 0.221186440625
3 0.21029333281249998 0.4796875 0.2170247078125 0.4702757875 0.18258595312499998 0.391199790625 0.1725876015625 0.4040496671875 0.17425399375 0.40701501718750005 0.20855845624999997 0.4796875 0.21029333281249998 0.4796875
3 0.213095440625 0.4796875 0.2531298546875 0.414922584375 0.2536853359375 0.414922584375 0.241465109375 0.4030611875 0.199249875 0.47422957187500003 0.20538406406249998 0.4796875 0.213095440625 0.4796875
3 0.42109375 0.12890625 0.05859375 0.1640625
3 0.97890625 0.1296875 0.0421875 0.175
4 0.7046875 0.23984375 0.590625 0.4796875
3 0.6870052546875 0.175665021875 0.6933391906249999 0.15384813125000002 0.6232700250000001 0.0778409015625 0.6177278312500001 0.094731396875 0.6870052546875 0.175665021875
3 0.785973003125 0.094731396875 0.7796390671875 0.0813597546875 0.708778159375 0.1566632140625 0.714716225 0.173553709375 0.785973003125 0.094731396875
0 0.15234375 0.73984375 0.3046875 0.5203125
0 0.6333927562499999 0.4796875 0.5205902859375 0.6622384671875 0.633898396875 0.70388335 0.864958003125 0.492327490625 0.8651687296875 0.4796875 0.6333927562499999 0.4796875
0 0.8575209562499999 1 0.9071709281250001 0.8871206656249999 0.8710763296875002 0.8428124968749999 0.6050158828125 0.9837367718750001 0.6235434859375 1 0.8575209562499999 1