3 0.17421875 0.1515625 0.009375 0.06640625
3 0.18359375 0.00625 0.0109375 0.0125
3 0.2984375 0.015625 0.0125 0.03125
3 0.2984375 0.2046875 0.0140625 0.0921875
4 0.18822700781249999 0 0.1701464828125 0.259375 0.28703691875000004 0.259375 0.2865214015625 0 0.18822700781249999 0
2 0 0.259375 0.0066624531249999995 0.259375 0.17168588437500001 0.1858580328125 0.17038705 0.176123178125 0 0.25113235624999997 0 0.259375
2 0 0.14253770937500002 0.298473565625 0.036183346875 0.2965990921875 0.025232934375 0 0.1313214140625 0 0.14253770937500002
2 0 0.0713016953125 0.186716728125 0.013802014062500001 0.18575100312499998 0.0031217249999999997 0 0.059080107812500005 0 0.0713016953125
3 0 0.2378298328125 0.001810175 0.2396984265625 0.01773369375 0.1884008359375 0.012706368749999999 0.18123475625000002 0 0.22069662499999998 0 0.2378298328125
0 0.12578125 0.69609375 0.2515625 0.3546875
4 0.7030953656250001 1 0.705401809375 0.29462974218750004 0.6106433984375 0.2909237859375 0.5674821015625 1 0.7030953656250001 1
3 0.59140625 0.82578125 0.01015625 0.0765625
3 0.6 0.66484375 0.015625 0.0796875
3 0.7046875 0.7203125 0.015625 0.08671875
3 0.7015625 0.93671875 0.01796875 0.10703125
3 0.609375 0.4796875 0.01640625 0.09296875
3 0.71015625 0.5078125 0.015625 0.11640625
2 1 0.9592080781250001 0.7101640609375 0.9641562453125001 0.7069983734375 0.9842188109375 1 0.9804121765625 1 0.9592080781250001
2 0.36875 0.9039100187500001 0.585797346875 0.8195405906250001 0.5889333234375 0.8003279703124999 0.36875 0.8858060125 0.36875 0.9039100187500001
2 0.36875 0.9548551125 0.5881689124999999 0.8637521828124999 0.590205540625 0.8495864171874998 0.36875 0.9397413765625 0.36875 0.9548551125
2 0.36875 0.649429575 0.62995910625 0.5757649734375001 0.6304270421875 0.55400933125 0.36875 0.6248661609375 0.36875 0.649429575
2 0.36875 0.371323571875 0.46431478437500007 0.3646268078125 0.46286011406250005 0.356534928125 0.36875 0.3631905203125 0.36875 0.371323571875
3 0.46241113125 0.362298503125 0.4695474359375 0.357631003125 0.45624182031250005 0.29527282499999996 0.4484923671875 0.29917201250000003 0.46241113125 0.362298503125