3 0.0796875 0.07578125 0.021875 0.1515625
3 0.18359375 0.06875 0.0203125 0.1375
3 0.17265625 0.31953125 0.01640625 0.0890625
3 0.0625 0.4125 0.01875 0.13828125
4 0.09416175 0 0.0477988953125 0.6390625 0.175731453125 0.6390625 0.1930622359375 0 0.09416175 0
2 0.3723678328125 0.6390625 0.21207569531249998 0.5452802796875 0.20873854062500002 0.5677791890624999 0.3295116796875 0.6390625 0.3723678328125 0.6390625
2 0.4296875 0.264015715625 0.2019151671875 0.177244034375 0.1994230328125 0.204517703125 0.4296875 0.2919560203125 0.4296875 0.264015715625
4 0.496875 0.6390625 0.496875 0.5928232140625 0.494921875 0.5902196421875 0.494921875 0.5303375 0.4958984375 0.5290357140624999 0.5369140625 0.5290357140624999 0.5388671875 0.5264321421875 0.5935546875 0.5264321421875 0.5955078125 0.523828571875 0.6208984375 0.523828571875 0.6228515625 0.5264321421875 0.6248046875 0.5264321421875 0.6267578125 0.523828571875 0.6287109375 0.523828571875 0.6296875 0.5225267859375 0.6296875 0.5173196421874999 0.6287109375 0.5160178578125 0.6091796875 0.5160178578125 0.6072265625 0.5134142859375 0.5525390625 0.5134142859375 0.5505859375 0.5108107140625 0.5017578125 0.5108107140625 0.4998046875 0.5082071421875 0.4958984375 0.5082071421875 0.49296875 0.5043017859375001 0.49296875 0.4392125 0.491015625 0.43660892812499996 0.491015625 0.4209875 0.49296875 0.418383928125 0.49296875 0.41317678593749996 0.491015625 0.4105732140625 0.491015625 0.40536607187499996 0.4919921875 0.4040642859375 0.4939453125 0.4066678578125 0.4958984375 0.4040642859375 0.4998046875 0.4040642859375 0.5017578125 0.40146071406250006 0.5037109375 0.40146071406250006 0.510546875 0.3923482140625 0.510546875 0.3897446421875 0.5076171875 0.3858392859375 0.5056640625 0.3858392859375 0.5046875 0.387141071875 0.5046875 0.3897446421875 0.5017578125 0.39365 0.4958984375 0.39365 0.4939453125 0.391046428125 0.4841796875 0.391046428125 0.4763671875 0.40146071406250006 0.4744140625 0.40146071406250006 0.4724609375 0.4040642859375 0.4705078125 0.4040642859375 0.4685546875 0.4066678578125 0.4626953125 0.4066678578125 0.46171875 0.40536607187499996 0.46171875 0.40276249999999997 0.459765625 0.40015892812500004 0.459765625 0.3975553578125 0.4529296875 0.3884428578125 0.4490234375 0.3884428578125 0.4451171875 0.39365 0.4353515625 0.39365 0.432421875 0.3975553578125 0.4373046875 0.4040642859375 0.4392578125 0.40146071406250006 0.4451171875 0.40146071406250006 0.448046875 0.40536607187499996 0.448046875 0.5043017859375001 0.4451171875 0.5082071421875 0.4333984375 0.5082071421875 0.4314453125 0.5108107140625 0.4296875 0.5108107140625 0.4296875 0.5290357140624999 0.4412109375 0.5290357140624999 0.4431640625 0.5264321421875 0.44609375 0.5303375 0.44609375 0.5329410718750001 0.448046875 0.5355446421875001 0.448046875 0.6390625 0.496875 0.6390625
3 0.6340626078125 0.6390625 0.635546875 0.637083928125 0.635546875 0.6214625 0.63359375 0.618858928125 0.63359375 0.5355446421875001 0.631640625 0.5329410718750001 0.631640625 0.5303375 0.6306640625 0.5290357140624999 0.6267578125 0.5290357140624999 0.62578125 0.5303375 0.62578125 0.5355446421875001 0.623828125 0.5381482140625 0.623828125 0.637083928125 0.6253123921875 0.6390625 0.6340626078125 0.6390625
2 0.6224258468749999 0.6390625 0.6108256671875 0.037776796875000004 0.603860578125 0.0374554046875 0.6149060000000001 0.6390625 0.6224258468749999 0.6390625
2 0.6555390734375 0.6390625 0.6388561312500001 0.3479696015625 0.633585434375 0.34829813593750003 0.64915500625 0.6390625 0.6555390734375 0.6390625
2 0.4296875 0.2628533234375 0.4757398015625 0.0853089296875 0.47294844375 0.084672128125 0.439539546875 0.21764983125 0.4296875 0.25080216875 0.4296875 0.2628533234375
2 0.4296875 0.600295796875 0.4422583453125 0.5314657515625 0.44045922031250007 0.531128178125 0.44031731562500004 0.5312001703125 0.4296875 0.588744328125 0.4296875 0.600295796875
2 0.4296875 0.28694248437500003 0.4333288890625 0.2742815265625 0.4529491296875 0.1986401203125 0.45059661249999994 0.19756944999999998 0.4296875 0.27116640625 0.4296875 0.28694248437500003
2 0.4296875 0.336758028125 0.45850822343750003 0.21212290937499997 0.4553956859375 0.212363346875 0.4296875 0.32482852812499996 0.4296875 0.336758028125
2 0.5391442265624999 0.20063352656250003 0.5511981921875 0.0996445703125 0.5472072046875 0.09906910468749999 0.5055912859375 0.37754728125 0.5060950984375 0.3786553921875 0.5109761546875 0.37895695156250003 0.5391442265624999 0.20063352656250003
2 0.49332516406250004 0.1677628953125 0.5046576078125 0.09899473125 0.49918823593750006 0.10244548281250002 0.43784919687499996 0.3749114375 0.43786335000000004 0.3764321796875 0.4433198546875 0.37666714687499997 0.49332516406250004 0.1677628953125
2 0.4918530828125 0.1919964703125 0.45999784374999997 0.386634875 0.46018456093750004 0.3870127625 0.4635662671875 0.387186090625 0.4948223484375 0.19304337031250002 0.4918530828125 0.1919964703125
3 0.21484375 0.80703125 0.4296875 0.3359375
3 0.89296875 0.76640625 0.01171875 0.0578125
3 0.93125 0.79296875 0.0125 0.04921875
3 0.93046875 0.86796875 0.0140625 0.059375
3 0.88671875 0.86015625 0.015625 0.05625
3 0.88203125 0.953125 0.00390625 0.040625
3 0.93046875 0.9578125 0.0046875 0.03984375
4 0.89765625 0.83828125 0.1046875 0.3234375
3 0.741339309375 0.8066762671875001 0.7163480874999999 0.7251444234375 0.7163480874999999 0.7214384 0.7017698125 0.738115378125 0.7298849359374999 0.817794253125 0.741339309375 0.8066762671875001
3 0.72259589375 0.8085293203124999 0.7330088390625 0.8252063 0.7652891734375 0.7486156828125 0.7517522546875 0.7325563859375 0.72259589375 0.8085293203124999
3 0.7513712265625 1 0.75487615625 0.9956820343749999 0.7278023656249999 0.9289741171875001 0.7288436984375 0.9234151234375 0.7153067546875 0.932680140625 0.7373013921875 1 0.7513712265625 1
3 0.7516207578125 1 0.7709244703125 0.9441795765624998 0.7559174890625 0.9308271703125 0.73567163125 1 0.7516207578125 1