3 0.41701711093749994 0.4817987625 0.42416671875 0.47321818593750004 0.3975747328125 0.3806239734375 0.38885190625 0.3899771984375 0.41701711093749994 0.4817987625
3 0.44404232187500003 0.3846600046875 0.4156035734375 0.4779478703125 0.42475407187499997 0.482240628125 0.4518084421875 0.3902758890625 0.44404232187500003 0.3846600046875
1 0.78125 0.04296875 0.0203125 0.040625
3 0.81484375 0.05546875 0.3703125 0.1109375
3 0.52109375 0.44140625 0.0421875 0.3765625
4 0.154163965625 0.6296875 0.13227334375 1 0.283202109375 1 0.28242995 0.6296875 0.154163965625 0.6296875
3 0.15234375 0.97890625 0.0265625 0.0421875
3 0.16953125 0.6796875 0.0265625 0.1
3 0.28515625 0.6703125 0.0234375 0.08125
3 0.27890625 0.91328125 0.01875 0.12265625
2 0.5 0.843551928125 0.30177935625 0.764161115625 0.301896459375 0.78151210625 0.5 0.868311459375 0.5 0.843551928125
2 0.5 0.7567368484375 0.302419121875 0.684625340625 0.2967051703125 0.7148598015625 0.5 0.78949179375 0.5 0.7567368484375
4 0.99140625 0.96171875 0.0171875 0.0765625
4 0.9265625 0.96171875 0.01875 0.0765625
3 0.98984375 0.96015625 0.00703125 0.01796875
3 0.9875 0.98984375 0.00546875 0.01953125