3 0.17751852031249998 0 0.2018079265625 0.050891659374999995 0.21436748749999998 0.0353439859375 0.1976781203125 0 0.17751852031249998 0
3 0.2139765921875 0 0.194162934375 0.038259178125 0.20945287031249998 0.0625524265625 0.24176618125 0 0.2139765921875 0
3 0.1832415796875 0.3097956765625 0.1832415796875 0.3107673921875 0.253684425 0.4749898328125 0.273888978125 0.46138563593750004 0.19798543125 0.2923045265625 0.1832415796875 0.3097956765625
3 0.266302084375 0.4796875 0.34269361875 0.33991930625 0.34487785937500004 0.33991930625 0.3317722140625 0.3233998734375 0.243855190625 0.4526400609375 0.26361445781250004 0.4796875 0.266302084375 0.4796875
3 0.5648101359375 0.311598771875 0.5797049578125 0.313866328125 0.62324685625 0.187093228125 0.6081037859375 0.17673585625 0.574185959375 0.27856218906249997 0.5495387093749999 0.1810801171875 0.5341971890625 0.1881470890625 0.5648101359375 0.311598771875
4 0.3078125 0.73984375 0.421875 0.5203125
3 0.51875 0.69458968125 0.4364226828125 0.7395762515625 0.4927138453125 0.7820071046875 0.51875 0.76789036875 0.51875 0.69458968125
3 0 0.61659 0.08694489375 0.6717180625 0.13399563750000001 0.6314307640625 0.0224781140625 0.5902882609375 0 0.6046541109375 0 0.61659
2 0 0.9687623328124999 0.46017357812500004 0.7825530984375 0.43776126875 0.74741524375 0 0.9390468140625 0 0.9687623328124999
2 0 0.7801515515624999 0.1161164828125 0.66016258125 0.0856256671875 0.6461879390625 0 0.7355019953124999 0 0.7801515515624999
4 0.6171875 0.73984375 0.1375 0.5203125