4 0.1796875 0.309375 0.134375 0.61875
3 0.13046875 0.51953125 0.01953125 0.14453125
3 0.14921875 0.1765625 0.0234375 0.15625
3 0.24765625 0.17890625 0.01953125 0.12265625
3 0.23984375 0.42578125 0.0171875 0.1078125
2 0.559375 0.61875 0.559375 0.5903221249999999 0.278200371875 0.47335195625 0.2766095171875 0.472848278125 0.2743054609375 0.49783661874999996 0.5190313125 0.61875 0.559375 0.61875
2 0.559375 0.3856856359375 0.2539385453125 0.271836615625 0.25259536250000003 0.29184081562499997 0.559375 0.41146369062500004 0.559375 0.3856856359375
2 0.559375 0.3128637609375 0.2754533671875 0.22244125312500002 0.27226675 0.21586673906249998 0.2711224 0.24482929375 0.559375 0.34722303593750004 0.559375 0.3128637609375
2 0 0.5828537500000001 0.10193469531249999 0.5933483546875 0.1022784234375 0.5610822843750001 0.10030887031249999 0.55851455 0 0.5486916171875 0 0.5828537500000001
2 0 0.4803886796875 0.1041337546875 0.49510332031250004 0.10430333124999999 0.4533094578125 0.103867275 0.448651840625 0 0.4336545515625 0 0.4803886796875
1 0.890625 0.28828125 0.0125 0.0125
3 0.6671875 0.5890625 0.0375 0.059375
3 0.628125 0.3625 0.0421875 0.1234375
3 0.88828125 0.25234375 0.0625 0.1203125
3 0.90078125 0.5546875 0.0515625 0.128125
4 0.62578125 0.36953125 0.1328125 0.4984375
4 0.93671875 0.309375 0.1265625 0.61875
4 0.44375 0.8125 0.096875 0.375
4 0.1890625 0.73828125 0.0265625 0.18203125
3 0.2468625421875 0.67857865625 0.2534823046875 0.6742992125 0.2297113375 0.6357842265625 0.2261005578125 0.6395287390625 0.2468625421875 0.67857865625
3 0.2438535578125 0.6742992125 0.25077422031249996 0.6775087953125001 0.2715362046875 0.6405986 0.26672183125000004 0.6357842265625 0.2438535578125 0.6742992125
3 0.64453125 0.71015625 0.1171875 0.1828125
4 0.665625 0.809375 0.2 0.38125