4 0.3692575375 0 0.34335468593749996 0.4890625 0.46743475312499994 0.4890625 0.47714606249999997 0 0.3692575375 0
3 0.353125 0.3921875 0.0203125 0.14765625
3 0.46015625 0.2921875 0.01796875 0.1125
3 0.46484375 0.053125 0.0203125 0.10625
3 0.36640625 0.06328125 0.0234375 0.1265625
2 0 0.4374680796875 0.3298878078125 0.467821834375 0.3314808765625 0.42912995 0 0.3731119765625 0 0.4374680796875
2 0.559375 0.177374028125 0.4869192921875 0.1498312375 0.48635852343749997 0.17788542031250001 0.559375 0.2054067125 0.559375 0.177374028125
3 0.825 0.28515625 0.35 0.4078125
4 0.2796875 0.8578125 0.559375 0.284375
3 0.853125 0.603125 0.02421875 0.11875
3 0.865625 0.83125 0.0203125 0.13046875
3 0.6625 0.7578125 0.0328125 0.0953125
3 0.66640625 0.56875 0.02890625 0.1109375
4 0.663466846875 0.4890625 0.6517384203125001 1 0.8600966218749999 1 0.8414376765625 0.4890625 0.663466846875 0.4890625