4 0.028125 0.05859375 0.04375 0.1171875
3 0.36297696875 0 0.4012223078125 0.09074362968750001 0.41684182031250006 0.07406665 0.3858144734375 0 0.36297696875 0
3 0.4280386765625 0 0.3845614625 0.0888905765625 0.396015834375 0.1092735796875 0.44287437343749997 0.012917725 0.45016341718749997 0.005505678125 0.444663096875 0 0.4280386765625 0
4 0.615625 0.225 0.028125 0.45
4 0.81484375 0.225 0.3703125 0.45
3 0.8188255046874999 0.1504416140625 0.7371535421875001 0.203372878125 0.7432723484375 0.22186452656250003 0.8249568 0.16925646562500002 0.8188255046874999 0.1504416140625
3 0.6391985375 0.14298327500000002 0.6332268390625 0.15854142499999999 0.71556078125 0.2231277328125 0.7210148296875001 0.204843328125 0.6391985375 0.14298327500000002
5 0.28113228281249997 1 0.2735641140625 0.9925753578125001 0.260465725 0.9747831703125 0.25391653125 0.9530371796875 0.23950835625 0.9391988296874999 0.21200188125000002 0.94414111875 0.20018722968749997 0.9567860125 0.229029715625 0.9925753578125001 0.2321163515625 1 0.28113228281249997 1
1 0.7453125 0.490625 0.0328125 0.02421875
1 0.73671875 0.66640625 0.0375 0.0390625
3 0.73984375 0.61953125 0.1609375 0.3390625
2 1 0.79301045 0.8234238453125 0.7661661437499999 0.6296875 0.75579165 0.6296875 0.7921867734375001 0.802217090625 0.8002561374999999 1 0.830462140625 1 0.79301045