4 0.3578125 0.3546875 0.115625 0.709375
3 0.38359375 0.471875 0.02265625 0.11953125
3 0.39609375 0.22109375 0.0171875 0.11015625
1 0.540625 0.11171875 0.03046875 0.03046875
3 0.7217168265625 0 0.4390625 0.0998733 0.4390625 0.147901503125 0.45952519687500004 0.17759854218749999 0.8228568859375001 0.052286379687499995 0.783310790625 0 0.7217168265625 0
3 0.9081330703125001 0.127390996875 0.8585231343749999 0.058276525 0.4824470953125 0.195349621875 0.5258249640625 0.257925553125 0.9081330703125001 0.127390996875
3 0.4390625 0.6598251687500001 0.688519996875 0.575588890625 0.6477425578125 0.506685340625 0.4390625 0.5729671171875 0.4390625 0.6598251687500001
3 0.4390625 0.709375 0.619287040625 0.709375 0.7672278515625 0.6627244203125 0.727447990625 0.593002496875 0.4390625 0.6837778171875 0.4390625 0.709375
3 0.9484375 0.73515625 0.015625 0.0515625
4 0.8525228453124999 0.709375 0.8297804093749999 0.9968928984375001 0.8277243546874999 0.9988816406249998 0.8539468609374999 1 0.9531520125 1 0.9549920578125001 0.709375 0.8525228453124999 0.709375
2 0.4390625 0.9134550328125 0.8519213749999999 0.7969029203125 0.8488305640625 0.789210234375 0.8492614046875001 0.7819124125 0.4390625 0.8977545609375 0.4390625 0.9134550328125