3 0.1046875 0.3890625 0.03125 0.1
3 0.09375 0.03828125 0.03125 0.0765625
4 0.7468682046875 0 0.709207165625 0.05596184375 0.6653525484375 0.058466859375 0.5296875 0.060127890625 0.5296875 0.1671780484375 0.7204231562500001 0.17397280312500002 0.6628620359374999 0.4390625 0.717067403125 0.4390625 0.7706580734375 0.1653705203125 0.92530845625 0.13374124062499998 0.8030764796875 0.0595312625 0.824558159375 0 0.7468682046875 0
3 0.8733051656249999 0.3450295875 0.895429634375 0.3563532 0.9255477234375 0.1830723109375 0.9063086968749999 0.1760706890625 0.9068026390625 0.1734774953125 0.8733051656249999 0.3450295875
3 0.539929121875 0.3396638234375 0.5535725984375001 0.34171296406249996 0.5546715828125001 0.1707983375 0.5407374296875 0.17051944531250002 0.540513965625 0.1704337375 0.539929121875 0.3396638234375
2 0.563007034375 0.4390625 0.5646691703125 0.1707025375 0.560654246875 0.1704511125 0.5565428640625 0.4390625 0.563007034375 0.4390625
2 0.9628699624999999 0.4390625 0.9180564312499999 0.35943407656250004 0.91211070625 0.3646454296875 0.9541137031249999 0.4390625 0.9628699624999999 0.4390625
2 0.8436270562499999 0.3992444671875 0.8567643 0.3891515015625 0.7607927343750001 0.276162171875 0.7539763374999999 0.286862959375 0.84362189375 0.399012178125 0.8436270562499999 0.3992444671875
2 0.8704230859375001 0.328340534375 0.8749046671875 0.3192604984375 0.768547734375 0.2221875296875 0.7645755703124999 0.2307017265625 0.8704230859375001 0.32818819375 0.8704230859375001 0.328340534375
2 0.7655670000000001 0.2453144203125 0.760861340625 0.2511299953125 0.8547182093749999 0.3545626171875 0.8627979515625 0.3457727546875 0.7655670000000001 0.2453144203125
2 0.8553068828124999 0.365928846875 0.7619897250000001 0.2620453171875 0.761754040625 0.2625093203125 0.7592871531250001 0.2669063078125 0.8531372000000002 0.3752024203125 0.8553068828124999 0.365928846875
1 0.4375 0.7875 0.06796875 0.0390625
3 0.5296875 0.5865812125 0.1585593703125 1 0.3064181734375 1 0.5296875 0.7494707843749999 0.5296875 0.5865812125
0 0.7050400156250001 0.4390625 0.8455604671875001 1 1 1 1 0.8721910312500001 0.848825659375 0.4390625 0.7050400156250001 0.4390625