3 0.6515625 0.59375 0.015625 0.03125
3 0.6578125 0.38828125 0.0140625 0.08828125
3 0.59375 0.13359375 0.01015625 0.06875
3 0.665625 0.14453125 0.0140625 0.08515625
3 0.58203125 0.32578125 0.01015625 0.0625
4 0.6038489203124999 0 0.5556478453125 0.609375 0.6581170578125 0.609375 0.6619752203125 0 0.6038489203124999 0
2 0.2622250390625 0.609375 0.5597213937500001 0.5358655765625 0.5612012375 0.516445946875 0.20084830468749998 0.609375 0.2622250390625 0.609375
2 0 0.6029977421875 0.48965766093749996 0.4826923296875 0.4908859578125 0.465884503125 0 0.5858731484375 0 0.6029977421875
2 0 0.341252765625 0.49736461875 0.2378965375 0.4984216484375 0.22101734999999997 0 0.3257274265625 0 0.341252765625
3 0.4791352625 0.20000018593750002 0.48628156718750004 0.20580781718750002 0.495442446875 0.14633700624999998 0.48982400468750004 0.14209469218749998 0.4791352625 0.20000018593750002
3 0.48036385312499996 0.199846175 0.48480725781249995 0.1969227578125 0.47804370625 0.141064215625 0.47248511875 0.1442452515625 0.48036385312499996 0.199846175
3 0.48151526406249995 0.398011271875 0.487114803125 0.3951326578125 0.48135617656249996 0.32775966093750003 0.47683086562500004 0.32866972968749997 0.48151526406249995 0.398011271875
3 0.48777005312500005 0.398008471875 0.497734240625 0.3483299875 0.49103369375000006 0.344247284375 0.48192951875 0.393368528125 0.48777005312500005 0.398008471875
3 0.571875 0.49140625 0.0078125 0.05703125
4 0.8796875 0.38828125 0.240625 0.4421875
3 0.7890625 0.51640625 0.040625 0.1859375
0 0.759375 0.7197842015625 0.166837128125 0.9617089140624999 0.1701043859375 0.9646122984375 0.171311146875 1 0.40584124062500004 1 0.759375 0.8588810562500001 0.759375 0.7197842015625