4 0.0203125 0.41875 0.0359375 0.1984375
4 0.306969440625 0.56875 0.3051337796875 0.3979984171875 0.259441325 0.39362693593750003 0.24911079374999998 0.56875 0.306969440625 0.56875
3 0.0805276671875 0.3622337515625 0.0847585390625 0.35876226718750004 0.061651471874999995 0.3176830390625 0.05742060156249999 0.32694032968750003 0.0805276671875 0.3622337515625
3 0.076622246875 0.35934084843749997 0.0811785703125 0.36454807499999997 0.10396018437500001 0.32636175 0.100054765625 0.3188402015625 0.076622246875 0.35934084843749997
3 0.06100056875 0.4733212421875 0.0649059890625 0.4652211125 0.0431007296875 0.4293491109375 0.039520760937499996 0.44034214374999997 0.06100056875 0.4733212421875
3 0.0580715046875 0.468692596875 0.061651471874999995 0.47274266093749995 0.0831312796875 0.436292078125 0.0792258609375 0.430506271875 0.0580715046875 0.468692596875
4 0.67890625 0.34375 0.02734375 0.26796875
4 0.5796875 0.27265625 0.02109375 0.1359375
1 0.1875 0.5859375 0.03125 0.034375
3 0.1875 0.74375 0.096875 0.35
2 0 0.8614053593750001 0.1303927953125 0.8818865734375001 0.12688259531249999 0.8403356484375 0 0.8249150999999999 0 0.8614053593750001
3 0.53359375 0.846875 0.01953125 0.109375
3 0.63359375 0.5921875 0.0171875 0.046875
3 0.55 0.59765625 0.021875 0.0578125
3 0.6296875 0.78828125 0.0203125 0.115625
3 0.62265625 0.965625 0.0171875 0.06875
4 0.549525721875 0.56875 0.523286453125 1 0.62848290625 1 0.6310280796875001 0.56875 0.549525721875 0.56875
2 0.4 0.9116084531249999 0.5092830578124999 0.9229775859375 0.50904471875 0.8730420515624999 0.5133167046875 0.8712275406250001 0.4 0.8600673671875001 0.4 0.9116084531249999
2 0.7818243140625001 1 0.6521168703125 0.9303844140624999 0.65162284375 0.9320698281249999 0.6480747625 0.9799492953125 0.68569243125 1 0.7818243140625001 1
2 1 1 1 0.958645234375 0.8202521546875001 0.8819030265624999 0.681000171875 0.8269713968750001 0.6543717046874999 0.8112412875 0.650502928125 0.8587218437499999 0.9597675328124999 1 1 1