3 0.3421875 0.38203125 0.01015625 0.06953125
3 0.50390625 0.43125 0.0109375 0.0875
3 0.49765625 0.20625 0.0109375 0.0859375
3 0.34765625 0.19609375 0.0109375 0.07421875
4 0.3810453609375 0 0.3370763734375 1 0.492268421875 0.9949485765625001 0.44749866718750003 0 0.3810453609375 0
3 0.0953245078125 0.14386200625 0.10360074374999999 0.1327876140625 0.0788200671875 0.06914926875 0.07093916875 0.07650920624999999 0.0953245078125 0.14386200625
3 0.0950621796875 0.13676480468750002 0.101531684375 0.1435105953125 0.12287255156250002 0.065733678125 0.113975596875 0.058012474999999994 0.0950621796875 0.13676480468750002
3 0.1231515046875 0.37265396093750003 0.1290557125 0.36717588125 0.1052726171875 0.291908109375 0.0983689796875 0.2967884609375 0.1231515046875 0.37265396093750003
3 0.12136509375 0.3643448828125 0.1292090453125 0.3753273171875 0.14828687812500002 0.3052584671875 0.140459553125 0.2967884609375 0.12136509375 0.3643448828125
3 0.35625 0.01328125 0.01640625 0.0265625
3 0.4921875 0.01015625 0.009375 0.0203125