3 0.69921875 0.7140625 0.015625 0.0828125
3 0.7046875 0.48203125 0.0140625 0.08828125
3 0.640625 0.22734375 0.01015625 0.06875
3 0.7125 0.23828125 0.0140625 0.08515625
3 0.62890625 0.41953125 0.01015625 0.0625
4 0.7093402953125 0.016345496875 0.6548390937499999 0.04172451875 0.579780409375 0.9906428984375 0.5777243546874999 0.9926316406250001 0.70312523125 0.9979798421874999 0.7093402953125 0.016345496875
2 0.5992614046875 0.7756624125 0 0.9448967234375001 0.0004763328125 0.9604438453125 0.601921375 0.7906529203125 0.5988305640625 0.7829602343750001 0.5992614046875 0.7756624125
2 1 0.7890734703125 0.7092862453125 0.7475986234375 0.7098000421874999 0.766732809375 1 0.8047442828125 1 0.7890734703125
2 0 0.77950161875 0.6065963937500001 0.6296155765625 0.6080762375 0.610195946875 0 0.7670087375 0 0.77950161875
2 0 0.708264596875 0.5365326609375 0.5764423296875 0.5377609578125 0.5596345031250001 0 0.6910809375 0 0.708264596875
2 0 0.44474375468750005 0.54423961875 0.3316465375 0.5452966484374999 0.31476735 0 0.42932508281250004 0 0.44474375468750005
3 0.538100859375 0.1017847484375 0.5452991421875 0.09857291093750001 0.5365383421875001 0.0394969296875 0.53065055625 0.044444896875 0.538100859375 0.1017847484375
3 0.5380630562500001 0.0987913265625 0.5437460765625 0.10428533437500001 0.556230453125 0.029670999999999996 0.54919913125 0.0243730078125 0.5380630562500001 0.0987913265625
3 0.5260102625 0.2937501859375 0.5331565671875 0.2995578171875 0.542317446875 0.24008700625 0.5366990046875 0.2358446921875 0.5260102625 0.2937501859375
3 0.527238853125 0.293596175 0.5316822578125 0.2906727578125 0.52491870625 0.234814215625 0.51936011875 0.23799525156249998 0.527238853125 0.293596175
3 0.5283902640625 0.491761271875 0.533989803125 0.4888826578125 0.5282311765625 0.42150966093750003 0.523705865625 0.4224197296875 0.5283902640625 0.491761271875
3 0.534645053125 0.491758471875 0.544609240625 0.4420799875 0.53790869375 0.437997284375 0.52880451875 0.487118528125 0.534645053125 0.491758471875
3 0.61875 0.58515625 0.0078125 0.05703125