4 0.79765625 0.075 0.4046875 0.15
3 0.70078125 0.09375 0.0484375 0.1125
2 1 0.031323534375 0.4390625 0.012596960937500002 0.4390625 0.047247407812499996 1 0.0721569140625 1 0.031323534375
1 0.16640625 0.4640625 0.06171875 0.0359375
1 0.1609375 0.51484375 0.05234375 0.040625
1 0.16015625 0.56484375 0.05546875 0.04765625
1 0.15390625 0.6109375 0.053125 0.04296875
1 0.1484375 0.6640625 0.05 0.05234375
1 0.14453125 0.7171875 0.05234375 0.04609375
3 0.14609375 0.62890625 0.1921875 0.5921875
4 0.21953125 0.575 0.4390625 0.85
2 0.6554866374999999 0.15 0.4390625 0.9379918968750001 0.4390625 1 0.5002786765625 1 0.7403749171875 0.15 0.6554866374999999 0.15