4 0.02890625 0.440625 0.05078125 0.296875
3 0.8515625 0.328125 0.01171875 0.05390625
3 0.84765625 0.45078125 0.0109375 0.06015625
3 0.88984375 0.45390625 0.0109375 0.0515625
3 0.89140625 0.34296875 0.0109375 0.0546875
4 0.8506907343749999 0.2231639453125 0.83685580625 0.430274678125 0.8060175171875 0.9913396140625 0.9028376765624999 1 0.8953880859375 0.497408496875 0.9023055015624999 0.225057690625 0.8506907343749999 0.2231639453125
2 0.0763396015625 0.3255417484375 0.07680675625 0.351449353125 0.5925415859375 0.185771740625 0.5873391875 0.148878121875 0.0763396015625 0.3255417484375
3 0.6581001390625 0.3826838171875 0.6570271437499999 0.2775286546875 0.6512132625 0.2773859140625 0.6271949546875 0.29556600624999996 0.6581001390625 0.3826838171875
3 0.6606877375 0.368286378125 0.6607972265625001 0.3691817578125 0.666286290625 0.393882546875 0.70206375 0.3104435765625 0.6829797625 0.2956568421875 0.6606877375 0.368286378125
3 0.6953256999999999 0.5664108390625 0.6752617296875 0.6409323515625001 0.6812246359375 0.6594687578125 0.7058328406250001 0.5755075359374999 0.6953256999999999 0.5664108390625
3 0.6701820859375001 0.6547674046874999 0.6747022125 0.624641834375 0.65851491875 0.5811347703124999 0.65807680625 0.579752203125 0.647454775 0.59760358125 0.6701820859375001 0.6547674046874999
3 0.664345890625 0.0159048515625 0.6798353171875 0.12346761875000001 0.7003806578125 0.11972879218750002 0.725417446875 0.05390816875 0.714622796875 0.024439953125 0.69248420625 0.087444315625 0.6856954421875 0.0160127546875 0.6650256765625 0.01933615625 0.664345890625 0.0159048515625
2 0.637770428125 0.3719834734375 0.2310793109375 0.399464409375 0.223991553125 0.45511525625000004 0.6405951437499999 0.42422495156249995 0.6402795109375 0.374576015625 0.637770428125 0.3719834734375
2 0.9966930890624999 0.0931325984375 0.9946234953124999 0.049144634375 0.7542390046875 0.0786569859375 0.7558571234375 0.08909817812500001 0.755809178125 0.1296838765625 0.9966930890624999 0.0931325984375
2 0.1683469640625 0.58383225 0.6577640515625001 0.6897208953125 0.6560565234375 0.6455736515625 0.65084159375 0.643180940625 0.1727449609375 0.5309143125 0.1683469640625 0.58383225