4 0.11287697968749999 0 0.0714972390625 0.7 0.246523140625 0.7 0.24506353125000002 0 0.11287697968749999 0
3 0.09296875 0.659375 0.0296875 0.08125
3 0.115625 0.3375 0.0265625 0.146875
3 0.24140625 0.21953125 0.01875 0.12265625
2 0.4296875 0.623032596875 0.261892465625 0.509762321875 0.2589108671875 0.530118659375 0.4296875 0.6472889265624999 0.4296875 0.623032596875
2 0.4296875 0.5968332828125 0.2733793640625 0.49823261875 0.27126403125 0.5110342171875 0.4296875 0.615266115625 0.4296875 0.5968332828125
2 0.4296875 0.3594589078125 0.2566921953125 0.2718548390625 0.254045171875 0.28864172187500003 0.4296875 0.376671975 0.4296875 0.3594589078125
2 0.4296875 0.1366599515625 0.26427935625 0.07041111562499999 0.264396459375 0.08776210625 0.4296875 0.160184615625 0.4296875 0.1366599515625
2 0.2631946703125 0 0.2592051703125 0.0211098015625 0.4296875 0.083695928125 0.4296875 0.0510112015625 0.2899201 0 0.2631946703125 0
2 0 0.39219123125 0.08921115625 0.409289196875 0.08921115625 0.3792787390625 0 0.3640870609375 0 0.39219123125
4 0.84140625 0.39296875 0.3171875 0.6140625
3 0.7140625 0.45703125 0.01640625 0.1828125
3 0.90078125 0.409375 0.015625 0.13203125
3 0.309317128125 1 0.08962699843750001 0.9265547562500001 0.05181958125 1 0.309317128125 1