3 0.10390625 0.20078125 0.01875 0.11328125
4 0.11723814218749999 0 0.08538493281250001 0.4390625 0.2279400015625 0.4390625 0.2398469703125 0 0.11723814218749999 0
2 0 0.22323123906250003 0.0842755421875 0.24893187656250002 0.085497909375 0.22177557343749998 0.08565522812500001 0.22141294375 0 0.19495295937499998 0 0.22323123906250003
2 0 0 0 0.027266292187500003 0.11063882968750001 0.050824446875 0.1097149953125 0.0174835875 0.01998045625 0 0 0
2 0.3825564171875 0.4390625 0.24168989999999999 0.3386386453125 0.2371917484375 0.3635859640625 0.3454934078125 0.4390625 0.3825564171875 0.4390625
2 0.45 0.1805394984375 0.42413605624999995 0.1657776421875 0.2540504171875 0.0649593140625 0.25315600625 0.0790550015625 0.45 0.20169602968749997 0.45 0.1805394984375
2 0.45 0.126955059375 0.2730131953125 0.0234052796875 0.269676040625 0.0459041890625 0.45 0.152335875 0.45 0.126955059375
4 0.9375 0.36875 0.021875 0.140625
4 0.03984375 0.64140625 0.0375 0.2640625
4 0.7203125 0.83671875 0.06875 0.3265625
4 0.85078125 0.8265625 0.1640625 0.346875
3 0.8953125 0.9671875 0.0125 0.065625
3 0.82265625 0.89765625 0.01171875 0.1296875
3 0.7796875 0.8328125 0.01015625 0.0953125