4 0.32109375 0.1640625 0.0484375 0.28203125
3 0.00390625 0.30625 0.0078125 0.10625
4 0.77421875 0.296875 0.0359375 0.125
3 0.8352151671874999 0.2778587515625 0.8394460390624999 0.2743872671875 0.816338971875 0.23330803906250003 0.8121081015625 0.24256532968750003 0.8352151671874999 0.2778587515625
3 0.8313097468749999 0.2749658484375 0.8358660703125 0.280173075 0.8586476843749999 0.24198675 0.8547422656249999 0.2344652015625 0.8313097468749999 0.2749658484375
3 0.8065419953124999 0.359375 0.7977882296875001 0.3449741109375 0.7942082609375 0.35596714375 0.7964278515625001 0.359375 0.8065419953124999 0.359375
3 0.8334239328124999 0.359375 0.8378187796875001 0.351917078125 0.8339133609375 0.346131271875 0.8265766359375 0.359375 0.8334239328124999 0.359375
3 0.509375 0.415625 0.015625 0.0578125
3 0.503125 0.5375 0.0140625 0.0578125
3 0.5453125 0.54296875 0.009375 0.0546875
3 0.5453125 0.43203125 0.009375 0.0546875
4 0.5015625 0.6796875 0.096875 0.640625
3 0.27750962968750004 0.359375 0.3137640078125 0.48123625 0.3273009515625 0.46826529375000003 0.3002813453125 0.359375 0.27750962968750004 0.359375
3 0.336672659375 0.36079136875 0.30335096875 0.47011826249999994 0.315846578125 0.490501265625 0.352292171875 0.3922923578125 0.355416075 0.3848803953125 0.336672659375 0.36079136875
3 0.2929380234375 0.6665359937499999 0.329383521875 0.7777158578125001 0.3439617015625 0.7554798859374999 0.3127226765625 0.6535650390625 0.3116814390625 0.644300021875 0.2929380234375 0.6665359937499999
3 0.3512508390625 0.646153075 0.314805340625 0.7721568640625 0.329383521875 0.786980875 0.366870353125 0.6665359937499999 0.3699942546875 0.6665359937499999 0.3512508390625 0.646153075
0 0.59121048125 0.670032940625 0.9855998296875 0.70899886875 0.9768356546875001 0.6108047187500001 0.5649178578125 0.55936965625 0.5630427250000001 0.56139436875 0.59121048125 0.670032940625