4 0.10703125 0.19921875 0.0328125 0.184375
4 0.034375 0.171875 0.0140625 0.1078125
3 0.2445923390625 0 0.26665779375 0.043818059375 0.27211883281250004 0.0359222625 0.2535470828125 0 0.2445923390625 0
3 0.28177825 0 0.2601728125 0.0426033390625 0.2646099078125 0.0492843875 0.2929389828125 0.0000874421875 0.2928488953125 0 0.28177825 0
3 0.2277613109375 0.1052114390625 0.2229695765625 0.1118434828125 0.2461789375 0.15678882031250002 0.25163997656250003 0.14828566406250002 0.2277613109375 0.1052114390625
3 0.2663164703125 0.10637715625 0.2403766046875 0.15132249375 0.24549632031250002 0.15861092968749999 0.27211883281250004 0.11305820312499999 0.2724601265625 0.11305820312499999 0.2663164703125 0.10637715625
3 0.236622128125 0.2217773859375 0.2611967546875 0.2703669703125 0.2652925265625 0.26186378593750004 0.2417418421875 0.21570369843749998 0.2414005484375 0.21448895 0.236622128125 0.2217773859375
3 0.2792864328125 0.21813316875000002 0.25266391875 0.263078534375 0.25846625156249997 0.2721890796875 0.284747440625 0.2284584625 0.28577138281250003 0.2296731828125 0.2792864328125 0.21813316875000002
2 1 0.0932214890625 0.4 0.289699215625 0.4 0.3250549984375 1 0.124078790625 1 0.0932214890625
0 0.4 0.4273891265625 0.0525280046875 0.469266990625 0.050349875 0.47071868281249996 0.0797550671875 0.5926591718750001 0.4 0.6010590203125 0.4 0.4273891265625
0 0.74765625 0.80078125 0.3890625 0.11640625