3 0.39765625 0.4109375 0.00859375 0.059375
3 0.50390625 0.446875 0.01328125 0.0640625
3 0.5015625 0.30546875 0.01015625 0.06640625
3 0.403125 0.284375 0.01015625 0.0578125
3 0.40859375 0.15703125 0.01015625 0.0640625
3 0.4984375 0.1609375 0.009375 0.0703125
4 0.5231500609374999 0.944800303125 0.491626340625 0.033581071875 0.41704599218749994 0.033581071875 0.377064725 0.916068165625 0.37649408281249996 0.9195497828124999 0.45779608125 1 0.5231500609374999 0.944800303125
3 0.2186928890625 0.0649298640625 0.22492853125 0.0609707265625 0.206221603125 0.0015836546875 0.195977334375 0.0118774140625 0.2186928890625 0.0649298640625
3 0.2289371578125 0 0.2142388578125 0.0649298640625 0.223592321875 0.0641380359375 0.24452626406250003 0 0.2289371578125 0
3 0.206221603125 0.2312136625 0.2142388578125 0.235964628125 0.2284917546875 0.1797448671875 0.22270151562499998 0.173410246875 0.206221603125 0.2312136625
3 0.20800321562500002 0.2312136625 0.2142388578125 0.22804635156250003 0.19196870625 0.1710347640625 0.1857330640625 0.177369384375 0.20800321562500002 0.2312136625
3 0.2258193375 0.39591380625 0.22938256093749998 0.4022484265625 0.2485348921875 0.3539469421875 0.24140844375 0.346028665625 0.2258193375 0.39591380625
3 0.225373934375 0.399081115625 0.2307187703125 0.3919546671875 0.21156644062500002 0.3357349078125 0.20488539375 0.346028665625 0.225373934375 0.399081115625