4 0.4125 0.30234375 0.0625 0.2953125
3 0.39921875 0.20625 0.00546875 0.01875
3 0.396875 0.24375 0.00546875 0.02109375
3 0.43125 0.20859375 0.00625 0.021875
3 0.4328125 0.2421875 0.0046875 0.0234375
3 0.43515625 0.2828125 0.00546875 0.02421875
0 1 0 0.481137928125 0 0.495386259375 0.11553419375 1 0.07408496875000001 1 0
3 0.23046875 0.60859375 0.03515625 0.278125
4 0.13984375 0.725 0.2796875 0.55
4 0.97421875 0.725 0.0515625 0.55
3 0.98671875 0.553125 0.01953125 0.06875
3 0.9796875 0.66015625 0.0171875 0.07734375
3 0.6964325671875 0.475150746875 0.7301398640625 0.5651240859375 0.7451789109375 0.5502562515625 0.707581296875 0.459562753125 0.6964325671875 0.475150746875
3 0.761053484375 0.468483428125 0.7217848140625 0.559176925 0.7343173515625001 0.5755315171875 0.7777635093749999 0.48632477500000004 0.7794344890625 0.48483801875 0.761053484375 0.468483428125