3 0.05703125 0.1953125 0.02578125 0.11796875
3 0.04375 0.01484375 0.025 0.0296875
4 1 0.4890625 1 0 0.9751304671875001 0 0.930118596875 0.4890625 1 0.4890625
3 0.97734375 0.4109375 0.0234375 0.13671875
3 0.99375 0.06875 0.0125 0.134375
3 0.125 0.5734375 0.0203125 0.15703125
3 0.103125 0.93515625 0.028125 0.1296875
3 0.22734375 0.83828125 0.01953125 0.1125
3 0.2328125 0.56640625 0.021875 0.1234375
4 0.16796875 0.74453125 0.1890625 0.5109375
2 0.5 0.778138440625 0.287973765625 0.6995923234375001 0.28796296875 0.6992285984375 0.2880188171875 0.7274375390625 0.5 0.8109848875000001 0.5 0.778138440625
2 0.5 1 0.5 0.9735246046875 0.27612840625 0.8900268015624999 0.2763406765625 0.9230757140625 0.43762473437500005 1 0.5 1
2 0.5 0.6933822109375 0.2775562203125 0.6222398921875 0.2775141875 0.6480474171875 0.5 0.731983296875 0.5 0.6933822109375
0 0.9728712984375001 0.5826444296875 0.8999028156250001 0.5405458875 0.8966356203125001 0.537642546875 0.8138653031249999 0.9223357359375001 0.8508941390625001 0.9412075218750001 0.9728712984375001 0.5826444296875