3 0.546875 0.20390625 0.01015625 0.06875
4 0.609375 0.3296875 0.609375 0 0.6003602875 0 0.5610890937499999 0.01828701875 0.536457565625 0.3296875 0.609375 0.3296875
2 0.34713225468750003 0.3296875 0.45048961875 0.3082090375 0.4515466484375 0.29132985 0.26896361875 0.3296875 0.34713225468750003 0.3296875
3 0.44435085937499996 0.07834724843749999 0.4515491421875 0.07513541093750001 0.4427883421875 0.016059429687499998 0.43690055625 0.021007396875 0.44435085937499996 0.07834724843749999
3 0.44431305625000006 0.0753538265625 0.44999607656249996 0.08084783437500001 0.46248045312499997 0.0062335 0.45544913124999997 0.0009355078124999999 0.44431305625000006 0.0753538265625
3 0.4322602625 0.2703126859375 0.43940656718750004 0.2761203171875 0.448567446875 0.21664950625 0.44294900468750004 0.2124071921875 0.4322602625 0.2703126859375
3 0.43348885312499996 0.270158675 0.43793225781249995 0.2672352578125 0.43116870625 0.211376715625 0.42561011875 0.21455775156249998 0.43348885312499996 0.270158675
0 1 0.1551212375 0.7121496281249999 0.2726464140625 0.7154168859375 0.2755497984375 0.71726304375 0.3296875 0.9041808984374999 0.3296875 1 0.29143969531249997 1 0.1551212375
5 0.4497395828125 0.3296875 0.4458333328125 0.353125 0.43125 0.3640625 0.4166666671875 0.371875 0.42083333281249996 0.3890625 0.43541666718750005 0.4203125 0.43541666718750005 0.459375 0.43541666718750005 0.4875 0.4375 0.4953125 0.46875 0.496875 0.49583333281249997 0.490625 0.609375 0.49305803593749997 0.609375 0.46315789531250007 0.6020833328124999 0.45625 0.609375 0.431640625 0.609375 0.3812946421875 0.55 0.3609375 0.5228260875 0.3296875 0.4497395828125 0.3296875
1 0.70234375 0.3484375 0.0421875 0.0375
3 0.609375 0.3296875 0.609375 0.383339525 1 0.6540847953125001 1 0.433115684375 0.8469340015625001 0.3296875 0.609375 0.3296875