4 0.7074788921875 0.9989170578125 0.81577415 0.9970641859375 0.8084851078125 0.3726081484375 0.7449657234375 0.3614902375 0.7098958015625 0.9925925890625 0.7074788921875 0.9989170578125
4 0.20546875 0.4203125 0.034375 0.1890625
4 0.1015625 0.3828125 0.02734375 0.10859375
3 0.74765625 0.46484375 0.015625 0.0671875
3 0.79765625 0.46875 0.01953125 0.07421875
3 0.5645871640625 0.305775196875 0.571528809375 0.2975480625 0.546847403125 0.23584454687499998 0.537591875 0.245442871875 0.5645871640625 0.305775196875
3 0.56073069375 0.2989192515625 0.5684436328125 0.308517575 0.5954389203125 0.25229881718749997 0.588497275 0.2427004921875 0.56073069375 0.2989192515625
3 0.5391344640625 0.484029796875 0.5460761093750001 0.4703179046875 0.5183095265625 0.4140991453125 0.512139175 0.42232628125 0.5391344640625 0.484029796875
3 0.53373540625 0.4758026609375 0.5422196390625 0.484029796875 0.572300103125 0.42232628125 0.5645871640625 0.41272795625 0.53373540625 0.4758026609375
3 0.5576455171875 0.652686071875 0.56227328125 0.643087746875 0.53836316875 0.5868689890625001 0.5298789359375 0.599209690625 0.5576455171875 0.652686071875
3 0.5530177546874999 0.6540572609375 0.5591881062499999 0.658170828125 0.5861833937500001 0.599209690625 0.5784704546875 0.59098255625 0.5530177546874999 0.6540572609375