4 0.425 0.4015625 0.021875 0.115625
4 0.35390625 0.390625 0.015625 0.10625
3 0.5796875 0.36810130937499996 0.564119140625 0.33724446874999997 0.5642346953125 0.329563765625 0.5540139984375 0.3458074125 0.5796875 0.3905384421875 0.5796875 0.36810130937499996
4 0.90390625 0.17265625 0.02734375 0.17578125
3 0.9387585218750001 0.06873625 0.9668736453125 0.1187671875 0.9762453531249999 0.1002372390625 0.9533367015625 0.05576529375 0.95125413125 0.052059270312499996 0.9387585218750001 0.06873625
3 0.9824931578125 0.0613242875 0.9564606046874999 0.1132081953125 0.9658323124999999 0.12247321250000001 0.9960301015624999 0.07985423593749999 0.9970713390625001 0.07244227343750001 0.9824931578125 0.0613242875
3 0.1296875 0.63828125 0.0234375 0.12265625
3 0.140625 0.8421875 0.0265625 0.13671875
4 0.51953125 0.55 0.0453125 0.18125
4 0 0.459375 0 1 0.1404637078125 1 0.1314452453125 0.459375 0 0.459375
0 1 0.459375 0.5943555625 0.459375 0.5987446140625 0.5417843453125 1 0.5346053234375 1 0.459375