4 0.394894259375 0.509375 0.39286010781249997 0.3351081484375 0.3293407234375 0.3239902375 0.31903902031250003 0.509375 0.394894259375 0.509375
3 0.33203125 0.42734375 0.015625 0.0671875
3 0.38203125 0.43125 0.01953125 0.07421875
3 0.1489621640625 0.268275196875 0.15590380937499998 0.2600480625 0.131222403125 0.198344546875 0.121966875 0.207942871875 0.1489621640625 0.268275196875
3 0.14510569375 0.2614192515625 0.15281863281250002 0.271017575 0.17981392031250001 0.2147988171875 0.172872275 0.2052004921875 0.14510569375 0.2614192515625
3 0.1235094640625 0.446529796875 0.13045110937499999 0.43281790468750003 0.1026845265625 0.3765991453125 0.09651417500000001 0.38482628124999996 0.1235094640625 0.446529796875
3 0.11811040625 0.43830266093750003 0.1265946390625 0.446529796875 0.156675103125 0.38482628124999996 0.1489621640625 0.37522795625 0.11811040625 0.43830266093750003
0 0.9939414218749999 0.509375 0.9973156281249999 0.47448217187499997 0.6630119765625 0.3103919484375 0.559375 0.316166528125 0.559375 0.505636575 0.5830594046875001 0.509375 0.9939414218749999 0.509375
4 0.1203125 0.7546875 0.184375 0.490625
3 0.2390625 0.575 0.028125 0.13125
2 0.559375 0.6645123140625 0.2565967859375 0.6715405859375 0.256339571875 0.7018085328125 0.559375 0.6901921484375 0.559375 0.6645123140625
2 0.559375 0.6388792765625 0.2924328375 0.6318381640624999 0.29218034843749996 0.652191721875 0.559375 0.658735728125 0.559375 0.6388792765625
2 0.559375 0.6051678171875 0.2710621234375 0.5822678546875 0.270566775 0.603866553125 0.559375 0.6261726890625 0.559375 0.6051678171875
2 0.332048409375 0.509375 0.418608084375 0.5274626921875 0.559375 0.5486613015625 0.559375 0.5359461875 0.420434409375 0.509375 0.332048409375 0.509375
0 1 0.509375 0.559375 0.509375 0.559375 0.6141189203125 1 0.723877528125 1 0.509375