4 0.1293319125 0 0.117558325 0.27616425 0.1612929609375 0.3539896234375 0.154410178125 0.5796875 0.3676319765625 0.5796875 0.362264059375 0.45775681874999996 0.459375 0.4091545671875 0.459375 0.3078188703125 0.450581875 0 0.1293319125 0
3 0.41328125 0.0640625 0.0390625 0.128125
3 0.4265625 0.48046875 0.04375 0.1984375
3 0.1421875 0.3453125 0.0234375 0.14375
3 0.14375 0.04609375 0.034375 0.0921875
4 0.77578125 0.44296875 0.4484375 0.2734375
3 0.5609375 0.55 0.025 0.059375
3 0.78515625 0.5515625 0.0109375 0.05625
4 0.44095905625 1 0.4278649171875 0.6579432203125 0.365386865625 0.6523842656250001 0.3501084203125 1 0.44095905625 1
3 0.36328125 0.734375 0.01015625 0.05078125
3 0.4296875 0.746875 0.009375 0.06796875
3 0.43359375 0.853125 0.0078125 0.0609375
3 0.4359375 0.95234375 0.0109375 0.05234375
3 0.35859375 0.83125 0.00625 0.0421875
3 0.186873809375 0.5796875 0.1855767046875 0.5809570140625 0.20947595156249998 0.638495946875 0.21463067656249998 0.631824753125 0.19424891875 0.5796875 0.186873809375 0.5796875
3 0.22290290000000001 0.5796875 0.2038526 0.63516036875 0.20947595156249998 0.6443332171875 0.230094896875 0.5851265140625 0.2305635234375 0.582624821875 0.2281792578125 0.5796875 0.22290290000000001 0.5796875
3 0.1861043640625 0.711475659375 0.180421978125 0.7179761296875 0.20057229687499997 0.7730133703125001 0.2047898109375 0.7655082921874999 0.1861043640625 0.711475659375
3 0.22006363593749997 0.7246366296875 0.21135041718749997 0.7154744375 0.1940117328125 0.768009984375 0.1991664578125 0.7771828703125 0.22006363593749997 0.7246366296875
3 0.20169647343750002 0.8428551843750001 0.194480359375 0.8488980749999999 0.2132248390625 0.9056030859374999 0.2183796078125 0.8989319296874999 0.20169647343750002 0.8428551843750001
3 0.22587738281249997 0.85139976875 0.2076014859375 0.8964302375 0.21697376875000002 0.903935315625 0.23478103749999998 0.8630743093750001 0.23431241093750002 0.860572615625 0.22587738281249997 0.85139976875
3 0.83828125 0.8421875 0.01953125 0.1359375
3 0.95 0.76484375 0.0296875 0.13125
4 0.88125 0.78984375 0.15625 0.4203125