4 0.334375 0.21484375 0.134375 0.4296875
3 0.271875 0.365625 0.01875 0.128125
3 0.284375 0.0640625 0.01875 0.128125
2 0.5 0.222150671875 0.41764831874999997 0.1746841125 0.4146666109375 0.1998564015625 0.5 0.2487351625 0.5 0.222150671875
2 0.24533612031250002 0.4296875 0.24949102031249998 0.39880209375 0 0.321818684375 0 0.3526802484375 0.23197970781250002 0.4296875 0.24533612031250002 0.4296875
2 0 0.17255595625 0.255951909375 0.2182081015625 0.256345528125 0.1879192140625 0.2571847546875 0.185758153125 0 0.1368651484375 0 0.17255595625
2 0 0.10442802343749999 0.25662219531249997 0.1308483546875 0.2569659234375 0.098582284375 0.2549963703125 0.09601455 0 0.07104355625 0 0.10442802343749999
3 0.39140625 0.18359375 0.01015625 0.0703125
3 0.69140625 0.13984375 0.0125 0.16640625
4 0.52265625 0.21484375 0.0453125 0.4296875
3 0.615625 0.07109375 0.00859375 0.12265625
3 0.57265625 0.03984375 0.0078125 0.0796875
4 0.634375 0.21484375 0.13125 0.4296875
3 0.52890625 0.07265625 0.0046875 0.0640625
1 0.0515625 0.6703125 0.034375 0.02109375
3 0.0808800203125 0.4296875 0.06461745625000001 0.47723886093749995 0.1279318953125 0.522903503125 0.1615856046875 0.4296875 0.0808800203125 0.4296875
3 0 0.929750190625 0.134329065625 0.5935670296875 0.0498789609375 0.555276721875 0.0495671140625 0.5565528265624999 0 0.6812715484374999 0 0.929750190625
3 0.1151377015625 0.9855813812499999 0.2638707671875 0.6171215640625001 0.15991745156249998 0.588519634375 0.02078006875 0.9452022234375 0.0223793984375 0.94351970625 0.1151377015625 0.9855813812499999
4 0.25 0.71484375 0.5 0.5703125
3 0.85859375 0.5671875 0.0421875 0.275
4 0.915625 0.71484375 0.16875 0.5703125