4 0.20625 0.2546875 0.2625 0.509375
3 0.32578125 0.46640625 0.0328125 0.0859375
3 0.08984375 0.41015625 0.02578125 0.10625
3 0.0953125 0.12734375 0.0234375 0.15234375
3 0.31953125 0.1359375 0.02890625 0.19140625
3 0.49296875 0.640625 0.0234375 0.13203125
3 0.47578125 0.94453125 0.0265625 0.1109375
3 0.6999743125 0.5288955609375 0.6696761546875 0.5178955890625 0.6471670125 0.6751611828125 0.677632746875 0.7058589015625 0.6999743125 0.5288955609375
2 0.51875 0.9498812437499999 0.65114105 0.6909836734375 0.642515415625 0.6769413125 0.51875 0.9202591953125001 0.51875 0.9498812437499999
2 0.552655065625 1 0.6763027296875 0.74082886875 0.666199821875 0.7249417078125 0.5304098046875 1 0.552655065625 1
2 0.81421193125 0.509375 0.701252740625 0.6188355718749999 0.7088342562500001 0.6351231546875 0.836517115625 0.509375 0.81421193125 0.509375
2 0.83955316875 0.509375 0.6932004546874999 0.656989278125 0.6935129734375 0.657133096875 0.6988786546875 0.6676874890625 0.8539891078125 0.509375 0.83955316875 0.509375
2 0.8557034265624999 0.509375 0.692536265625 0.687039975 0.69704381875 0.69637198125 0.8655910625000001 0.509375 0.8557034265624999 0.509375
2 0.8498970078125 0.5302040296875 0.6948829296875 0.70681816875 0.69548830625 0.7076671375 0.707391034375 0.7247566843750001 0.8560245078125 0.536356209375 0.8498970078125 0.5302040296875
4 0.8806657859375001 0.509375 0.859167665625 0.614415065625 0.917798621875 0.6178811046874999 0.9228976687500001 0.509375 0.8806657859375001 0.509375