3 0.459375 0.0587202703125 0.448287528125 0.0413287453125 0.425595528125 0.1037899921875 0.4107291078125 0.0369807171875 0.387147740625 0.0478314109375 0.3885123109375 0.0572327625 0.427827671875 0.1520833328125 0.459375 0.0818742515625 0.459375 0.0587202703125
3 0.459375 0.332539934375 0.4402865796875 0.4000340265625 0.42292039375 0.3417571109375 0.4207907984375 0.341021571875 0.40889848281249996 0.3649668453125 0.4396839234375 0.433571840625 0.43988376718750005 0.433571840625 0.459375 0.380677165625 0.459375 0.332539934375
2 0.0074403359375000006 0.22270231406250002 0.40806914218749996 0.1560326484375 0.40375134062500007 0.12710688750000002 0.40363900781249995 0.1268260546875 0.00547801875 0.1915236515625 0.0074403359375000006 0.22270231406250002
2 0.0774105671875 0 0.030640621875000003 0.0205777109375 0.035537640625 0.0560375109375 0.1642244296875 0 0.0774105671875 0
2 0.06353980000000001 0.366632815625 0.0576619484375 0.3961615484375 0.42318388906250004 0.43902533750000006 0.42299650624999996 0.41924857031249996 0.06353980000000001 0.366632815625
1 0.5296875 0.14140625 0.05703125 0.0265625
3 0.540625 0.24921875 0.1625 0.4984375
4 0.7828125 0.25 0.434375 0.5
3 0.2961404671875 0.820283321875 0.301865159375 0.812100459375 0.271828 0.7346416093749999 0.2648674671875 0.7426136859375 0.2961404671875 0.820283321875
3 0.295603871875 0.8112870359375 0.3022847078125 0.81854838125 0.330468865625 0.7177327015625 0.32207183906250003 0.7114820546875 0.295603871875 0.8112870359375
3 0.3395173890625 1 0.34377125468749997 0.984197303125 0.3364702171875 0.9785222671875001 0.330670646875 1 0.3395173890625 1
4 1 0.5 0.459375 0.5 0.459375 0.562740340625 0.6251380609374999 0.64942815 0.68336074375 1 0.9222334906250002 1 1 0.5916168203125001 1 0.5
3 0.9100709421875 0.61830251875 0.902660225 0.5979190828125 0.811144034375 0.6868564312500001 0.8173446625 0.7064673375 0.9100709421875 0.61830251875
3 0.6985146875 0.6041540421875 0.692056778125 0.62055226875 0.7821511453125 0.70254340625 0.7890386796875 0.6829981546875 0.6985146875 0.6041540421875