3 0.34453125 0.08515625 0.021875 0.1171875
3 0.12109375 0.04765625 0.0265625 0.0953125
4 0.10123540625 0 0.15087782031250002 0.051396771875000004 0.14533651718750001 0.3296875 0.3102965890625 0.3296875 0.30603161874999996 0.1496049265625 0.3601792953125 0.0328668640625 0.35839649218749997 0 0.10123540625 0
3 0.56484375 0.06875 0.0921875 0.1375
2 1 0.089081421875 0.3890625 0.1167784953125 0.3890625 0.15415762500000002 1 0.1277753484375 1 0.089081421875
0 0 0.7393568109374999 0.159377703125 0.8826300921874999 0.2661078265625 0.8434349546875 0 0.578656121875 0 0.7393568109374999
3 0.69765625 0.95390625 0.0234375 0.0921875
3 0.71640625 0.6703125 0.01953125 0.1359375
3 0.7359375 0.37265625 0.028125 0.0859375
3 0.828125 0.59296875 0.0296875 0.13125
3 0.83671875 0.35078125 0.0171875 0.0421875
4 0.759375 0.66484375 0.15625 0.6703125