4 0.0875 0.34609375 0.09375 0.4671875
3 0.327487003125 0.0817095265625 0.3247096484375 0.079732634375 0.359148453125 0.156831740625 0.371924109375 0.1509010421875 0.33415257187499997 0.07182504375 0.327487003125 0.0817095265625
3 0.3941426890625 0.083686440625 0.353038315625 0.148924128125 0.365814021875 0.161773959375 0.404696471875 0.100490103125 0.40414104218749997 0.0985131875 0.3941426890625 0.083686440625
3 0.3491501015625 0.2665496671875 0.35081649375 0.2695150171875 0.385810728125 0.34364875 0.3935872078125 0.33277578750000003 0.359148453125 0.253699790625 0.3491501015625 0.2665496671875
3 0.418027609375 0.2655611875 0.37581237500000003 0.33672957187499997 0.3869216390625 0.3466141 0.4296923546875 0.277422584375 0.4302478359375 0.277422584375 0.418027609375 0.2655611875
3 0.32582061093750003 0.44644749843750003 0.3247096484375 0.4444706296875 0.3585929734375 0.5205812328125 0.3702577171875 0.509708315625 0.33526348281249996 0.43359766562499996 0.32582061093750003 0.44644749843750003
3 0.3923402921875 0.44611711875 0.392476296875 0.44743597812499997 0.3552601890625 0.5087198359375 0.36359215 0.5215697125000001 0.40303007968750004 0.4602858109375 0.3923402921875 0.44611711875
0 0.459375 0 0.459375 0.11472927968749999 1 0.24192529999999998 1 0.11121239218750001 0.7919655140625 0 0.459375 0
4 0.1328125 0.78984375 0.0875 0.4203125
3 0.3899921296875 0.927613125 0.3631590640625 0.8018624578125 0.36158378125 0.7968267734375 0.33626254218749996 0.8099097093750001 0.3817341703125 0.9763717546875 0.40527503906250006 0.965061778125 0.44743748749999995 0.87561444375 0.42881578749999993 0.8475392375 0.3899921296875 0.927613125
0 0.593964315625 0.5796875 0.459375 0.62115730625 0.459375 0.8835714453125 1 0.8893983249999999 1 0.6172741359375 0.9697713359375001 0.5914597828125 0.8757910578124999 0.5796875 0.593964315625 0.5796875