3 0.50546875 0.190625 0.009375 0.04921875
3 0.4984375 0.28828125 0.0125 0.05078125
4 0.49296875 0.29921875 0.0734375 0.4203125
3 0.343616109375 0 0.36164961406249996 0.0655184328125 0.3731038921875 0.052547478125000005 0.35864056875 0 0.343616109375 0
3 0.3283279234375 0.15631529375 0.3272866859375 0.1618742875 0.3137497421875 0.1729922734375 0.3408235328125 0.2545242015625 0.35227790625 0.2415532453125 0.3283279234375 0.15631529375
3 0.37332226562500004 0.184401675 0.36060828125 0.1674332796875 0.333534490625 0.243406215625 0.34498876875 0.25823022500000004 0.37332226562500004 0.184401675
3 0.37506735625 0 0.3543604765625 0.058106470312500005 0.36789741875000004 0.0710774265625 0.3887234046875 0.0117814703125 0.392888640625 0.0043695078125 0.390637784375 0 0.37506735625 0
3 0.3252040203125 0.363851096875 0.3543604765625 0.44908896406250004 0.3647735171875 0.4361180078125 0.33769963125 0.35829210312500004 0.33665839375 0.352733109375 0.3252040203125 0.363851096875
3 0.371021321875 0.3619980421875 0.3397822953125 0.441677 0.3512365734375 0.46205991874999996 0.3814342671875 0.3823810453125 0.3845581703125 0.378675021875 0.371021321875 0.3619980421875
4 0.8 0.2546875 0.115625 0.509375
3 0.82578125 0.3046875 0.02265625 0.11953125
3 0.83828125 0.05390625 0.0171875 0.1078125
3 0.35703125 0.54375 0.0359375 0.06875
2 0.3337022921875 0.706196325 0.4815225328125 0.938672475 0.4818715421875 0.9052644703125001 0.48175884062499996 0.9055650078124999 0.34047526562499997 0.6882966406250001 0.3337022921875 0.706196325
2 0.3650004828125 0.6711596078125 0.4811026296875 0.8437256203124999 0.4823314359375 0.8225652796875 0.482564109375 0.8221516375 0.3679307125 0.6601690265625 0.3650004828125 0.6711596078125
2 0.3737091796875 0.6638727 0.48351633906249997 0.814717959375 0.48351633906249997 0.803139915625 0.3759836390625 0.654399071875 0.3737091796875 0.6638727
2 0.38509521874999997 0.6291592375 0.48457747187500005 0.7561268968749999 0.485696734375 0.743190378125 0.3895648703125 0.6166717859374999 0.39005316093750003 0.6188043859375 0.38509521874999997 0.6291592375
2 0 0.6599530921875 0.22300299375 0.6794345109375 0.322059496875 0.6864680203125 0.32188372656249997 0.6727916015625001 0 0.6461980078125 0 0.6599530921875
2 0 0.6426927640625 0.32092305 0.6639801828125 0.320913959375 0.6508452171875 0 0.629361240625 0 0.6426927640625
2 0 0.6142536062499999 0.3138247765625 0.6034882234375 0.31308381406249997 0.5842006203125 0 0.5959032515625 0 0.6142536062499999
2 0 0.585554403125 0.13292964375 0.583244753125 0.3328266953125 0.5675288640625 0.33412282968749996 0.548494975 0.33184174375 0.5474838 0 0.569423490625 0 0.585554403125
5 0.9611395828125 1 0.9507271968750001 0.9765625 0.8820054546874999 0.9296875 0.8028713265625 0.88125 0.6987474734375001 0.8296875 0.6487680250000001 0.7921875 0.74456196875 0.8015625 0.7528918765625 0.7796875 0.6570979328125001 0.759375 0.6362731625 0.7453125 0.55126953125 0.734375 0.5296875 0.742367978125 0.5296875 0.8341613765625 0.5654689421875 0.8625 0.5862937125000001 0.9 0.6862526109375 0.9046875 0.80703628125 0.9453125 0.8632631609375 0.9734375 0.9313441421875 1 0.9611395828125 1