4 0.55859375 0.42109375 0.0265625 0.1703125
3 0.8625 0.36015625 0.0171875 0.0578125
3 0.91875 0.36796875 0.0171875 0.05078125
3 0.85546875 0.4234375 0.0140625 0.05078125
3 0.91953125 0.434375 0.01328125 0.04375
4 0.88671875 0.53984375 0.11015625 0.528125
3 0.694878278125 0.262894059375 0.6995633781249999 0.2545569109375 0.6776995921875 0.2128711734375 0.679261303125 0.2087026 0.6702815046875 0.22259785625 0.694878278125 0.262894059375
3 0.7128378390625 0.21217642187500002 0.689412340625 0.2552516953125 0.6952687156249999 0.2621993078125 0.7183037765625 0.2198188015625 0.7125805765625 0.21177145937500003 0.7128378390625 0.21217642187500002
3 0.6480272828125 0.3288964875 0.6749666046875 0.3768350859375 0.681603853125 0.3698874734375 0.65661664375 0.3212540921875 0.6493095125 0.32841934687499996 0.6480272828125 0.3288964875
3 0.693707003125 0.325422665625 0.6698911046875 0.369192690625 0.6761378796875 0.37961412499999997 0.6999538140625 0.3337598125 0.6938335953125 0.3252948484375 0.693707003125 0.325422665625
3 0.68696578125 0.48057272656250005 0.6902089453125 0.48557444531250005 0.7133435109375 0.4451759078125 0.713559728125 0.444791165625 0.7083706656250001 0.44017419062499996 0.68696578125 0.48057272656250005
3 0.6724292562499999 0.44027503437500004 0.6679392109375 0.444791165625 0.6884792453124999 0.48749819062500005 0.6923710421875 0.48211171249999996 0.6724292562499999 0.44027503437500004