4 0.06171875 0.0953125 0.0359375 0.190625
3 0.3800861734375 0 0.41176192343749995 0.072929234375 0.418535684375 0.06181331875 0.38918439375 0 0.3800861734375 0
3 0.442724790625 0 0.41071980625000004 0.0655186234375 0.418535684375 0.07107658125 0.4518834328125 0.00067578125 0.451059825 0 0.442724790625 0
3 0.4081145140625 0.2137308328125 0.40290392812500003 0.22762572812499998 0.43468850000000003 0.2971002 0.44042014375000005 0.28320530625 0.4081145140625 0.2137308328125
3 0.4727257734375 0.21743613750000002 0.468036246875 0.2090992015625 0.43260426562500004 0.2887632640625 0.4357306171875 0.298952853125 0.4727257734375 0.21743613750000002
0 1 0 0.55 0 0.55 0.154679971875 1 0.2000984140625 1 0
3 0.306658053125 0.78773975625 0.3010994234375 0.7984452640624999 0.328892571875 0.856913815625 0.334914421875 0.850325809375 0.306658053125 0.78773975625
3 0.3617811328125 0.8042097703125 0.3548328453125 0.7943277609375 0.32426038125 0.8536198125000001 0.33259832500000003 0.86103131875 0.3617811328125 0.8042097703125
3 0.2873885296875 1 0.277475246875 0.978791921875 0.27145339687500003 0.9886739296875 0.276446815625 1 0.2873885296875 1
3 0.329467221875 1 0.335840859375 0.9870269281249999 0.3298190109375 0.9796154218750001 0.3205298359375 1 0.329467221875 1
1 0.81171875 0.75546875 0.10546875 0.059375
3 1 0.5400065765625001 0.8829881140625 0.5392742984375001 0.55 0.8652751453124999 0.55 1 0.6904087578125 1 1 0.7187295109375 1 0.5400065765625001