4 0.00703125 0.17421875 0.0140625 0.2765625
3 0.99453125 0.08828125 0.0109375 0.0484375
3 0.8219979453124999 0.0955218984375 0.821944596875 0.09552516875 0.814406 0.10938169843750001 0.8357690359374998 0.165949178125 0.86057760625 0.10324649687500001 0.8503771375 0.0923790796875 0.8380685109374999 0.136777534375 0.8219979453124999 0.0955218984375
3 0.830840803125 0.280882834375 0.8303257203125 0.28147804062500004 0.821186690625 0.29713 0.8454213109375001 0.35251033593750003 0.8711993375 0.2868937625 0.861940734375 0.2763010546875 0.845818659375 0.32115082031250003 0.830840803125 0.280882834375
1 0.37578125 0.709375 0.05390625 0.0703125
1 0.390625 0.78671875 0.05859375 0.065625
1 0.3953125 0.8640625 0.0578125 0.08046875
1 0.40234375 0.95 0.05703125 0.0859375
3 0.36875 0.68984375 0.1875 0.6203125
3 0.7799795125 0.8485986828125001 0.8104452468750001 0.8792964015625 0.8327868125 0.7023330609375 0.8024886546874999 0.6913330890625 0.7799795125 0.8485986828125001
3 1 0.4523787578125 0.9945235390625001 0.4922157203125 1 0.49870767968749996 1 0.4523787578125
2 0.7146233390625 1 0.78395355 0.8644211734375 0.775327915625 0.8503788125 0.6992220078125 1 0.7146233390625 1
2 1 0.6314777109375 0.834065240625 0.792273071875 0.84164675625 0.8085606546874999 1 0.6526068453125 1 0.6314777109375
2 1 0.6549399609375 0.8260129546874999 0.8304267781250001 0.8263254734375 0.8305705968750001 0.8316911546875 0.8411249890625001 1 0.6693416453125 1 0.6549399609375
2 1 0.6703080375 0.825348765625 0.860477475 0.8298563187500001 0.8698094812499999 1 0.6810413109375 1 0.6703080375
2 0.8402035343750001 0.8981941843750001 0.9888370078125 0.709793709375 0.9827095078125 0.7036415296875 0.8276954296875001 0.88025566875 0.82830080625 0.8811046375 0.8402035343750001 0.8981941843750001
2 0.745665046875 0.3796875 0.7447278015625 0.38608012187499996 0.9929645546875001 0.44312070312500007 0.9929645546875001 0.41789910468749997 0.8450843750000001 0.3796875 0.745665046875 0.3796875
4 0.7014316265625 0.3796875 0.629870209375 0.529834621875 0.5890625 0.517128671875 0.5890625 1 0.6977214390625 1 0.6830247875 0.6395122640625 0.822615278125 0.68311530625 0.699422996875 0.537870815625 0.7290079109375001 0.3796875 0.7014316265625 0.3796875