4 0.06953125 0.04921875 0.0265625 0.0984375
3 0.3640625 0.0203125 0.009375 0.040625
3 0.219308165625 0.032361690625 0.19790328125 0.0727602265625 0.20114644531249998 0.0777619453125 0.22428101093750002 0.0373634078125 0.224497228125 0.036978665625000004 0.219308165625 0.032361690625
3 0.18336675625 0.032462534375000004 0.1788767109375 0.036978665625000004 0.1994167453125 0.079685690625 0.2033085421875 0.0742992125 0.18336675625 0.032462534375000004
1 0.7828125 0.14765625 0.05078125 0.10625
3 0.78359375 0.26953125 0.1359375 0.5390625
2 0.641499925 0.5390625 0.36875 0.3346954828125 0.36875 0.3755717765625 0.587968390625 0.5390625 0.641499925 0.5390625
0 0.36875 0.589815946875 0 0.555174765625 0 0.868320903125 0.34501597500000003 0.9693923296874999 0.36875 0.8256640624999999 0.36875 0.589815946875
3 0.43203125 0.615625 0.03515625 0.1140625
3 0.84140625 0.62734375 0.0203125 0.13046875
4 0.63046875 0.76953125 0.4703125 0.4609375