4 0.18984375 0.04921875 0.0484375 0.0984375
0 1 0.196868571875 0.3380877265625 0.32582766875 0.400165309375 0.53922349375 1 0.353774875 1 0.196868571875
4 0.16484375 0.8203125 0.3296875 0.359375
4 0.569082146875 0.5796875 0.5468205906250001 1 0.6697108640625 1 0.6780570046875 0.5796875 0.569082146875 0.5796875
3 0.55390625 0.93203125 0.0203125 0.1359375
3 0.66171875 0.8390625 0.01796875 0.1125
3 0.66640625 0.61640625 0.0203125 0.0734375
3 0.56796875 0.6265625 0.0234375 0.09375
2 0.5320554234375 1 0.5330433765625 0.9760049500000001 0.3296875 0.9416392140625 0.3296875 0.9961321625 0.3717235609375 1 0.5320554234375 1
2 1 0.7338594890625 0.6895599875 0.6388687281250001 0.6891745359375 0.6631694421875001 1 0.76974601875 1 0.7338594890625
2 1 0.8151245218750001 0.6884817921874999 0.6967062375 0.6879210234375 0.7247604203125 1 0.8423888937499999 1 0.8151245218750001