3 0.25546875 0.03359375 0.0046875 0.0671875
3 0.2453125 0.2078125 0.009375 0.07734375
3 0.3203125 0.15703125 0.0078125 0.053125
3 0.32265625 0.021875 0.0078125 0.04375
4 0.2671875 0.24453125 0.13125 0.4890625
5 0.45416666718750004 0.3 0.4895833328125 0.3328125 0.51875 0.3328125 0.54375 0.31875 0.5583333328125 0.2890625 0.5729166671875 0.25625 0.5979166671875 0.24375 0.6395833328125 0.2125 0.60625 0.1984375 0.575 0.18125 0.5333333328125 0.18125 0.4895833328125 0.1984375 0.4145833328125 0.20625 0.42083333281249996 0.2359375 0.43541666718750005 0.24375 0.45 0.2546875 0.44375 0.2734375 0.45416666718750004 0.3
3 0.30234375 0.55703125 0.01171875 0.0578125
3 0.340625 0.58359375 0.0125 0.04921875
3 0.33984375 0.65859375 0.0140625 0.059375
3 0.29609375 0.65078125 0.015625 0.05625
3 0.29140625 0.74375 0.00390625 0.040625
3 0.33984375 0.7484375 0.0046875 0.03984375
4 0.30703125 0.74453125 0.1046875 0.5109375
3 0.1111448125 0.528740378125 0.1392599359375 0.608419253125 0.15071430937500002 0.5973012671875 0.1257230875 0.5157694234375 0.1257230875 0.5120634 0.1111448125 0.528740378125
3 0.17466417343750001 0.5392406828125 0.1611272546875 0.5231813859375001 0.13197089374999998 0.5991543203124999 0.14238383906250002 0.6158313 0.17466417343750001 0.5392406828125
3 0.12468175468750001 0.7233051406250001 0.15071430937500002 0.8029840140625 0.16425115625 0.7863070343749999 0.137177365625 0.7195991171875 0.1382186984375 0.7140401234375 0.12468175468750001 0.7233051406250001
3 0.1802994703125 0.7348045765625 0.1652924890625 0.7214521703125 0.1392599359375 0.8103960625 0.1496729765625 0.8233670171874999 0.1802994703125 0.7348045765625
3 0.9921875 0.58203125 0.00703125 0.04765625
3 0.98828125 0.6796875 0.00625 0.0421875
4 0.971875 0.74453125 0.05625 0.5109375
3 0.802836384375 0.5597308484375 0.8330340781250001 0.644968715625 0.8444884515624999 0.6282917359375 0.81949723125 0.5486128625 0.82053846875 0.5449068374999999 0.802836384375 0.5597308484375
3 0.8236623703125 0.631997759375 0.8371993140625001 0.652380678125 0.8632318671875 0.576407828125 0.854901396875 0.5541718546875 0.85177749375 0.55787779375 0.8236623703125 0.631997759375
3 0.8267862734375001 0.7431776234375 0.8267862734375001 0.7505895859375 0.816373328125 0.7617075718749999 0.8403232156249999 0.8395334765625 0.8507362562499999 0.8302684593749999 0.8267862734375001 0.7431776234375
3 0.8694371390625001 0.7636993046875 0.8611492015625 0.7505895859375 0.8361579812500001 0.8376805078124999 0.8444884515624999 0.8450924703125 0.8694371390625001 0.7636993046875