3 0.32890625 0.0921875 0.01015625 0.08359375
3 0.4125 0.025 0.0125 0.05
4 0.36171875 0.259375 0.1171875 0.51875
3 0.88101023125 0.45480580000000004 0.8888099078125 0.44253111875 0.8601295265625 0.34827572500000004 0.8511489546875 0.357043353125 0.88101023125 0.45480580000000004
3 0.8815740812499999 0.44237981406250004 0.8898813765625 0.45050439375 0.918915875 0.3566245609375 0.9095097546875 0.3480514671875 0.8815740812499999 0.44237981406250004
4 0.4875 0.759375 0.115625 0.48125
3 0.52578125 0.978125 0.0171875 0.04375
3 0.53828125 0.7421875 0.01796875 0.11171875
1 0.77734375 0.94140625 0.009375 0.0359375
1 0.77578125 0.865625 0.01015625 0.03515625
3 0.77421875 0.8171875 0.0390625 0.365625
4 0.725 0.759375 0.13125 0.48125