3 0.4265625 0.5515625 0.01328125 0.071875
3 0.5703125 0.42734375 0.0125 0.09140625
3 0.57265625 0.628125 0.01328125 0.0875
3 0.43515625 0.3890625 0.0140625 0.08828125
3 0.44453125 0.215625 0.01328125 0.08359375
3 0.5703125 0.2234375 0.0171875 0.10078125
4 0.4859375 0.51875 0.1234375 0.96171875
3 0.1826632546875 0.0029342 0.2149436125 0.093731103125 0.22639789062500001 0.0770541234375 0.2014066703125 0.0010811890625000002 0.1880208015625 0.006481478125 0.1826632546875 0.0029342
3 0.187632790625 0.2117998828125 0.17745678125 0.22344091718749998 0.20661314218750002 0.3068258140625 0.21702618281250002 0.2920018890625 0.187632790625 0.2117998828125
3 0.21427154218750002 0.4215004171875 0.202448003125 0.43282968750000006 0.22431532031249998 0.5106555921875 0.23681093125000002 0.50694956875 0.21427154218750002 0.4215004171875
3 0.20973704531249998 0.0900250796875 0.22119141875 0.09743712812500001 0.24826520937500002 0.0029342 0.24514130625 0.0010811890625000002 0.23056312656250003 0 0.20973704531249998 0.0900250796875
3 0.22119141875 0.1993519734375 0.19307629531249998 0.290148834375 0.207654475 0.3105318375 0.239934834375 0.2178819234375 0.2192708015625 0.20925925625000003 0.22119141875 0.1993519734375
3 0.23056312656250003 0.5162145859375 0.25347168125 0.43838868125 0.2440999734375 0.4142997390625 0.2440999734375 0.412446684375 0.21702618281250002 0.4976846375 0.23056312656250003 0.5162145859375