3 0.53515625 0.4125 0.009375 0.06640625
3 0.5453125 0.24140625 0.01015625 0.06640625
3 0.66015625 0.25 0.0125 0.0859375
3 0.659375 0.465625 0.0140625 0.0921875
3 0.65859375 0.6671875 0.01015625 0.0765625
3 0.52578125 0.5734375 0.009375 0.0703125
4 0.64892149375 0.9968189000000001 0.647051625 0.056022671875 0.5629075078125 0.0637866734375 0.498085390625 0.9936952953124999 0.6482981859375 0.9925862249999999 0.64892149375 0.9968189000000001
2 0.252041303125 1 0.5317146375 0.7987177921875 0.531945478125 0.7875699828125 0.23800540468750003 1 0.252041303125 1
2 0 0.8996714546875 0.5264404015624999 0.6038882390625 0.524634596875 0.59469623125 0 0.886323690625 0 0.8996714546875
2 0 0.8583710484375 0.5487719 0.566135809375 0.5444458562500001 0.556769778125 0 0.847324534375 0 0.8583710484375
2 0 0.684076115625 0.532623384375 0.4467955328125 0.53132455 0.43706067812500005 0 0.6709647109375 0 0.684076115625
2 0 0.5320871953124999 0.659411065625 0.297120846875 0.6575365921875 0.286170434375 0 0.5213601546875 0 0.5320871953124999
2 0 0.4433904125 0.5476542281250001 0.2747395140625 0.5466885031250001 0.264059225 0 0.4287517671875 0 0.4433904125
2 0.3546880359375 0.117701425 0.3359438234375 0.091969784375 0.3359438234375 0.0915893765625 0.008059459375 0.11294968125 0.00585775 0.1544770515625 0.3546880359375 0.117701425
2 0.99944929375 0.64556361875 1 0.6373080671875 0.6628640890625 0.6944305281250001 0.6607893687499999 0.7066551875 0.99944929375 0.64556361875
3 0.3566435859375 0.10905738125 0.362364890625 0.104184759375 0.3457766140625 0.0402277015625 0.3388602046875 0.045879528125 0.3566435859375 0.10905738125
3 0.354522203125 0.1036185390625 0.36061606562500004 0.11019502031249999 0.3790919640625 0.035897925000000004 0.3728958328125 0.0292565109375 0.354522203125 0.1036185390625
3 0.34345945625 0.30702712656250003 0.34887833281249997 0.3015727 0.3343150109375 0.24020259843749997 0.3280136859375 0.24402589218749998 0.34345945625 0.30702712656250003
3 0.3420992578125 0.3023726828125 0.3486080453125 0.3095231765625 0.3652547640625 0.24611935312500002 0.358309134375 0.24136620937500003 0.3420992578125 0.3023726828125
3 0.3567969921875 0.49449320312499995 0.362747675 0.5006359265625 0.37867119374999997 0.44933833593749994 0.37364386875 0.44217225625 0.3567969921875 0.49449320312499995
3 0.3569372484375 0.49615810156249995 0.361019303125 0.4907634140625 0.347694915625 0.4295387640625 0.3414783296875 0.434858128125 0.3569372484375 0.49615810156249995