3 0.21015625 0.109375 0.02890625 0.128125
3 0.38046875 0.115625 0.02578125 0.13671875
3 0.39453125 0.35390625 0.0265625 0.1515625
3 0.20625 0.309375 0.0234375 0.10625
4 0.2298973609375 0 0.182135503125 0.0007390562500000001 0.2071224765625 0.4296875 0.38422948749999997 0.4296875 0.4213781671875 0 0.2298973609375 0
4 0.69375 0.09453125 0.028125 0.1890625
4 0.7185396703125 0 0.7194078953125 0.0087465484375 0.7195906437499999 0.035712109375 0.7216008765625 0.07502335156249999 0.7203216375 0.10588754843749999 0.7173976609375 0.1361019734375 0.715935671875 0.1724892375 0.7166666671875 0.2098511609375 0.7150219296875 0.28360035 0.7142909359375 0.29757045937500004 0.711366959375 0.32551068125 0.7111842109375 0.36287260468750004 0.708991228125 0.40315850312499996 0.7085985296875 0.4296875 0.785029465625 0.4296875 0.7822733921875 0.36514680781250003 0.7811769 0.317713409375 0.7809941515625 0.26053342343749997 0.7775219296875 0.18061139531249998 0.7791666671874999 0.1260304984375 0.7789839187500001 0.10978618437500001 0.7778874265625 0.09419164218750001 0.775328946875 0.07437357812499999 0.7740497078125 0.052606196875 0.7751461984375 0.011670525 0.77662325 0 0.7185396703125 0
4 0.54921875 0.1546875 0.0609375 0.309375
4 0.35390625 0.76796875 0.3296875 0.4640625
3 0.51875 0.7917073328124999 0.473715284375 0.8454605374999999 0.4820753203125 0.8624385593749999 0.51875 0.8166589 0.51875 0.7917073328124999
3 0.45967843906250005 0.865484003125 0.4632023125 0.8544491578125001 0.397553671875 0.7695242921875 0.391031328125 0.7878621203125 0.45967843906250005 0.865484003125
3 0.24579250468749997 0.879273215625 0.252588546875 0.8713446359375 0.2115605890625 0.7497267359374999 0.200849675 0.7589456109375 0.24579250468749997 0.879273215625
1 0.703125 0.71328125 0.0125 0.0125
1 0.95 0.90078125 0.01484375 0.01328125
3 0.70078125 0.67734375 0.0625 0.1203125
3 0.9484375 0.8875 0.05703125 0.14765625
3 0.71328125 0.9578125 0.0515625 0.084375
4 0.82421875 0.71484375 0.2765625 0.5703125