4 0.37011913125 0.65 0.3662976078125 0.32260814843749996 0.3027782234375 0.3114902375 0.2839674703125 0.65 0.37011913125 0.65
3 0.30546875 0.41484375 0.015625 0.0671875
3 0.35546875 0.41875 0.01953125 0.07421875
3 0.1223996640625 0.255775196875 0.129341309375 0.2475480625 0.104659903125 0.18584454687500002 0.095404375 0.195442871875 0.1223996640625 0.255775196875
3 0.11854319375 0.2489192515625 0.1262561328125 0.258517575 0.1532514203125 0.20229881718749998 0.146309775 0.19270049218750002 0.11854319375 0.2489192515625
3 0.0969469640625 0.434029796875 0.103888609375 0.4203179046875 0.0761220265625 0.3640991453125 0.069951675 0.37232628125 0.0969469640625 0.434029796875
3 0.09154790625 0.4258026609375 0.1000321390625 0.434029796875 0.130112603125 0.37232628125 0.1223996640625 0.36272795625 0.09154790625 0.4258026609375
3 0.1154580171875 0.602686071875 0.12008578125 0.593087746875 0.09617566875 0.5368689890625 0.08769143593749999 0.5492096906249999 0.1154580171875 0.602686071875
3 0.1108302546875 0.6040572609375 0.11700060625 0.608170828125 0.14399589375 0.5492096906249999 0.1362829546875 0.54098255625 0.1108302546875 0.6040572609375
4 0.86796875 0.47578125 0.0640625 0.3484375
4 0.34296875 0.83984375 0.3328125 0.3203125
3 0.20234375 0.86640625 0.03046875 0.08515625
4 0.94453125 0.825 0.1109375 0.35