1 0.65703125 0.09296875 0.01875 0.02109375
3 0.66015625 0.1453125 0.0703125 0.290625
2 1 0.24161846874999998 0.7097826046875 0.2521157453125 0.7083085140625001 0.253955671875 0.7084009671875 0.28323470156249997 1 0.2714781609375 1 0.24161846874999998
2 1 0.16009363593749998 0.7109228562500001 0.172140575 0.7117001453125 0.1913022921875 1 0.1853742984375 1 0.16009363593749998
2 0.309375 0.3083223796875 0.6180813468749999 0.279020675 0.6163898015625 0.25680002343749997 0.309375 0.2877462046875 0.309375 0.3083223796875
2 0.309375 0.22283706250000002 0.6195914109375 0.1932928828125 0.619153115625 0.172460165625 0.309375 0.19902497187499998 0.309375 0.22283706250000002
1 0.20859375 0.70078125 0.01796875 0.0296875
1 0.22109375 0.5515625 0.01484375 0.03359375
1 0.21953125 0.58203125 0.01796875 0.02734375
1 0.2171875 0.6109375 0.01875 0.025
1 0.2140625 0.6390625 0.01875 0.0265625
1 0.2109375 0.66796875 0.01796875 0.02890625
3 0.21484375 0.6453125 0.0671875 0.3125
4 0.2515625 0.74453125 0.115625 0.5109375
3 0.52578125 0.79140625 0.0390625 0.209375
4 0.80234375 0.74453125 0.1671875 0.5109375