4 0.0953125 0.25625 0.115625 0.30625
3 0.08515625 0.16875 0.01875 0.0484375
3 0.13984375 0.18671875 0.01875 0.07890625
3 0.13984375 0.28203125 0.021875 0.06328125
3 0.14140625 0.3703125 0.021875 0.05234375
3 0.08046875 0.26015625 0.01875 0.06484375
3 0.0703125 0.3578125 0.0171875 0.07734375
4 0.76171875 0.36171875 0.0609375 0.0953125
4 0.4 0.49453125 0.03125 0.1703125
4 0.3328125 0.46015625 0.0125 0.1015625
3 0.50505143125 0.409375 0.5165526703125 0.43090013125000004 0.5220583640625 0.42670126562500005 0.5133703390625 0.409375 0.50505143125 0.409375
3 0.520840975 0.409375 0.5102605015624999 0.4288006984375 0.5161594328125 0.43509899843750005 0.5315186234375 0.409375 0.520840975 0.409375
3 0.5314966546875 0.543569678125 0.5366090375 0.5393708125 0.5122268 0.4917836875 0.5066294109375 0.499306103125 0.5067211421875 0.5015810203125 0.5314966546875 0.543569678125
3 0.532676440625 0.5456691109375 0.55548561875 0.5050800859375 0.5550923812499999 0.504380284375 0.5484069015624999 0.49528272031250004 0.526777509375 0.5372713796874999 0.532676440625 0.5456691109375