4 0.3697920140625 0 0.3479169453125 0.359375 0.46508023437499996 0.359375 0.46625533125 0 0.3697920140625 0
3 0.3609375 0.33203125 0.015625 0.0546875
3 0.3703125 0.159375 0.01640625 0.09296875
3 0.47109375 0.1875 0.015625 0.11640625
2 0 0.359375 0.0223951890625 0.359375 0.39089660625 0.2554524734375 0.3913645421875 0.23369683125 0 0.339670403125 0 0.359375
2 0 0.060099006249999996 0.225252284375 0.044314307812499995 0.22379761406249998 0.036222428125 0 0.05204969375 0 0.060099006249999996
3 0.214091134375 0 0.22334863125 0.041986003125 0.2304849359375 0.037318503125 0.22252213593749998 0 0.214091134375 0
0 0.1428358125 0.359375 0.3033187796875 1 0.4918997015625 1 0.26830311406249996 0.359375 0.1428358125 0.359375
3 0.74296875 0.753125 0.015625 0.0828125
3 0.7484375 0.52109375 0.0140625 0.08828125
3 0.67265625 0.45859375 0.01015625 0.0625
4 0.6765530078124999 0.359375 0.6258800828125 1 0.747109759375 1 0.7511657765625 0.359375 0.6765530078124999 0.359375
2 1 0.8218943515625 0.7530362453125 0.7866611234375 0.7535500421875 0.8057953093750001 1 0.8380762453124999 1 0.8218943515625
3 0.6625 0.62421875 0.0078125 0.05703125