4 0.7808574953125 0.46875 0.7741307546875 0.155317196875 0.7241101078125001 0.1516840515625 0.7051756671875 0.46875 0.7808574953125 0.46875
3 0.72734375 0.27109375 0.01640625 0.06875
3 0.7640625 0.271875 0.015625 0.07109375
3 0.528679721875 0 0.5595845078125 0.10999037812500001 0.5741627828125 0.1007253625 0.5486514687499999 0 0.528679721875 0
3 0.585931096875 0 0.5502128 0.0988723921875 0.5637497421875 0.121108365625 0.6012365734375 0.0228994578125 0.60227790625 0.017340464062499998 0.590909209375 0 0.585931096875 0
3 0.5450063265625 0.38794003906249996 0.51168473125 0.2860251921875 0.5106433984375001 0.27490720468749996 0.4971064546875 0.28787816093749996 0.531469384375 0.399058025 0.5450063265625 0.38794003906249996
3 0.5377171890625 0.4157350046875 0.5710388796875 0.2823191671875 0.5637497421875 0.2804661984375 0.5564606046875 0.276760175 0.525221578125 0.3972050546875 0.5377171890625 0.4157350046875
4 0.00625 0.58046875 0.0125 0.1265625
4 0.440625 0.7765625 0.096875 0.446875
3 0.975 0.63828125 0.03984375 0.13125
4 0.94453125 0.734375 0.1109375 0.53125