4 0.1671875 0.25078125 0.0453125 0.22265625
3 0.5117525546875 0.1211444953125 0.5208960265625 0.1178934828125 0.4910273515625 0.046371212499999995 0.4861508328125 0.055040578124999996 0.5117525546875 0.1211444953125
3 0.5068760359375 0.1168098125 0.5160195078125 0.12222816562500001 0.5464977484375 0.0669609578125 0.5391829703125001 0.0604589328125 0.5068760359375 0.1168098125
3 0.529429934375 0.3042848546875 0.5404021 0.30103384218749996 0.51236211875 0.2360135953125 0.50565690625 0.24359929062500002 0.529429934375 0.3042848546875
3 0.5251629796875 0.2999501703125 0.5336968875 0.3042848546875 0.5592986093750001 0.246850303125 0.5519838312500001 0.2403482796875 0.5251629796875 0.2999501703125
1 0.92734375 0.084375 0.05703125 0.03125
3 0.91640625 0.19453125 0.1671875 0.3890625
3 0.6004707515625001 0 0.5890625 0.015961681250000002 0.5890625 0.27579714843750003 0.7847436953125 0 0.6004707515625001 0
2 1 0.2997655515625 0.5890625 0.158689359375 0.5890625 0.2186760359375 1 0.355908740625 1 0.2997655515625
3 0.52421875 0.6234375 0.1296875 0.26875
0 1 0.7636073203125 0.8842760734375 0.7238549734374999 0.8847043046875 0.7194244359375 0.5890625 0.8317224484375 0.5890625 0.8508453187499999 1 0.94423624375 1 0.7636073203125