4 0.68665290625 1 0.689776809375 0.0446297421875 0.5950183984375 0.0409237859375 0.53670558125 0.9989170578125 0.683529003125 0.99521114375 0.68665290625 1
3 0.57578125 0.57578125 0.01015625 0.0765625
3 0.584375 0.41484375 0.015625 0.0796875
3 0.6890625 0.4703125 0.015625 0.08671875
3 0.6859375 0.68671875 0.01796875 0.10703125
3 0.59375 0.2296875 0.01640625 0.09296875
3 0.69453125 0.2578125 0.015625 0.11640625
2 0.1524689515625 1 0.6844693640624999 0.734463709375 0.6850798124999999 0.7205620515625 0.1221518125 1 0.1524689515625 1
2 1 0.7089413234374999 0.6945390609375 0.7141562453125 0.6913733734374999 0.7342188109375 1 0.730209178125 1 0.7089413234374999
2 0 0.791174790625 0.570172346875 0.5695405906250001 0.5733083234375 0.5503279703125 0 0.7728937499999999 0 0.791174790625
2 0 0.8514729296875 0.5725439125 0.6137521828125 0.574580540625 0.5995864171874999 0 0.833499215625 0 0.8514729296875
2 0.6143341062500001 0.3257649734375 0.6148020421875 0.30400933124999996 0.00338065625 0.46956982812500003 0.0041034750000000005 0.4978585015625 0.6143341062500001 0.3257649734375
2 0 0.1460690328125 0.44868978437499996 0.11462680781250001 0.44723511406250005 0.10653492812500001 0 0.138163990625 0 0.1460690328125
3 0.44678613125 0.112298503125 0.4539224359375 0.107631003125 0.44061682031249993 0.045272825 0.4328673671875 0.0491720125 0.44678613125 0.112298503125