4 0.459375 0.5390625 0.459375 0 0.4011619890625 0 0.36929589375 0.5390625 0.459375 0.5390625
3 0.38984375 0.50625 0.0296875 0.065625
3 0.4125 0.1921875 0.0265625 0.146875
2 0.2941374921875 0.5390625 0 0.4157797203125 0 0.440414115625 0.23378062812499997 0.5390625 0.2941374921875 0.5390625
2 0 0.2448736984375 0.37890089531250004 0.34554382031249997 0.383623453125 0.3171305203125 0.38395356875000003 0.312599925 0 0.20812071406250002 0 0.2448736984375
2 0 0.18998048125 0.38608615625 0.263976696875 0.38608615625 0.2339662390625 0 0.168220015625 0 0.18998048125
1 0.49296875 0.2390625 0.059375 0.071875
1 0.48359375 0.31171875 0.0484375 0.0703125
1 0.48125 0.384375 0.04375 0.078125
1 0.47734375 0.47421875 0.0359375 0.0859375
3 0.52578125 0.26953125 0.1328125 0.5390625
0 0.3359375 0.62265625 0.246875 0.1671875
4 0.74921875 0.76953125 0.2609375 0.4609375
3 0.86640625 0.940625 0.0203125 0.11875
3 0.7015625 0.7546875 0.01328125 0.14921875
3 0.63125 0.6484375 0.0109375 0.10625