3 0.28125 0.328125 0.009375 0.04375
3 0.29375 0.15234375 0.01171875 0.0890625
3 0.365625 0.26953125 0.0125 0.0734375
3 0.36953125 0.1078125 0.0125 0.06953125
4 0.31484375 0.175 0.1171875 0.35
4 0.9359375 0.175 0.128125 0.35
3 0.858128134375 0.177797771875 0.8662619312500001 0.185523515625 0.8856775796875 0.0699147609375 0.877134925 0.0642796953125 0.858128134375 0.177797771875
4 0.275 0.675 0.55 0.65
3 0.534375 0.61640625 0.03125 0.2765625
4 0.81484375 0.675 0.1296875 0.65
4 0.6890625 0.6390625 0.096875 0.578125
3 0.8703125 0.69921875 0.01953125 0.25703125
3 0.79609375 0.5875 0.02734375 0.13515625