3 0.83984375 0.3578125 0.009375 0.04921875
3 0.8328125 0.45546875 0.0125 0.05078125
3 0.87734375 0.3703125 0.0078125 0.04375
3 0.87734375 0.4578125 0.0078125 0.0515625
4 0.14609375 0.44453125 0.0390625 0.24453125
4 0.01171875 0.40078125 0.0234375 0.1546875
4 0.84375 0.60859375 0.10546875 0.7046875
3 0.6831022124999999 0.1311707546875 0.6710333937499999 0.1419090734375 0.6960246140625 0.2327059328125 0.7074788921875 0.21973497812499998 0.6831022124999999 0.1311707546875
3 0.6616616859375 0.32906178750000004 0.6481247421874999 0.3401797734375 0.6751985328125001 0.4217117015625 0.68665290625 0.40874074531250004 0.6627029234374999 0.32350279375 0.6616616859375 0.32906178750000004
3 0.707697265625 0.35158917500000003 0.6949832812500001 0.3346207796875 0.6679094906249999 0.410593715625 0.67936376875 0.42541772499999997 0.707697265625 0.35158917500000003
3 0.6887354765625 0.2252939703125 0.70227241875 0.2382649265625 0.7230984046875 0.1789689703125 0.727263640625 0.1715570078125 0.7158092671875 0.14932103593749999 0.6887354765625 0.2252939703125
3 0.6887354765625 0.6162764640625 0.6991485171875 0.6033055078125 0.67207463125 0.525479603125 0.6710333937499999 0.519920609375 0.6595790203125 0.531038596875 0.6887354765625 0.6162764640625
3 0.6741572953125 0.6088644999999999 0.6856115734375 0.62924741875 0.7158092671875 0.5495685453125 0.7189331703125 0.545862521875 0.705396321875 0.5291855421875 0.6741572953125 0.6088644999999999