4 0.4625 0.3921875 0.0421875 0.18671875
4 0.39375 0.3703125 0.015625 0.10625
3 0.6243454875000001 0.2467734015625 0.6289142765625 0.2515114046875 0.650235290625 0.21293052499999998 0.6475701625 0.20683880625 0.6243454875000001 0.2467734015625
3 0.6277720796875 0.250157690625 0.6327216 0.2467734015625 0.6098776578125 0.2075156640625 0.6075932640625 0.2142842390625 0.6277720796875 0.250157690625
3 0.60721253125 0.3645466171875 0.6133042484375 0.359808615625 0.59046030625 0.318520303125 0.587033715625 0.32664259375000004 0.60721253125 0.3645466171875
3 0.6037859390625 0.359808615625 0.609496925 0.3645466171875 0.6308179390624999 0.324612021875 0.6266298828125 0.3205508765625 0.6037859390625 0.359808615625
3 0.04453125 0.9421875 0.0546875 0.115625
4 0.7 1 0.7 0.7573291765625 0.27153421093749996 0.75847819375 0.1741275046875 0.5738856234374999 0.1211025859375 0.5732875500000001 0.11746698281250001 0.5675511875 0.16938150000000002 0.7642402796875001 0.0256808828125 0.879462725 0.21468505000000002 0.8836106562499999 0.2326127984375 1 0.7 1
2 0 0.6646427765625 0.10912672187500001 0.6007968109374999 0.106840559375 0.5643582687500001 0.1098912984375 0.5607473453125 0 0.614120446875 0 0.6646427765625
2 0.16533924375 1 0.22039231250000002 0.9428174171875 0.21812804218749998 0.9302516609375001 0.1455774765625 1 0.16533924375 1
3 0.5886072 1 0.62095100625 0.9548390999999998 0.6098172765625 0.9346225921875 0.5640161546875 1 0.5886072 1
3 0.40714988124999996 1 0.36663318125 0.9451703359374999 0.357257409375 0.9574760359375001 0.38864414375 1 0.40714988124999996 1
3 0.71015625 0.7265625 0.0203125 0.265625
4 0.9296875 0.74453125 0.140625 0.5109375