4 0.20390625 0.32265625 0.04453125 0.21796875
4 0.1171875 0.30390625 0.0265625 0.121875
3 0.614987003125 0.3567095265625 0.6122096484374999 0.354732634375 0.646648453125 0.431831740625 0.659424109375 0.42590104218749997 0.621652571875 0.34682504375 0.614987003125 0.3567095265625
3 0.6816426890624999 0.358686440625 0.640538315625 0.423924128125 0.653314021875 0.43677395937499996 0.692196471875 0.37549010312500003 0.6916410421875 0.3735131875 0.6816426890624999 0.358686440625
3 0.6777007390625001 0.6 0.646648453125 0.5286997906249999 0.6366501015624999 0.5415496671875 0.63831649375 0.5445150171875001 0.6645077359375 0.6 0.6777007390625001 0.6
3 0.6877823890625001 0.6 0.7171923546875 0.552422584375 0.7177478359375 0.552422584375 0.705527609375 0.5405611875 0.6702700515625001 0.6 0.6877823890625001 0.6
5 0.175414078125 0.6295399078124999 0.16391189374999998 0.6123133796875 0.143207959375 0.606571203125 0.11215205937499999 0.6137489234375 0.10410052968750001 0.633846540625 0.113302278125 0.6582507890625 0.0868472515625 0.6582507890625 0.08799746875 0.6769128625 0.1029503109375 0.691268303125 0.12020358906249999 0.6970104796875 0.146658615625 0.6970104796875 0.1731136421875 0.6826550390625 0.18346560781250001 0.6525086124999999 0.175414078125 0.6295399078124999
4 0.590625 0.68046875 0.04375 0.1609375
3 0.91938784375 0.75440249375 0.9266402015625002 0.7485420031250001 0.8969714640625 0.6887649890625 0.8890598000000001 0.70283016875 0.91938784375 0.75440249375
3 0.91477270625 0.7532303953125 0.9226843703124998 0.7579187890625001 0.9523531078125 0.6981417765625 0.9464193609375 0.6887649890625 0.91477270625 0.7532303953125
3 0.93652978125 0.9395940250000001 0.943122834375 0.9302172390625 0.9154320125 0.8739565203125 0.9094982640625 0.88333330625 0.93652978125 0.9395940250000001
3 0.9305960343749999 0.9360777296875 0.9371890875 0.9407661234375 0.9661985203124999 0.8739565203125 0.9589461609375001 0.86692393125 0.9305960343749999 0.9360777296875