3 0.596875 0.321875 0.00625 0.059375
3 0.59296875 0.41015625 0.0140625 0.0578125
4 0.05546875 0.33515625 0.0453125 0.2078125
3 0.4097534953125 0 0.427026340625 0.0453630265625 0.43556024843749996 0.0399446734375 0.4205809953125 0 0.4097534953125 0
3 0.442368590625 0 0.42275938750000003 0.0399446734375 0.42885503593749996 0.04427935625 0.451846240625 0 0.442368590625 0
3 0.4008150546875 0.2133319953125 0.4099585265625 0.2100809828125 0.3800898515625 0.13855871250000001 0.37521333281249997 0.147228078125 0.4008150546875 0.2133319953125
3 0.3959385359375 0.20899731250000003 0.4050820078125 0.21441566562499997 0.43556024843749996 0.1591484578125 0.42824547031250004 0.1526464328125 0.3959385359375 0.20899731250000003
3 0.41849243437499994 0.39647235468750003 0.42946460000000003 0.3932213421875 0.40142461875 0.32820109531249997 0.39471940625 0.335786790625 0.41849243437499994 0.39647235468750003
3 0.4142254796875 0.3921376703125 0.42275938750000003 0.39647235468750003 0.44836110937500007 0.339037803125 0.44104633125000003 0.33253577968750003 0.4142254796875 0.3921376703125
3 0.604848553125 0 0.6 0.0116553890625 0.6 0.093993840625 0.63930813125 0 0.604848553125 0
1 0.43828125 0.6609375 0.04609375 0.0203125
1 0.45390625 0.81796875 0.0453125 0.025
3 0.44140625 0.7296875 0.1640625 0.3875
3 0.6 0.4390625 0.6 0.8147926406250001 0.7159128171875 0.8159683484375 0.803029396875 0.4390625 0.6 0.4390625