3 0.45390625 0.296875 0.009375 0.04921875
3 0.446875 0.39453125 0.0125 0.05078125
3 0.49140625 0.309375 0.0078125 0.04375
3 0.49140625 0.396875 0.0078125 0.0515625
4 0.45703125 0.3625 0.1046875 0.334375
3 0.3100871140625 0.1717684328125 0.3215413921875 0.158797478125 0.2971647125 0.0702332546875 0.28509589375 0.0809715734375 0.3100871140625 0.1717684328125
3 0.2621872421875 0.2792422734375 0.2892610328125 0.3607742015625 0.30071540625000004 0.3478032453125 0.2767654234375 0.26256529375 0.27572418593750003 0.2681242875 0.2621872421875 0.2792422734375
3 0.281971990625 0.349656215625 0.29342626875 0.364480225 0.321759765625 0.290651675 0.30904578125 0.2736832796875 0.281971990625 0.349656215625
3 0.31633491875 0.1773274265625 0.33716090468750004 0.11803147031250001 0.341326140625 0.1106195078125 0.3298717671875 0.08838353593750001 0.3027979765625 0.1643564703125 0.31633491875 0.1773274265625
3 0.308799753125 0.5296875 0.28613713125 0.464542103125 0.28509589375 0.458983109375 0.2736415203125 0.470101096875 0.2940236390625 0.5296875 0.308799753125 0.5296875
3 0.31431167968749996 0.5296875 0.3298717671875 0.48863104531249996 0.3329956703125 0.484925021875 0.31945882187499997 0.4682480421875 0.2953707953125 0.5296875 0.31431167968749996 0.5296875
1 0.83984375 0.12421875 0.0203125 0.01640625
3 0.8421875 0.178125 0.084375 0.35625
2 1 0.26641735624999996 0.559375 0.400021471875 0.559375 0.43585581875 1 0.3053806640625 1 0.26641735624999996
2 1 0.1405822046875 0.798902175 0.1863696078125 0.559375 0.2465502 0.559375 0.2779673046875 0.6816615578125 0.2439473578125 1 0.1703796890625 1 0.1405822046875
3 0.678125 0.15703125 0.03671875 0.12109375
1 0.203125 0.90703125 0.02578125 0.02109375
3 0.19609375 0.84453125 0.0828125 0.3109375
0 0.559375 0.5296875 0.559375 0.58693403125 0.970561828125 0.7218471015625 1 0.67983823125 1 0.5373762515625 0.990730709375 0.5296875 0.559375 0.5296875