3 0.53125 0.246875 0.0203125 0.15703125
3 0.51015625 0.621875 0.02734375 0.1546875
3 0.49375 0.95078125 0.02578125 0.0984375
3 0.63359375 0.51171875 0.01953125 0.1125
3 0.6390625 0.23984375 0.021875 0.1234375
4 0.57421875 0.5 0.1890625 1
2 0.6819914640625 0.781664978125 0.6775646203125001 0.8322386984374999 0.96474645 1 0.9707416390624999 0.938191475 0.6819914640625 0.781664978125
2 1 0.48630606875 0.694223765625 0.3730298234375 0.6942129687499999 0.3726660984375 0.6942688171875 0.4008750390625 1 0.5213717234375 1 0.48630606875
2 0.68237840625 0.5634643015624999 0.6825906765624999 0.5965132140625 1 0.7479013046875 0.9996438968750001 0.6817954 0.68237840625 0.5634643015624999
2 0.6838062203125 0.2956773921875 0.6837641875 0.3214849171875 0.9980758234374999 0.4400633703125 0.996887725 0.395807609375 0.6838062203125 0.2956773921875
2 0.7855417625000001 0.0882766296875 0.7859052640625 0.1196512734375 0.996965059375 0.13985811406249998 0.9956577890625 0.09472052656249999 0.7855417625000001 0.0882766296875
2 0.013479101562500002 0.8194321999999999 0.010372603125000001 0.8754519437500001 0.411663384375 1 0.4052979109375 0.9597434796875 0.013479101562500002 0.8194321999999999
2 0.44586387343749995 0.776753909375 0.47553093124999996 0.7736332765625 0.4679645 0.7373021921875 0.008711165625 0.6422802234375 0.00829904375 0.6657794781249999 0.44586387343749995 0.776753909375
2 0.36050023593749997 0.6763912984375 0.46626010312500005 0.690044690625 0.4655162609375 0.6656692078125 0.017392096875 0.60290038125 0.01490915625 0.63188426875 0.36050023593749997 0.6763912984375