3 0.25234375 0.18984375 0.00859375 0.0484375
3 0.2578125 0.3859375 0.00859375 0.0390625
3 0.18359375 0.25390625 0.00859375 0.04765625
3 0.1890625 0.16796875 0.00859375 0.046875
3 0.1796875 0.34140625 0.00703125 0.04140625
4 0.252025934375 0.5296875 0.24746650781250001 0.3958527421875 0.2698620375 0.373780534375 0.24884470468750003 0.0923598875 0.18958273125 0.08532197500000001 0.1654645125 0.319704753125 0.1899272890625 0.3485212421875 0.178673015625 0.5296875 0.252025934375 0.5296875
3 0.465625 0.76484375 0.0359375 0.225
4 0.29765625 0.76484375 0.2078125 0.4703125
3 0.04375 0.6921875 0.046875 0.2765625
2 0 0.9876011515624998 0.3925075453125 0.893203603125 0.369639459375 0.8804993843750001 0 0.9669256265625 0 0.9876011515624998
2 0 0.8677912687500001 0.0477718484375 0.8529335281249999 0.0459199140625 0.8335460359375 0 0.84647614375 0 0.8677912687500001
2 0.4118184421875 0.87668814375 0.0657759640625 0.8392192421875 0.0640324484375 0.8576317984375 0.4003844515625 0.893203603125 0.4118184421875 0.87668814375