3 0.20078125 0.2515625 0.021875 0.14609375
3 0.48671875 0.38359375 0.0390625 0.221875
4 0.33828125 0.275 0.3046875 0.55
4 1 0.55 1 0.3216975578125 0.6855967109375001 0.32254069375 0.5881900046874999 0.13794812343750001 0.5351650859375 0.13735005 0.5315294828125 0.1316136875 0.583444 0.3283027796875 0.5296875 0.371405971875 0.5296875 0.44549916093749997 0.62874755 0.44767315625000004 0.6445092156250001 0.55 1 0.55
2 0.5929405484375 0.55 0.6344548125 0.5068799171875 0.6321905421875 0.4943141609375 0.5742674546875 0.55 0.5929405484375 0.55
3 0.8108208140625 0.55 0.78069568125 0.5092328359375 0.7713199093750001 0.5215385359375 0.7923271796875 0.55 0.8108208140625 0.55
3 0.51640625 0.7734375 0.0109375 0.0671875
3 0.509375 0.89921875 0.0109375 0.0546875
3 0.52265625 0.6359375 0.0140625 0.05
4 0.5296875 1 0.5296875 0.55 0.52451625 0.55 0.4962054125 1 0.5296875 1
3 0.3211404671875 0.837470821875 0.326865159375 0.829287959375 0.296828 0.7518291093749999 0.2898674671875 0.7598011859375 0.3211404671875 0.837470821875
3 0.320603871875 0.8284745359375 0.32728470781249996 0.83573588125 0.355468865625 0.7349202015625 0.3470718390625 0.7286695546875 0.320603871875 0.8284745359375
0 1 0.6789498187499999 0.5296875 0.760861171875 0.5296875 0.8422466500000001 1 0.802596884375 1 0.6789498187499999