3 0.45390625 0.38828125 0.01328125 0.05546875
3 0.4609375 0.265625 0.01015625 0.0609375
3 0.46640625 0.1375 0.0109375 0.05078125
2 0 0.24054368906249998 0.265625 0.18315972187500001 0.26875 0.1359375 0 0.2130296875 0 0.24054368906249998
2 0.4665365203125 0.1747978515625 0.46059966250000006 0.1452454921875 0.286056040625 0.1452454921875 0.2777444390625 0.1663543203125 0.4665365203125 0.1747978515625
3 0.2607341546875 0.035635390625 0.25728690625 0.0315489953125 0.2388542203125 0.054992671874999996 0.271958034375 0.1574452921875 0.30939198125 0.0755630359375 0.2923677 0.054759081249999994 0.275555296875 0.117178575 0.2607341546875 0.035635390625
3 0.2997099984375 0.4296875 0.3204251953125 0.38147433125 0.3030618875 0.3634733421875 0.28973651718750004 0.4218088640625 0.2733477484375 0.36195127656250004 0.269110803125 0.35972092187500004 0.25545057656250003 0.38962711875 0.27338412343749996 0.4296875 0.2997099984375 0.4296875
3 0.78984375 0.3296875 0.01796875 0.1109375
3 0.80625 0.06171875 0.01640625 0.10859375
4 0.7796875 0.21484375 0.1375 0.4296875
0 0.4796875 0.5101164734375 0.46646490468749996 0.46392587812499997 0.44455441875 0.47171908125 0.44543092656249994 0.47171908125 0.2298312953125 0.6275828390625 0.2570003265625 0.671224653125 0.4796875 0.5555306796874999 0.4796875 0.5101164734375