3 0.840625 0.41171875 0.00859375 0.05546875
3 0.878125 0.4203125 0.0125 0.053125
4 0.14765625 0.45703125 0.04296875 0.26015625
4 0.0109375 0.4078125 0.01875 0.14453125
3 0.13515625 0.39921875 0.00390625 0.015625
3 0.16171875 0.4 0.003125 0.0171875
3 0.16328125 0.42890625 0.003125 0.01640625
3 0.1328125 0.42734375 0.00390625 0.0171875
4 0.8453125 0.65703125 0.10859375 0.67890625
3 0.68769414375 0.20491096718750001 0.6710333937499999 0.21417598437500002 0.698107184375 0.30311987500000004 0.708520225 0.288295865625 0.68769414375 0.20676393750000002 0.68769414375 0.20491096718750001
3 0.7147680296875001 0.2252939703125 0.690818046875 0.27903084843750003 0.7012310859374999 0.3049728453125 0.728304878125 0.2382649265625 0.7189331703125 0.21973497812499998 0.7147680296875001 0.2252939703125
3 0.6512486453124999 0.414248175 0.6783224359375 0.49578001875 0.68769414375 0.49022102500000003 0.6637442546875 0.395718140625 0.6512486453124999 0.414248175
3 0.7063684796875 0.41816354687499996 0.6960246140625 0.40683612656249996 0.668950728125 0.47725006875 0.6783224359375 0.503192065625 0.7063684796875 0.41816354687499996
3 0.684570240625 0.6736678 0.6960246140625 0.6625498140625 0.676239865625 0.5828709390625 0.6751985328125001 0.5884299328125 0.660620353125 0.6088129359375001 0.684570240625 0.6736678
3 0.71265200625 0.6237246125 0.7001897546875 0.60325394375 0.6772811984375 0.6718148312500001 0.6887354765625 0.6866388406249999 0.71265200625 0.6237246125