3 0.60703125 0.4078125 0.0046875 0.05625
3 0.60390625 0.5328125 0.0109375 0.053125
4 0.43671875 0.31484375 0.1453125 0.6296875
3 0.442586140625 0.279839790625 0.45089067031249996 0.2735174171875 0.42403753125000004 0.17346758125 0.415918071875 0.1815903296875 0.442586140625 0.279839790625
3 0.4414490609375 0.2723908671875 0.44973878593750005 0.2782631453125 0.4763624359375 0.192242553125 0.46746567812500006 0.1836118046875 0.4414490609375 0.2723908671875
3 0.41548870625 0.5778256921875 0.4218684921875 0.569271275 0.391697390625 0.4882043484375 0.38521692500000004 0.49424508281249996 0.41548870625 0.5778256921875
3 0.41424502656250006 0.5757936890625001 0.42204319999999995 0.578815371875 0.44941157968749995 0.477525803125 0.4413128484375 0.4699873859375 0.41424502656250006 0.5757936890625001
5 1 0.12486503593750001 0.94033203125 0.1171875 0.9107994250000001 0.128125 0.8295828203125 0.1203125 0.8441601593750001 0.1515625 0.9024695156250001 0.16875 0.91704685625 0.215625 0.9545314421875 0.2453125 0.9753562125 0.2828125 1 0.283968153125 1 0.12486503593750001
4 0.11015625 0.81484375 0.0921875 0.3703125
4 0.6875 0.92109375 0.08125 0.1578125
4 0.628125 0.78046875 0.03359375 0.1671875
2 0.8694400281250001 1 0.7030693125 0.913185265625 0.7016146859375001 0.9267943328125 0.8438945015625 1 0.8694400281250001 1
2 0.9860174765625 1 0.6994143421875 0.854705734375 0.6975525734375 0.8690103718750001 0.9516845671875 1 0.9860174765625 1
4 0.65078125 0.80625 0.0203125 0.09140625
2 1 0.9430712828125 0.664239565625 0.7702961375 0.6608958796875 0.7979842828125 1 0.9693726515625001 1 0.9430712828125