3 0 0.29792195781249997 0.007580190624999999 0.3140217078125 0.013720817187500001 0.30650922187499996 0 0.2739542484375 0 0.29792195781249997
3 0.0332940234375 0.2600684609375 0.0029747312500000003 0.3078751359375 0.007580190624999999 0.318802365625 0.0405859796875 0.268263890625 0.041353579687499996 0.2675809328125 0.0332940234375 0.2600684609375
3 0.0006720015625 0.39392714375 0.0010558015625 0.3946100859375 0.0260020328125 0.449929234375 0.032910223437500004 0.4465144921875 0.0060450265625 0.387780571875 0.0006720015625 0.39392714375
3 0.0520996296875 0.3973419171875 0.019861407812500002 0.4492462921875 0.025618232812500003 0.45334400625000004 0.060926785937500005 0.407586203125 0.061694351562500006 0.407586203125 0.0520996296875 0.3973419171875
3 0.0325264234375 0.5277503359375 0.0029747312500000003 0.5762399703125001 0.007580190624999999 0.58648425625 0.037899484375 0.5393605375 0.0394346140625 0.5393605375 0.0325264234375 0.5277503359375
3 0 0.5721078390625001 0.006428826562499999 0.5858013140625 0.0114180875 0.5782888265625 0 0.5513033125 0 0.5721078390625001
3 0.5958368375 0 0.587233959375 0.0111229125 0.6167323859375 0.11446380625000001 0.6271435953125 0.10829420000000001 0.597114834375 0 0.5958368375 0
3 0.614129584375 0.111379003125 0.6245407937499999 0.125260615625 0.6653180296875 0.014207715625 0.6549068203124999 0.0034109062500000003 0.614129584375 0.111379003125
3 0.6470984140625 0.4615041203125 0.6575096234375 0.4800129375 0.704360065625 0.3859264515625 0.6930812546875 0.3720448390625 0.6470984140625 0.4615041203125
3 0.6479660140625001 0.47230092968750004 0.6609800265625 0.4615041203125 0.62540839375 0.33502720625000004 0.6158647859374999 0.3442816140625 0.6479660140625001 0.47230092968750004
0 0.46875 1 0.46875 0.893270578125 0.0483385734375 0.7488549734375 0.0487668046875 0.7444244359375001 0 0.7629482546874999 0 0.9319508937500001 0.299428765625 1 0.46875 1