4 0.05234375 0.4421875 0.04765625 0.25390625
3 0.76875 0.34765625 0.00703125 0.04765625
3 0.76484375 0.4453125 0.00625 0.0421875
3 0.80546875 0.4484375 0.00703125 0.04296875
3 0.80546875 0.36015625 0.00703125 0.04453125
4 0.7703125 0.60625 0.09921875 0.71015625
3 0.619765815625 0.11492124687500001 0.6033487734375 0.12523209375 0.6283399937499999 0.21046996093749998 0.6418769375 0.2030579984375 0.619765815625 0.11492124687500001
3 0.630422659375 0.22344091718749998 0.6595790203125 0.1567329984375 0.6502073125 0.13264405625 0.647083409375 0.13264405625 0.6189682859375 0.20491096718750001 0.630422659375 0.22344091718749998
3 0.609596578125 0.410593715625 0.6210509515625 0.3939167359375 0.59605973125 0.3142378625 0.59710096875 0.3105318375 0.579398884375 0.3253558484375 0.609596578125 0.410593715625
3 0.6137618140625001 0.418005678125 0.6397943671874999 0.342032828125 0.6314638968749999 0.31979685468749997 0.6283399937499999 0.32350279375 0.6002248703124999 0.397622759375 0.6137618140625001 0.418005678125
3 0.6033487734375 0.5162145859375 0.592935828125 0.5273325718749999 0.6168857156249999 0.6051584765625 0.62729875625 0.5958934593749999 0.6033487734375 0.5088026234374999 0.6033487734375 0.5162145859375
3 0.6459996390625 0.5293243046875 0.6377117015625 0.5162145859375 0.61272048125 0.6033055078125 0.6210509515625 0.6107174703125 0.6459996390625 0.5293243046875