3 0.19609375 0.0328125 0.0234375 0.065625
3 0.2078125 0.209375 0.0265625 0.13671875
3 0.03515625 0.01796875 0.0171875 0.0359375
3 0.03046875 0.1578125 0.01875 0.10625
4 0.020959003125 0 0.010806300000000001 0.609375 0.148014875 0.609375 0.2116670953125 0.6079258359375 0.2015259515625 0 0.020959003125 0
1 0.5484375 0.046875 0.01875 0.0375
3 0.609375 0.2109375 0.140625 0.421875
4 0.59609375 0.3046875 0.1140625 0.609375
4 0.16796875 0.87421875 0.02578125 0.25
4 0.0734375 0.80625 0.01875 0.13125
1 0.67265625 0.9484375 0.05703125 0.06171875
3 0.68203125 0.8046875 0.2234375 0.390625
4 0.6546875 0.8046875 0.23125 0.390625