3 0.28046875 0.0453125 0.0140625 0.090625
3 0.2703125 0.28046875 0.015625 0.09453125
3 0.36484375 0.1625 0.01484375 0.08046875
3 0.36796875 0.0125 0.0140625 0.025
4 0.272413059375 0 0.2785198140625 0.13787374218749998 0.2541457921875 0.46875 0.374072646875 0.46875 0.3727614984375 0.2030212515625 0.375649475 0 0.272413059375 0
3 0.971875 0.0140625 0.009375 0.028125
3 0.96640625 0.09296875 0.01015625 0.04296875
4 0.9625 0.234375 0.075 0.46875
3 0.7976406734375 0 0.8158421890625001 0.0539827421875 0.8262552296875001 0.044717725 0.8125979593749999 0 0.7976406734375 0
3 0.824705565625 0 0.8075118140624999 0.044717725 0.8168835218750001 0.063247759375 0.8444288703125 0 0.824705565625 0
3 0.8059455281249999 0.15062728281249999 0.7950162031250001 0.1596036125 0.82937913125 0.2504004734375 0.839792171875 0.2374295171875 0.8059455281249999 0.15062728281249999
3 0.85316586875 0.1798018609375 0.8418747421875 0.1670155765625 0.8116770484375 0.24484148125 0.825213896875 0.261518459375 0.85316586875 0.1798018609375
3 0.4415114953125 0.46875 0.4548981046875 0.5205359671875 0.467393715625 0.50941798125 0.45747614687500004 0.46875 0.4415114953125 0.46875
3 0.46440002500000005 0.46875 0.44760906250000004 0.51127095 0.46010467187500004 0.529800984375 0.48392953906249997 0.46875 0.46440002500000005 0.46875
3 0.4207439984375 0.6101636046875 0.40803956562500004 0.6205978453125 0.4361546890625 0.7039827421875 0.44656772968749997 0.6947177250000001 0.4207439984375 0.6101636046875
3 0.4548981046875 0.62430386875 0.42782431406250004 0.6947177250000001 0.437196021875 0.713247759375 0.4694763796875 0.63912779375 0.467393715625 0.6428338171875 0.4548981046875 0.62430386875
3 0.426258028125 0.8006272828125001 0.415328703125 0.8096036124999999 0.44969163125 0.9004004734375 0.46010467187500004 0.8874295171875 0.426258028125 0.8006272828125001
3 0.47347836875000004 0.8298018609375 0.46218724218749996 0.8170155765625001 0.43198954843750004 0.8948414812500001 0.44552639687499995 0.911518459375 0.47347836875000004 0.8298018609375
4 0.6159061593749999 0.46875 0.5533505796875 0.95883436875 0.5515791343750001 1 0.6216345765625 1 0.7388837203125 0.46875 0.6159061593749999 0.46875