4 0.159375 0.35703125 0.090625 0.3453125
3 0.374647209375 0.4962449140625 0.38065686875 0.4905832640625 0.354850621875 0.433337678125 0.348487440625 0.4427737609375 0.374647209375 0.4962449140625
3 0.400099934375 0.44654819375 0.371112096875 0.49247048125 0.376061228125 0.5006484375 0.4054025859375 0.4534680265625 0.40681660468749997 0.4534680265625 0.400099934375 0.44654819375
3 0.3682840265625 0.3119267609375 0.3693445578125 0.3119267609375 0.39550429375 0.3647688234375 0.40222099531250005 0.35784901874999997 0.373586678125 0.3050069578125 0.3682840265625 0.3119267609375
3 0.4206939046875 0.310534203125 0.420250009375 0.3106686078125 0.3902016421875 0.35659089375 0.395150771875 0.3672851015625 0.42696667968749996 0.32073378125 0.4206939046875 0.310534203125
3 0.349547971875 0.16724015625 0.34778043125 0.16975644843749998 0.3739401671875 0.225743865625 0.3803033484375 0.21882409218749999 0.3537900921875 0.163465721875 0.349547971875 0.16724015625
3 0.39868588437499997 0.1754180984375 0.3704050875 0.2232275875 0.37676826874999997 0.230776453125 0.405049065625 0.1829669640625 0.40434205624999997 0.1823378875 0.39868588437499997 0.1754180984375
4 0.65703125 0.290625 0.04453125 0.21328125
3 1 0.16833291718750001 0.9902872859375 0.1465435484375 0.9843535390625 0.1547482359375 1 0.190026978125 1 0.16833291718750001
3 0.9850128437500001 0.39033999375 0.9922652015625001 0.384479503125 0.9625964640625 0.3247024890625 0.9546848000000001 0.33876766875 0.9850128437500001 0.39033999375
3 1 0.3492372984375 0.98039770625 0.3891678953125 0.9883093703124999 0.39385628906250003 1 0.370301834375 1 0.3492372984375
3 0.9907991156249999 0.5296875 0.9810570125 0.5098940203125 0.9751232640625 0.51927080625 0.980128159375 0.5296875 0.9907991156249999 0.5296875
0 0.46875 0.596736503125 0.08081109843749999 0.5928051046875 0.082005021875 0.589618890625 0 0.6192456546875 0 0.7502710859375 0.19781738437500002 0.6453776578125 0.3758880203125 0.676437103125 0.46875 0.6565844046875 0.46875 0.596736503125
1 0.84453125 0.7875 0.04609375 0.0203125
1 0.86015625 0.94453125 0.0453125 0.025
3 0.84765625 0.83125 0.1640625 0.3375