3 0.32257473281250004 0.10874897343750001 0.31385190625 0.1181021984375 0.3420171109375 0.20992376250000003 0.34916671875 0.20134318593749997 0.32257473281250004 0.10874897343750001
3 0.34975407187499996 0.210365628125 0.3768084421875 0.11840088906249999 0.36904232187499997 0.1127850046875 0.34060357343750003 0.20607287031250002 0.34975407187499996 0.210365628125
3 0.2853673375 0.43352977499999995 0.2783385328125 0.4427768546875 0.3123731078125 0.5217645796875 0.31910198749999996 0.5142701515625 0.2853673375 0.43352977499999995
3 0.346883953125 0.4156132515625 0.3390900625 0.40879519843749995 0.3116566203125 0.5108463125 0.31902006250000003 0.5193158078125 0.346883953125 0.4156132515625
3 0.95703125 0.49375 0.0109375 0.0671875
3 0.99765625 0.471875 0.0046875 0.053125
3 0.96328125 0.35625 0.0140625 0.05
4 1 0.56875 1 0.24965683906249997 0.966558984375 0.2477776390625 0.9463656593749998 0.56875 1 0.56875
3 0.76975966875 0.1569635734375 0.7627915328125 0.16533830624999998 0.7891728546875 0.25479850625 0.796479971875 0.2480722359375 0.76975966875 0.1569635734375
3 0.8231577109374999 0.1685055171875 0.8157153062500001 0.1591119796875 0.7891166109375 0.2495882828125 0.7968903984375 0.2544661109375 0.8231577109374999 0.1685055171875
3 0.737453 0.47214160937500005 0.7304924671874999 0.48011368593750003 0.7617654671875 0.557783321875 0.7674901593750001 0.549600459375 0.737453 0.47214160937500005
3 0.7960938656250001 0.4552327015625 0.7876968390625001 0.4489820546875 0.761228871875 0.5487870359375 0.7679097078125 0.55604838125 0.7960938656250001 0.4552327015625
3 0.2788447953125 0.7517069234375 0.3017533515625 0.8258268046874999 0.31633162656249997 0.8128558484375 0.294464309375 0.72947095 0.288216503125 0.72947095 0.2788447953125 0.7517069234375
3 0.3236206703125 0.7480009 0.29967078125 0.8091498250000001 0.3090424890625 0.8332387671875001 0.3361162796875 0.762824909375 0.3350750421875 0.7554128625 0.3236206703125 0.7480009
3 0.29143940156250003 1 0.29238164375000003 0.9981555921874999 0.2715556578125 0.9277416515624999 0.270514325 0.9221826578125001 0.258018715625 0.9499776234375 0.275492725 1 0.29143940156250003 1
3 0.2971851171875 1 0.3142489625 0.9555366171875 0.318414196875 0.9518306781250001 0.3017533515625 0.93330064375 0.2779012171875 1 0.2971851171875 1
1 0.73671875 0.7515625 0.04296875 0.04296875
3 1 0.6063947390625 0.53766926875 0.779040278125 0.5341056015625 0.78038734375 0.6117464296875 0.8638536437500001 1 0.736715109375 1 0.6063947390625