3 0.36015625 0.2984375 0.01796875 0.1109375
3 0.37578125 0.0421875 0.0171875 0.084375
4 0.35 0.21484375 0.1375 0.4296875
1 0.77265625 0.0046875 0.0453125 0.009375
3 0.6838628171875 0 0.646076725 0.4296875 0.79601886875 0.4296875 0.826398725 0.42862592343749994 0.8631567234374999 0 0.6838628171875 0
4 0.83515625 0.21484375 0.3296875 0.4296875
3 0.27109375 0.53359375 0.009375 0.0515625
3 0.2671875 0.61484375 0.01015625 0.05234375
3 0.30390625 0.625 0.01171875 0.04453125
3 0.30234375 0.54453125 0.01328125 0.04609375
4 0.27578125 0.72265625 0.0859375 0.5546875
3 0.106783565625 0.48023215312499995 0.09248370156249999 0.494545865625 0.123722728125 0.5779307625 0.1341357671875 0.5649598078125 0.106783565625 0.48023215312499995
3 0.1547439546875 0.5072676656249999 0.14038357343750002 0.4908398421875 0.11643368437499999 0.5705188 0.1258053921875 0.5853427250000001 0.1547439546875 0.5072676656249999
4 0.9109375 0.71484375 0.178125 0.5703125
3 0.728125 0.9109375 0.046875 0.178125
2 1 0.96786270625 0.6227044359375 1 0.8143631671874999 1 1 0.9833973609375001 1 0.96786270625
2 1 0.520803825 0.997764459375 0.5195618843750001 0.5 0.635945325 0.5 0.6574775453124999 1 0.537228203125 1 0.520803825
2 0.5 0.5467025125 0.6758968484375 0.491996028125 0.6740449140625 0.4726085359375 0.5 0.521616021875 0.5 0.5467025125
2 1 0.511425634375 0.6939009640625 0.4782817421875 0.6921574484375 0.49669429843749996 1 0.529251009375 1 0.511425634375