4 0.33359375 0.440625 0.0421875 0.21875
4 0.2390625 0.42265625 0.0296875 0.1484375
4 1 0.2632819984375 0.9386477796875001 0.25772304375 0.909491228125 0.354078240625 0.9240695046875 0.5690245421875 0.8942708015624999 1 0.9011609484375 1 1 1 1 0.2632819984375
3 0.934375 0.36796875 0.0171875 0.06796875
3 0.928125 0.484375 0.0171875 0.08359375
3 0.7029280234375 0.15854431093750002 0.710443290625 0.15320012031250002 0.6788791671875 0.0757093625 0.6708628812499999 0.0792721546875 0.7029280234375 0.15854431093750002
3 0.7029280234375 0.150528025 0.7094412546875 0.1621071046875 0.741005378125 0.09886751875000001 0.7349931640625 0.0899605359375 0.7029280234375 0.150528025
3 0.6718649171875 0.3705305234375 0.6803822203125 0.364295634375 0.6443089359374999 0.289476971875 0.64030079375 0.29749325625 0.6718649171875 0.3705305234375
3 0.6713639 0.36607703125 0.67787713125 0.3740933171875 0.7114453265625 0.3081816375 0.703930059375 0.2983839546875 0.6713639 0.36607703125
3 0.6959137734375 0.59231441875 0.7019259875 0.583407434375 0.66735575625 0.512151565625 0.6618445609375 0.5246213421875 0.6959137734375 0.59231441875
3 0.6914046125 0.5878609265625 0.6989198796875 0.5932051171875 0.7319870578125001 0.5246213421875 0.724471790625 0.5148236609375 0.6914046125 0.5878609265625