3 0.103125 0.15 0.01328125 0.10078125
3 0.0921875 0.38984375 0.015625 0.09453125
3 0.18671875 0.271875 0.01484375 0.08046875
3 0.190625 0.0921875 0.01328125 0.0859375
4 0.1020698078125 0 0.09378135 0.097934903125 0.10039481406249999 0.24724874218749998 0.081775875 0.5 0.195562165625 0.5 0.1946364984375 0.3123962515625 0.19908033281249998 0 0.1020698078125 0
3 0.61875 0.44765625 0.075 0.1046875
4 0.78125 0.3359375 0.4375 0.328125
3 1 0.4204339734375 0.9972780125 0.414456146875 0.9206182625 0.48833804687500004 0.9225521515625001 0.5 0.930680740625 0.5 1 0.43508784218749996 1 0.4204339734375
3 0.901922675 0.5 0.9043611531250001 0.4913803125 0.8255372421875 0.4128607390625 0.8189344640625 0.43575795 0.88993545 0.5 0.901922675 0.5
3 0.45225603124999997 1 0.4956283765625 0.9836982656250001 0.42978201250000003 0.8823237109375001 0.10384216718749999 1 0.45225603124999997 1
3 0.129740775 0.5 0.012755115624999999 0.5556723640625 0.0106590953125 0.5559384359374999 0.0731143671875 0.6570469203125 0.424562128125 0.5 0.129740775 0.5
5 0.7484375 0.8921875 0.7984375 0.8828125 0.8005208328125001 0.7875 0.8005208328125001 0.7328125 0.7651041671875 0.6921875 0.7276041671875 0.65625 0.6401041671875001 0.7125 0.6713541671875001 0.7265625 0.6484375 0.7671875 0.6796875 0.80625 0.6671875 0.8609375 0.7192708328125 0.871875 0.7484375 0.8921875