3 0.4890625 0.1203125 0.01171875 0.05390625
3 0.48515625 0.24296875 0.0109375 0.06015625
4 0.51875 0.4296875 0.51875 0.0164726640625 0.488190734375 0.0153514453125 0.47435580625 0.22246217812500002 0.4629659046875 0.4296875 0.51875 0.4296875
2 0.054371482812500004 0 0 0.0187974 0 0.05185911875 0.16143130625 0 0.054371482812500004 0
3 0.2956001390625 0.17487131718749999 0.29452714375 0.0697161546875 0.2887132625 0.0695734140625 0.26469495468750004 0.08775350625 0.2956001390625 0.17487131718749999
3 0.3204797625 0.08784434218750001 0.2981877375 0.160473878125 0.2982972265625 0.1613692578125 0.303786290625 0.186070046875 0.33956375 0.10263107656249999 0.3204797625 0.08784434218750001
3 0.3251634625 0.4296875 0.34333284062499997 0.3676950359375 0.3328257 0.3585983390625 0.313685846875 0.4296875 0.3251634625 0.4296875
3 0.3102729359375 0.4296875 0.3122022125 0.416829334375 0.29601491874999997 0.3733222703125 0.29557680625 0.371939703125 0.284954775 0.38979108125 0.300816875 0.4296875 0.3102729359375 0.4296875
2 0 0.23703263749999998 0.27809514375 0.21641245156250002 0.2777795109375 0.166763515625 0.275270428125 0.1641709734375 0 0.18277155 0 0.23703263749999998
2 0.2641488421875 0.4296875 0 0.36766008125 0 0.4180260515625 0.0538991875 0.4296875 0.2641488421875 0.4296875
1 0.91640625 0.71953125 0.01875 0.02109375
3 0.91953125 0.7640625 0.0703125 0.30625
2 0.51875 0.9396307671875 0.877456346875 0.905583175 0.8757648015624999 0.8833625234374999 0.51875 0.9193485562500001 0.51875 0.9396307671875
2 0.51875 0.8541614281250001 0.8789664109374999 0.8198553828125 0.8785281156250001 0.799022665625 0.51875 0.8298751859374999 0.51875 0.8541614281250001