4 0.9421875 0.73359375 0.08359375 0.53203125
4 0.1015625 0.51015625 0.05546875 0.30703125
3 0.7451421109374999 0.48804876249999996 0.75229171875 0.4794681859375 0.7256997328125 0.3868739734375 0.71697690625 0.3962271984375 0.7451421109374999 0.48804876249999996
3 0.772167321875 0.3909100046875 0.7437285734375 0.4841978703125 0.752879071875 0.488490628125 0.7799334421874999 0.39652588906249997 0.772167321875 0.3909100046875
3 0.7154981078125 0.7998895796875 0.7222269875 0.7923951515625001 0.6884923374999999 0.711654775 0.6814635328125 0.7209018546875 0.7154981078125 0.7998895796875
3 0.7147816203125 0.7889713125 0.7221450625 0.7974408078125 0.750008953125 0.6937382515625 0.7422150624999999 0.6869201984375 0.7147816203125 0.7889713125
3 0.7523486484374999 1 0.7628252046874999 0.9693634015624999 0.7557228078125 0.9611827249999999 0.7436605359375 1 0.7523486484374999 1
3 0.9140625 0.8703125 0.00703125 0.046875
3 0.92109375 0.7359375 0.00859375 0.0484375
3 0.9703125 0.715625 0.00625 0.0453125
3 0.92890625 0.60546875 0.009375 0.05234375