4 0.129486834375 0.19479973125 0.12604040156250002 0.4539184859375 0.1676924375 0.4539184859375 0.16161815468750002 0.19758883124999999 0.129486834375 0.19479973125
4 0 0.3431878359375 0.0201747609375 0.339651046875 0.0201747609375 0.1991330328125 0 0.19381435625000001 0 0.3431878359375
3 0.1328125 0.26171875 0.003125 0.01796875
3 0.159375 0.26484375 0.00390625 0.01796875
3 0.01640625 0.228125 0.003125 0.01484375
3 0.7 0.1610368546875 0.683526809375 0.09822095 0.677279003125 0.09822095 0.6679072953125 0.1204569234375 0.6908158515625 0.1945768046875 0.7 0.1864052484375 0.7 0.1610368546875
3 0.7 0.14913360625 0.68873328125 0.17789982499999998 0.6981049890625 0.20198876718749997 0.7 0.1970601984375 0.7 0.14913360625
3 0.6606181578125 0.2964916515625 0.659576825 0.2909326578125 0.647081215625 0.3187276234375 0.6710311984375 0.387288596875 0.6814441437500001 0.3669055921875 0.6606181578125 0.2964916515625
3 0.7 0.31226516718749997 0.6908158515625 0.30205064375 0.661659490625 0.383582571875 0.6741551015625 0.4002595515625 0.7 0.33291531875 0.7 0.31226516718749997
3 0.6802478515625 0.5296875 0.66478339375 0.48735047343750004 0.6637420609375 0.4799384265625 0.6522877828125 0.49661540625 0.6657618984375 0.5296875 0.6802478515625 0.5296875
3 0.7 0.5296875 0.7 0.488110034375 0.69706365625 0.48549741874999996 0.6852385187500001 0.5296875 0.7 0.5296875
5 0.7 0 0.7 0.3119381421875 0.8203125 0.3453125 0.9515625 0.340625 1 0.2899345921875 1 0.0870370375 0.9661458328125001 0.034375 0.9499693624999999 0 0.7 0
1 0.27578125 0.73515625 0.01875 0.02109375
3 0.27890625 0.7796875 0.0703125 0.30625
2 0.7 0.880867125 0.3285326046875 0.8943032453124999 0.3270585140625 0.8961431718749999 0.32715096718750003 0.9254222015625 0.7 0.9103898656249999 0.7 0.880867125
2 0.7 0.798895140625 0.32967285625 0.814328075 0.3304501453125 0.8334897921875001 0.7 0.8258911437500001 0.7 0.798895140625
2 0 0.94368766875 0.236831346875 0.921208175 0.2351398015625 0.8989875234374999 0 0.9226889171874999 0 0.94368766875
2 0 0.8581793796875001 0.2383414109375 0.8354803828125 0.237903115625 0.814647665625 0 0.83504888125 0 0.8581793796875001
3 0.85234375 0.94765625 0.0328125 0.1046875
3 0.88046875 0.5828125 0.0484375 0.10625
4 0.75625 0.76484375 0.1125 0.4703125
2 0.7 0.7024820968750001 0.8714236468750001 0.6529725 0.8681751343749999 0.63659164375 0.7 0.6859582078125 0.7 0.7024820968750001
2 1 0.641194965625 0.8800943984374999 0.6375828203125 0.882274359375 0.6464183171875 1 0.651483878125 1 0.641194965625