3 0.0707020875 0.23429079531250002 0.076213284375 0.22894660625 0.05016035625 0.175504703125 0.045651196875 0.1835209890625 0.0707020875 0.23429079531250002
3 0.069199034375 0.227165209375 0.0742092125 0.23607219218750003 0.103268246875 0.18975587656249998 0.09825806875000001 0.182630290625 0.069199034375 0.227165209375
3 0.089740765625 0.394616503125 0.099761121875 0.38749091562500004 0.0742092125 0.33137691875 0.0666939453125 0.340283903125 0.089740765625 0.394616503125
3 0.0892397484375 0.3857095203125 0.0972560328125 0.391053709375 0.1288201578125 0.35186298125 0.1218059078125 0.340283903125 0.0892397484375 0.3857095203125
3 0.07087039687499999 0.5444468062500001 0.07607762343749999 0.540396740625 0.0490651375 0.48543157656249997 0.0454851703125 0.4941102875 0.07087039687499999 0.5444468062500001
3 0.06761588125 0.5421324828125 0.0731485578125 0.547339709375 0.10243920468750001 0.5022104171875 0.098208334375 0.49584602968749997 0.06761588125 0.5421324828125
0 1 0.2241201375 0.7755940234375001 0.2981980640625 0.7732061765625 0.2966049796875 0.6657514156250001 0.4495433390625 1 0.4985381765625 1 0.2241201375
4 0.265625 0.81484375 0.53125 0.3703125
3 0.15208329375000001 0.9830582812499999 0.1589757140625 0.9591653359375 0.07540027656250001 0.8721661234375 0.067857746875 0.892720725 0.15208329375000001 0.9830582812499999
3 0.2659001125 0.8945965984375001 0.2585213609375 0.8744442890624999 0.1744358375 0.961567965625 0.1825347125 0.981342434375 0.2659001125 0.8945965984375001
3 0.460213096875 0.9806400921874999 0.47241141718749996 0.9935267249999999 0.5146760921875 0.8607664109375 0.50025114375 0.8500468140624999 0.460213096875 0.9806400921874999
5 0.7852473765625 1 0.7937487843750001 0.983069775 0.8068823875 0.9392290671874999 0.7908302171875 0.8953883609375 0.7689409109375 0.8545368015625 0.754347975 0.8445730000000001 0.7441330374999999 0.8266381703124999 0.726621534375 0.8166743703125 0.7032728953125 0.8186671234375 0.7120286968749999 0.8535404234375001 0.7120286968749999 0.9013666546875001 0.7309994343749999 0.9322543984375 0.741214371875 0.9800806453125 0.7516335953125 1 0.7852473765625 1