3 0.80546875 0.47734375 0.01328125 0.05546875
3 0.8125 0.3546875 0.01015625 0.0609375
3 0.81796875 0.2265625 0.0109375 0.05078125
3 0.85625 0.2515625 0.01171875 0.05859375
3 0.85546875 0.36796875 0.00859375 0.059375
4 0.873920415625 0.990482834375 0.8617057515625 0.1300431828125 0.819361559375 0.118450725 0.7599168734374999 0.9925528734375 0.761444528125 0.9974287625 0.8360549578124999 1 0.873920415625 0.990482834375
2 0 0.40555555625000006 0.6171875 0.272222221875 0.6203125 0.225 0.28615655156250003 0.3208541875 0 0.375 0 0.40555555625000006
2 0.5390625 0 0 0.2611111109375 0.0001475015625 0.300118975 0.6078125 0 0.5390625 0
2 0 0.5213880546875 0.637618540625 0.5593839453125 0.637618540625 0.5382751171875 0 0.5023901093750001 0 0.5213880546875
2 1 0.2385297578125 0.86203176875 0.24064064062499999 0.8679686265625 0.265971234375 1 0.2711621796875 1 0.2385297578125
2 0.8180990203125 0.2638603515625 0.8121621625 0.23430799218749998 0.637618540625 0.23430799218749998 0.6293069390625 0.2554168203125 0.8180990203125 0.2638603515625
2 1 0.6522627890625 0.6423680265625 0.544607765625 0.635243796875 0.5636057109375 1 0.6839260312500001 1 0.6522627890625
3 0.623520534375 0.2465077921875 0.66095448125 0.1646255359375 0.6439302 0.14382158125 0.627117796875 0.20624107500000002 0.6122966546875 0.124697890625 0.60884940625 0.1206114953125 0.5904167203124999 0.144055171875 0.623520534375 0.2465077921875
3 0.638379690625 0.5487571046874999 0.6719876953125 0.47053683125 0.6546243875 0.4525358421875 0.6412990171875 0.5108713640625 0.6249102484375 0.4510137765625 0.620673303125 0.448783421875 0.6070130765624999 0.47868961875 0.638379690625 0.5487571046874999