3 0.8046875 0.2984375 0.01015625 0.05625
3 0.8421875 0.3203125 0.00859375 0.0546875
3 0.84140625 0.42890625 0.009375 0.05625
3 0.79765625 0.421875 0.0109375 0.05859375
4 0.8087440406249999 0.19666164375 0.751503503125 0.9993655578125 0.85156846875 0.9986110578125 0.8456323875 0.2021280015625 0.8082233953125 0.1915286109375 0.8087440406249999 0.19666164375
3 0.5744498109375 0.2619202625 0.613765171875 0.3567708328125 0.65141514375 0.2729802203125 0.634225028125 0.24601624531250002 0.611533028125 0.3084774921875 0.5966666078125 0.24166821718749998 0.573085240625 0.2525189109375 0.5744498109375 0.2619202625
3 0.6256214234375 0.638259340625 0.6258212671875001 0.638259340625 0.658968934375 0.5483042765625 0.6591687796875 0.5483042765625 0.6466644390625 0.532447159375 0.6262240796875 0.6047215265625 0.60885789375 0.5464446109375001 0.6067282984375 0.545709071875 0.5948359828124999 0.5696543453125 0.6256214234375 0.638259340625
2 0.5940066421875 0.3607201484375 0.589688840625 0.3317943875 0.5895765078124999 0.3315135546875 0.19141551875 0.39621115156250003 0.1933778359375 0.4273898140625 0.5940066421875 0.3607201484375
2 0.6354821109375 0.0804429453125 0.6283454515625 0.044096962499999996 0.21657812187499997 0.22526521093750002 0.221475140625 0.2607250109375 0.6354821109375 0.0804429453125
2 0.9964367953125001 0.036395853125 0.9913861859375 0.0013658984375000001 0.7052820546875 0.0382268453125 0.7045321437500001 0.03589100625 0.70586263125 0.09303603906249999 0.9964367953125001 0.036395853125
2 0.645310215625 0.627659475 0.6345491078125 0.6510554328125 0.7556470328125 0.717365796875 0.7649871859374999 0.677145365625 0.6458110890625 0.6311403734375001 0.645310215625 0.627659475
2 1 0.385860509375 0.8730174234374999 0.3682623046875 0.8710227359375 0.371164175 0.870686884375 0.400924875 1 0.42030282812499997 1 0.385860509375
2 0.24947729999999999 0.571320315625 0.2435994484375 0.6008490484375 0.6091213890625 0.6437128375000001 0.6089340062499999 0.6239360703125 0.24947729999999999 0.571320315625
3 0.623858346875 0 0.6377594703125 0.0602150234375 0.6456720625 0.0528896953125 0.634072659375 0 0.623858346875 0
3 0.6582991734375 0 0.638735021875 0.049810859375 0.64526831875 0.059608871875000004 0.66801025625 0 0.6582991734375 0