4 0.35390625 0.42109375 0.04453125 0.21796875
4 0.2671875 0.40234375 0.0265625 0.121875
3 0.97578125 0.27421875 0.01640625 0.07421875
3 0.96640625 0.3859375 0.01953125 0.0875
3 0.7064375593750001 0.27903084843750003 0.7199745015625 0.26235386875 0.676239865625 0.16414504531250002 0.6783224359375 0.15488002812499999 0.6627029234374999 0.1789689703125 0.7064375593750001 0.27903084843750003
3 0.691859378125 0.26976591562499996 0.70331365625 0.288295865625 0.751213528125 0.20676393750000002 0.7522548609374999 0.19749900468749998 0.73975925 0.180822025 0.691859378125 0.26976591562499996
3 0.7029303953125 0.39367959531249996 0.6856115734375 0.4068876921875 0.7262223078125001 0.5032436296875 0.7418418203125 0.48656665 0.7029303953125 0.39367959531249996
3 0.7095614625 0.5013905765625 0.7210158343749999 0.5217735796875 0.7678743734375 0.42541772499999997 0.7751634171874999 0.418005678125 0.758502665625 0.4013286984375 0.7095614625 0.5013905765625
3 0.7241397375505002 0 0.7126853644433564 0 0.7397592505748406 0.06408312580295121 0.7491309583894449 0.054818151291234005 0.7241397375505002 0
3 0.725180975 0.0529651390625 0.7387179171875 0.0677891078125 0.7689156109375 0.0010811890625000002 0.76995694375 0.0010811890625000002 0.7501721953125 0 0.725180975 0.0529651390625
4 0.96328125 0.58203125 0.07265625 0.83515625