4 0.135736834375 0.33854973125 0.1322904015625 0.5976684859375 0.1739424375 0.5976684859375 0.1678681546875 0.34133883125 0.135736834375 0.33854973125
4 0.026424760937500003 0.48340104687499996 0.026424760937500003 0.3428830328125 0.0029954921874999997 0.33670636875 0.00386326875 0.33979470156249997 0 0.488033509375 0.026424760937500003 0.48340104687499996
3 0.84140625 0.44453125 0.01328125 0.059375
3 0.88046875 0.44921875 0.015625 0.05
3 0.1390625 0.40546875 0.003125 0.01796875
3 0.165625 0.40859375 0.00390625 0.01796875
3 0.00546875 0.3703125 0.003125 0.015625
3 0.02265625 0.371875 0.003125 0.01484375
4 0.84453125 0.67421875 0.096875 0.65078125
3 0.683529003125 0.24197095000000002 0.6741572953125 0.2642069234375 0.6970658515625 0.3383268046875 0.7116441265625 0.3253558484375 0.689776809375 0.24197095000000002 0.683529003125 0.24197095000000002
3 0.7303875421875 0.2679128625 0.7189331703125 0.2605009 0.6949832812500001 0.321649825 0.7043549890625 0.34573876718749996 0.7314287796875 0.275324909375 0.7303875421875 0.2679128625
3 0.665826825 0.43468265781250004 0.653331215625 0.4624776234375 0.6772811984375 0.531038596875 0.68769414375 0.5106555921875 0.6668681578125 0.4402416515625 0.665826825 0.43468265781250004
3 0.6679094906249999 0.5273325718749999 0.6804051015625 0.5440095515625 0.7095614625 0.4680366171875 0.713726696875 0.46433067812499995 0.6970658515625 0.44580064375 0.6679094906249999 0.5273325718749999
3 0.6699920609375 0.6236884265625 0.6585377828125 0.64036540625 0.6887354765625 0.714485371875 0.698107184375 0.7052203546875 0.6710333937499999 0.6311004734375001 0.6699920609375 0.6236884265625
3 0.6824876703125 0.7070733234375 0.6939419484375 0.721897334375 0.7147680296875001 0.649630421875 0.722057071875 0.6459243984375 0.70331365625 0.62924741875 0.6824876703125 0.7070733234375