4 0.34375 0.2265625 0.0359375 0.1984375
3 0.40396516718750003 0.1700462515625 0.4081960390625 0.1665747671875 0.385088971875 0.1254955390625 0.3808581015625 0.1347528296875 0.40396516718750003 0.1700462515625
3 0.40005974687499996 0.16715334843750002 0.4046160703125 0.172360575 0.427397684375 0.13417425 0.42349226562500003 0.1266527015625 0.40005974687499996 0.16715334843750002
3 0.38443806875000003 0.2811337421875 0.3883434890625 0.2730336125 0.3665382296875 0.23716161093750002 0.3629582609375 0.24815464375000001 0.38443806875000003 0.2811337421875
3 0.3815090046875 0.27650509687499997 0.385088971875 0.2805551609375 0.40656877968750005 0.24410457812500003 0.4026633609375 0.238318771875 0.3815090046875 0.27650509687499997
4 0.6008195031250001 0 0.6069041828125 0.0132837875 0.459375 0.124832753125 0.459375 0.1375806796875 0.7001380609375 0.26349065 0.757582246875 0.609375 0.998126109375 0.609375 1 0.5995344453125 1 0 0.9878131828125 0 0.9810782453125 0.007932292187499999 0.7654992171874999 0.023389771875 0.747695596875 0 0.6008195031250001 0
3 0.4642396171875 0.1862031515625 0.4676174125 0.194346771875 0.47960879843750004 0.337849553125 0.5163150296875 0.338663915625 0.49832152656249995 0.18129414531250002 0.4642396171875 0.1862031515625
2 0.459375 0.568817596875 0.5038997000000001 0.38544428124999996 0.492811853125 0.375474203125 0.4914661234375 0.3770778953125 0.459375 0.5121144125 0.459375 0.568817596875
2 0.459375 0.609375 0.46698209999999996 0.609375 0.5201071781250001 0.3870952703125 0.5108580484375 0.37730746718749997 0.51112763125 0.3741140765625 0.459375 0.592180253125 0.459375 0.609375
2 0.484194975 0.609375 0.5351916484375 0.3855875 0.526178534375 0.38113577187500003 0.5265767375 0.3761589171875 0.4734703359375 0.609375 0.484194975 0.609375
3 0.9850709421874999 0.23236501875 0.9776602249999999 0.2119815828125 0.8861440343750001 0.30091893125 0.8923446625 0.32052983749999997 0.9850709421874999 0.23236501875
3 0.7735146875 0.21821654218750003 0.767056778125 0.23461476874999998 0.8571511453125 0.31660590625 0.8640386796874999 0.2970606546875 0.7735146875 0.21821654218750003
4 0.221875 0.9046875 0.44375 0.190625
4 0.63125 0.8046875 0.34375 0.390625