4 0.21640625 0.275 0.1203125 0.55
3 0.19296875 0.30625 0.0140625 0.10078125
3 0.20390625 0.11796875 0.01015625 0.078125
3 0.27265625 0.10859375 0.01015625 0.0609375
3 0.26953125 0.253125 0.0109375 0.06015625
3 0.9621022531250001 0.03282356875 0.9491836328125001 0.04201905625 0.9720921890625001 0.1346689703125 0.9866704640624999 0.1272569234375 0.9621022531250001 0.03282356875
3 1 0.06388606875 0.9950008390625001 0.0549900125 0.965844384375 0.129109978125 0.981463896875 0.143933903125 1 0.089838534375 1 0.06388606875
3 0.9293988843750001 0.24214281093749998 0.95439010625 0.32182168437500003 0.965844384375 0.3107036984375 0.9398119250000001 0.22731880000000002 0.9387705921875 0.22731880000000002 0.9293988843750001 0.24214281093749998
3 0.9859123828125 0.24893215624999998 0.9731335218750001 0.23843678750000002 0.9460597312499999 0.32552770937500003 0.9564726765625 0.3384986640625 0.9859123828125 0.24893215624999998
3 0.946560321875 0.41342036406249993 0.9346053578125 0.4311485796875 0.9637618140625002 0.508974484375 0.9741748546875 0.4941504734375 0.946560321875 0.41342036406249993
3 0.994002378125 0.43746715468749997 0.981463896875 0.4237366171875 0.9533487734375001 0.5071215140625001 0.9679270484375 0.5182395 0.994002378125 0.43746715468749997
3 0.09375 0.7671875 0.1875 0.434375
5 0.664703215625 1 0.653369903125 0.9670991234375 0.6236465328125 0.974490978125 0.6262657093749999 1 0.664703215625 1