3 0.24398145468750002 0.1191281609375 0.27834438437500003 0.23030802499999997 0.2918813265625 0.21919003906249998 0.25855973125 0.1172751921875 0.2575183984375 0.1061572046875 0.24398145468750002 0.1191281609375
3 0.3033356046875 0.10801017500000001 0.272096578125 0.2284550546875 0.2845921890625 0.2469850046875 0.31791387968749996 0.11356916718750001 0.3106247421875 0.1117161984375 0.3033356046875 0.10801017500000001
4 0.3890625 0 0.3890625 0.0958034890625 0.46449508125000005 0.55 0.633181 0.55 0.7379149421875 0 0.3890625 0
3 0.87484450625 0 0.8649449484375001 0.021558460937500003 0.8862612640624998 0.051064734375 0.9101216359375 0 0.87484450625 0
2 0.91955050625 0.55 0.8586344515625001 0.121284134375 0.8304336046875 0.12425312656250001 0.8289917140625 0.12465312343749999 0.890184528125 0.55 0.91955050625 0.55
2 0.9951908062499999 0.55 0.918471328125 0.106439175 0.8931518875 0.1111679296875 0.9612072406250001 0.55 0.9951908062499999 0.55
3 0.6007222734375001 0 0.559581534375 0.03998143125 0.5657821625 0.0595923375 0.62845768125 0 0.6007222734375001 0
3 0.4694185 0 0.5305886453124999 0.055668406250000003 0.5374761796875 0.0361231546875 0.49600178125000005 0 0.4694185 0
1 0.13671875 0.69296875 0.05703125 0.03203125
3 0.13125 0.790625 0.18125 0.41875
3 0.265625 0.8046875 0.178125 0.390625
4 0.838439540625 1 0.8263024171875 0.6829432203125 0.7638243656249999 0.677384265625 0.7496447234375 1 0.838439540625 1
3 0.76171875 0.759375 0.01015625 0.05078125
3 0.828125 0.771875 0.009375 0.06796875
3 0.83203125 0.878125 0.0078125 0.0609375
3 0.83359375 0.975 0.0109375 0.05
3 0.75703125 0.85625 0.00625 0.0421875
3 0.590645503125 0.599466765625 0.5840142046875 0.6059570140625 0.6079134515625 0.663495946875 0.6130681765625 0.656824753125 0.590645503125 0.599466765625
3 0.62290904375 0.60011974375 0.6022901 0.66016036875 0.6079134515625 0.6693332171875 0.6285323968750001 0.6101265140625001 0.6290010234375 0.607624821875 0.62290904375 0.60011974375
3 0.5845418640625 0.736475659375 0.5788594781249999 0.7429761296875 0.599009796875 0.7980133703125001 0.6032273109374999 0.7905082921875 0.5845418640625 0.736475659375
3 0.6185011359375 0.7496366296875 0.6097879171875 0.7404744375 0.5924492328125 0.793009984375 0.5976039578125001 0.8021828703124999 0.6185011359375 0.7496366296875
3 0.6001339734375 0.867855184375 0.5929178593750001 0.8738980749999999 0.6116623390625 0.9306030859375 0.6168171078125 0.9239319296874999 0.6001339734375 0.867855184375
3 0.6243148828124999 0.87639976875 0.6060389859375 0.9214302374999999 0.61541126875 0.928935315625 0.6332185375 0.8880743093750001 0.6327499109375 0.885572615625 0.6243148828124999 0.87639976875