3 0.76953125 0.2828125 0.0234375 0.0578125
3 0.81875 0.2953125 0.0171875 0.0546875
3 0.82265625 0.38359375 0.025 0.059375
3 0.76171875 0.37265625 0.01640625 0.059375
3 0.7578125 0.46875 0.02421875 0.07421875
3 0.81875 0.48359375 0.025 0.07109375
4 0.7859375 0.528125 0.128125 0.7046875
4 0.215625 0.39296875 0.0453125 0.22265625
3 0.5864013406249999 0.0953630265625 0.5949352484375 0.0899446734375 0.568114396875 0.018422403125 0.5595804890625 0.024924428125000002 0.5864013406249999 0.0953630265625
3 0.5821343875 0.0899446734375 0.5882300359375 0.09427935625 0.617489146875 0.0379284765625 0.6113934984375 0.03034278125 0.5821343875 0.0899446734375
3 0.5601900546875 0.2633319953125 0.5693335265624999 0.26008098281250003 0.5394648515625 0.1885587125 0.5345883328125 0.197228078125 0.5601900546875 0.2633319953125
3 0.5553135359375 0.2589973125 0.5644570078125 0.26441566562499996 0.5949352484375 0.20914845781250002 0.5876204703125001 0.2026464328125 0.5553135359375 0.2589973125
3 0.577867434375 0.44647235468749996 0.5888396 0.4432213421875 0.5607996187500001 0.3782010953125 0.5540944062500001 0.385786790625 0.577867434375 0.44647235468749996
3 0.5736004796875 0.44213767031250006 0.5821343875 0.44647235468749996 0.607736109375 0.389037803125 0.60042133125 0.3825357796875 0.5736004796875 0.44213767031250006