4 0.60703125 0.484375 0.03125 0.1890625
4 0.53515625 0.44453125 0.01796875 0.1109375
3 0.59765625 0.42578125 0.00703125 0.01796875
3 0.615625 0.42578125 0.0046875 0.01875
3 0.615625 0.45703125 0.00625 0.0234375
3 0.5953125 0.45546875 0.00546875 0.01953125
4 0.9965221609375 0.9484954312499999 0.9981824078124999 0.353628853125 0.9380002515625 0.34772026875 0.9027211124999999 0.9270624015625 0.9966751078125 0.9514419515625001 0.9965221609375 0.9484954312499999
3 0.7457613078125 0.35695839375 0.739147275 0.3651971859375 0.7633707328125 0.40969344531249996 0.768840571875 0.4027408875 0.7457613078125 0.35695839375
3 0.7834359953125001 0.3586576 0.757900928125 0.4027408875 0.7633707328125 0.40899817031249996 0.7879849046875 0.3658924453125 0.7834359953125001 0.3586576
3 0.7571195390625001 0.634955653125 0.7625893421875001 0.6280030953125 0.7399286640625 0.5828116234375 0.7399286640625 0.5793353437500001 0.7336774703125 0.5890689078125 0.7571195390625001 0.634955653125
3 0.778998790625 0.5779448265625 0.7504775953125 0.625222090625 0.755556721875 0.635650896875 0.7836872031250001 0.5918499109375001 0.776986690625 0.5819149218749999 0.778998790625 0.5779448265625
3 0.7453985046875 0.5278865578125 0.75008691875 0.5188482703124999 0.7270355281249999 0.46670424062500004 0.727426240625 0.46322796093749996 0.7203936203125 0.4750472859375 0.7453985046875 0.5278865578125
3 0.7648171859375 0.47066595468749994 0.7360216765625001 0.5125909859375 0.7399286640625 0.525800796875 0.7704033531250001 0.48130456875 0.7648171859375 0.47066595468749994