3 0.359375 0.07283086718750001 0.3698331453125 0.0968492875 0.38124594843750004 0.0748477359375 0.359375 0.0258381109375 0.359375 0.07283086718750001
3 0.40381630625 0 0.367455471875 0.08754093125 0.378392746875 0.1036190046875 0.4226174625 0 0.40381630625 0
3 0.4296820140625 0.45 0.375539546875 0.3146368859375 0.36270014375000004 0.3281763203125 0.36174907031250003 0.33156115937499997 0.408540871875 0.45 0.4296820140625 0.45
3 0.4490758203125 0.45 0.49394739374999996 0.3569475515625 0.49252079374999996 0.3561013515625 0.47920584218749995 0.34340815625 0.42280383437499997 0.45 0.4490758203125 0.45
4 0.09921875 0.72265625 0.02890625 0.19296875
3 0.20595345625 0.511338696875 0.23173790312500003 0.5605795718750001 0.23865566718750003 0.551626671875 0.21412897968750003 0.5046240328125 0.21350012812500002 0.5012667015625001 0.20595345625 0.511338696875
3 0.2506045859375 0.5091004578125 0.2241912296875 0.554984003125 0.23110899375 0.563936903125 0.25500683125 0.520291596875 0.2568934984375 0.5169342390625 0.2506045859375 0.5091004578125
3 0.187715625 0.6254879609375 0.18582895625 0.6254879609375 0.2116134609375 0.6736096921875 0.22041789375 0.6657759359375 0.19526229687500002 0.6165350593750001 0.187715625 0.6254879609375
3 0.24255749999999998 0.6283214765625 0.23236681093749997 0.6176542046875 0.2040667875 0.6680141734375 0.2109845515625 0.6792052609375 0.24255749999999998 0.6283214765625
3 0.24613956093749997 0.7304555921875 0.223217403125 0.777920440625 0.227801828125 0.78459518125 0.25114076406249997 0.7400969078124999 0.2532246234375 0.739355246875 0.24613956093749997 0.7304555921875
3 0.20071198906249998 0.740838534375 0.20237903125 0.7415801609375 0.231969509375 0.7897866359375 0.2369707125 0.7816286078125 0.20863053593749997 0.728230678125 0.20071198906249998 0.740838534375
5 0.359375 0.68301785625 0.3685480046875 0.689068296875 0.4155922625 0.6552802343749999 0.4485231484375 0.6480399703125 0.46890895624999995 0.6480399703125 0.4657726859375 0.6094251453125 0.44538687968749996 0.5949445359375 0.4155922625 0.5949445359375 0.401478996875 0.6094251453125 0.3732524625 0.621492253125 0.359375 0.649132 0.359375 0.68301785625
5 0.6883073375000001 1 0.7089310234375 0.9642918359374999 0.736700134375 0.924067975 0.73996708125 0.8763021734375 0.7154649187500001 0.8561903281250001 0.69096275625 0.8511622828124998 0.65665975 0.861218290625 0.6481946015625001 0.8753269187499999 0.60112141875 0.9089840921875 0.5864200984375 0.9466938859375 0.5602844078125 0.9994876484375 0.5566224578125001 1 0.6883073375000001 1