3 0.465625 0.225 0.01171875 0.05390625
3 0.46171875 0.34765625 0.0109375 0.06015625
3 0.50390625 0.35078125 0.0109375 0.0515625
3 0.50546875 0.23984375 0.0109375 0.0546875
4 0.5114575921875 0.5296875 0.5094505859375 0.39428349687500003 0.5163680015625001 0.121932690625 0.464753234375 0.12003894531249999 0.45091830625 0.327149678125 0.4397860484375 0.5296875 0.5114575921875 0.5296875
2 0 0.149017421875 0.20660408593750001 0.082646740625 0.20140168749999998 0.045753121875000004 0 0.1153820484375 0 0.149017421875
3 0.2721626390625 0.2795588171875 0.27108964375 0.17440365468750002 0.2652757625 0.1742609140625 0.2412574546875 0.19244100625 0.2721626390625 0.2795588171875
3 0.2970422625 0.1925318421875 0.2747502375 0.265161378125 0.2748597265625 0.26605675781250004 0.280348790625 0.290757546875 0.31612625 0.2073185765625 0.2970422625 0.1925318421875
3 0.303099821875 0.5296875 0.31989534062499997 0.47238253593749996 0.3093882 0.4632858390625 0.291510396875 0.5296875 0.303099821875 0.5296875
3 0.2875387625 0.5296875 0.2887647125 0.5215168343750001 0.27257741874999997 0.47800977031249997 0.27213930625 0.47662720312499995 0.261517275 0.49447858125 0.275515709375 0.5296875 0.2875387625 0.5296875
2 0 0.3399822953125 0.25465764375 0.32109995156250004 0.2543420109375 0.27145101562499996 0.251832928125 0.2688584734375 0 0.28587532968749996 0 0.3399822953125
2 0.369903053125 0 0.369871678125 0.0265588765625 0.544902659375 0 0.369903053125 0
2 0.220749240625 0.5296875 0 0.4778511734375 0 0.5277844109375 0.008796071875 0.5296875 0.220749240625 0.5296875
4 0.7593311203125 0 0.71816570625 0.5296875 0.8297007031250001 0.5296875 0.8457730625 0 0.7593311203125 0
3 0.7828125 0.3671875 0.02265625 0.1515625
3 0.8078125 0.0421875 0.01875 0.084375
4 0.4 0.815625 0.41875 0.36875