4 0.1265572921875 0 0.16964428125 0.08178440000000001 0.15741935625 0.409375 0.3531916421875 0.409375 0.34458282812499996 0.20037550468749998 0.39560650625 0.024341890625 0.3934001984375 0 0.1265572921875 0
3 0.38359375 0.0859375 0.025 0.14296875
3 0.1265625 0.0453125 0.025 0.090625
1 0.75390625 0.2171875 0.0140625 0.0234375
4 0.82890625 0.2046875 0.2046875 0.409375
3 0.7546875 0.24609375 0.05390625 0.3203125
2 0.5796875 0.165667096875 0.7323538859375 0.17679033125000002 0.738135303125 0.153664665625 0.5796875 0.1423064 0.5796875 0.165667096875
1 0.24140625 0.72109375 0.0203125 0.01640625
3 0.24296875 0.7625 0.08984375 0.3015625
3 0.0703125 0.81015625 0.02734375 0.15
4 0.18828125 0.7046875 0.3015625 0.590625