3 0.2015625 0.190625 0.0203125 0.15703125
3 0.303125 0.45390625 0.01875 0.1109375
3 0.309375 0.18359375 0.021875 0.1234375
4 0.24453125 0.2546875 0.1890625 0.509375
2 0.5796875 0.3964836109375 0.364536265625 0.3167798234375 0.36452546875 0.3164160984375 0.3645813171875 0.34462503906249997 0.5796875 0.4294040328125 0.5796875 0.3964836109375
2 0.5796875 0.311569153125 0.35411872031249997 0.2394273921875 0.3540766875 0.26523491718750003 0.5796875 0.350349746875 0.5796875 0.311569153125
2 0.5796875 0.035824381249999995 0.45585426250000005 0.0320266296875 0.45621776406250003 0.0634012734375 0.5796875 0.0752222515625 0.5796875 0.035824381249999995
1 0.71015625 0.1515625 0.05703125 0.06171875
3 0.71953125 0.14453125 0.2234375 0.2890625
4 0.69375 0.2546875 0.228125 0.509375
0 0 0.9638441499999999 0.4262406515625 0.9279098687499999 0.410993490625 0.7972593531250001 0 0.8688394890625 0 0.9638441499999999
3 0.95078125 0.55859375 0.01015625 0.04296875
3 0.990625 0.56328125 0.0109375 0.05234375
4 0.9546875 0.7546875 0.090625 0.490625
3 0.790320528125 0.6162522828125 0.7793912031250001 0.6252286125 0.81375413125 0.7160254734375 0.824167171875 0.7030545171875 0.790320528125 0.6162522828125
3 0.83754086875 0.6454268609375 0.8262497421875 0.6326405765625001 0.7960520484375 0.7104664812499999 0.809588896875 0.7271434593749999 0.83754086875 0.6454268609375