3 0.778125 0.21640625 0.00703125 0.04765625
3 0.77421875 0.3140625 0.00625 0.0421875
3 0.81484375 0.3171875 0.00703125 0.04296875
3 0.81484375 0.22890625 0.00703125 0.04453125
4 0.77890625 0.31875 0.0984375 0.4
3 0.6144881859375 0 0.6377149937500001 0.0792199609375 0.6512519375 0.07180799843749999 0.6332372578125 0 0.6144881859375 0
3 0.6283432859375 0.07366096718750001 0.639797659375 0.0921909171875 0.6689540203125001 0.025482998437499998 0.6595823125 0.00139405625 0.656458409375 0.00139405625 0.6283432859375 0.07366096718750001
3 0.588773884375 0.1941058484375 0.6189715781249999 0.279343715625 0.6304259515625 0.2626667359375 0.60543473125 0.18298786250000001 0.6064759687500001 0.17928183749999999 0.588773884375 0.1941058484375
3 0.6095998703125 0.266372759375 0.6231368140625 0.28675567812499997 0.6491693671875 0.21078282812500002 0.640838896875 0.18854685468750002 0.6377149937500001 0.19225279374999998 0.6095998703125 0.266372759375
3 0.6127237734375 0.3775526234375 0.6127237734375 0.3849645859375 0.602310828125 0.39608257187499996 0.6262607156250001 0.4739084765625 0.63667375625 0.46464345937499996 0.6127237734375 0.3775526234375
3 0.6553746390625 0.3980743046875 0.6470867015625 0.3849645859375 0.62209548125 0.4720555078125 0.6304259515625 0.4794674703125 0.6553746390625 0.3980743046875
1 0.03671875 0.68515625 0.05703125 0.03203125
3 0.0609375 0.78671875 0.121875 0.4265625
3 0.165625 0.80078125 0.178125 0.3984375
4 0.81640625 0.759375 0.1546875 0.48125
3 0.78125 0.63828125 0.0296875 0.1390625