4 0.60234375 0.45078125 0.0328125 0.184375
4 0.5296875 0.4234375 0.0140625 0.1078125
3 0.93046875 0.39140625 0.0078125 0.03828125
3 0.925 0.4609375 0.0078125 0.03359375
3 0.98984375 0.4640625 0.00859375 0.03359375
3 0.9890625 0.39453125 0.0078125 0.03515625
4 0.98669638125 0.8171614625 0.9754071953125001 0.47404843906250005 0.9985958140625 0.43929985 0.9818145812499999 0.3062778625 0.9387935578125 0.3106214453125 0.920791834375 0.4474440515625 0.9030952624999999 0.8061374390625 0.9040106031249999 0.8046736515624999 0.936657753125 0.8361645859375001 0.98669638125 0.8171614625
3 0.74431933125 0.2427805546875 0.738419609375 0.24861309843749999 0.7619702937499999 0.29538055937499996 0.7674313328125 0.2874847625 0.74431933125 0.2427805546875
3 0.7554853125000001 0.2941658390625 0.7599224078125 0.3008468875 0.7882514828125 0.2516499421875 0.780742590625 0.24436150625000003 0.7554853125000001 0.2941658390625
3 0.7230738109375 0.3567739390625 0.7182820765625 0.3634059828125 0.7414914375 0.40835132031250004 0.7469524765625 0.3998481640625 0.7230738109375 0.3567739390625
3 0.7356891046875 0.40288499375000003 0.7408088203125 0.4101734296875 0.7674313328125 0.364620703125 0.7677726265625 0.364620703125 0.7616289703125 0.35793965625 0.7356891046875 0.40288499375000003
3 0.7565092546875001 0.5219294703124999 0.7606050265625 0.5134262859375001 0.7370543421875 0.4672661984375 0.7367130484375 0.46605145 0.731934628125 0.4733398859375 0.7565092546875001 0.5219294703124999
3 0.74797641875 0.5146410343750001 0.7537787515625001 0.5237515796875 0.780059940625 0.4800209625 0.7810838828125 0.4812356828125 0.7745989328125 0.46969566875 0.74797641875 0.5146410343750001