4 0.21821761718750002 0 0.1569570578125 0.65 0.2908116609375 0.65 0.30434947343749996 0 0.21821761718750002 0
3 0.2234375 0.09375 0.0140625 0.11171875
3 0.21015625 0.2703125 0.0125 0.08359375
3 0.28828125 0.0609375 0.0125 0.0671875
3 0.2859375 0.20625 0.0078125 0.05390625
4 0.79921875 0.325 0.1171875 0.65
4 0.58671875 0.15078125 0.1046875 0.3015625
2 1 0.65 1 0.6492562828125 0.9084224828125 0.596027665625 0.9018682343750001 0.623867821875 0.946467665625 0.65 1 0.65
3 0.78515625 0.36171875 0.021875 0.31484375
3 0.5595888375 0 0.555731096875 0.0033036765625 0.5575611703125001 0.0083934609375 0.5675060265624999 0 0.5595888375 0
0 0 0.65 0 0.8247407609374999 0.294500221875 1 0.496829603125 1 0.509375 0.9778927156249999 0.509375 0.9763714640625001 0.0045027328125 0.65 0 0.65
0 0.70234375 0.9671875 0.3859375 0.065625