3 0.5265625 0.22109375 0.01171875 0.05
3 0.5640625 0.234375 0.0140625 0.05078125
3 0.52265625 0.31875 0.0109375 0.05703125
3 0.5625 0.3265625 0.0109375 0.04765625
4 0.53125 0.30078125 0.10625 0.3578125
3 0.3622163125 0 0.38354656249999997 0.07591447343749999 0.3929182703125 0.0647964875 0.379081428125 0 0.3622163125 0
3 0.4052235421875 0 0.37729875625 0.06294351875000001 0.3877117015625 0.08517949062499999 0.41999206093749997 0.014765548437500001 0.42519853281250003 0.0129125796875 0.414643990625 0 0.4052235421875 0
3 0.34514269375 0.1795716984375 0.3346053578125 0.1889473078125 0.365844384375 0.279744253125 0.37521609218749996 0.27233220468749997 0.34514269375 0.1795716984375
3 0.3575140078125 0.26862626562499997 0.3679270484375 0.2834501921875 0.399166075 0.20933031093749999 0.38146389687500004 0.198212325 0.38146389687500004 0.1945063 0.3575140078125 0.26862626562499997
3 0.37703165312500003 0.4796875 0.3845878 0.47430901406250003 0.359904503125 0.388150309375 0.34605973125 0.4057480421875 0.37342233125 0.4796875 0.37703165312500003 0.4796875
3 0.379951146875 0.4796875 0.40020731249999997 0.4205720515625 0.4054138796875 0.407601096875 0.3918769375 0.3927770859375 0.3645266734375 0.4796875 0.379951146875 0.4796875
0 1 0.15264633593750002 0.7785857421875 0.2443997125 0.9637296718750001 0.3837602953125 1 0.368904003125 1 0.15264633593750002
0 0.2591264125 0.4796875 0.2566421390625 1 0.32808180937500003 1 0.32471889531250003 0.4796875 0.2591264125 0.4796875
4 0.66015625 0.73984375 0.0921875 0.5203125
4 0.62109375 0.73984375 0.0640625 0.5203125
3 0.64921875 0.91953125 0.0140625 0.1609375