3 0.42109375 0.21796875 0.009375 0.05625
3 0.46171875 0.24921875 0.01171875 0.05625
3 0.2068756 0.1005657375 0.1939814546875 0.1133130328125 0.22626181406249998 0.24487589999999998 0.24083999375 0.22634595000000002 0.2068756 0.1005657375
3 0.21689010625 0.22634595000000002 0.2179314390625 0.22634595000000002 0.2314682859375 0.25414091562499996 0.2720790203125 0.150373015625 0.2564595078125 0.1225780484375 0.21689010625 0.22634595000000002
4 0.73984375 0.09453125 0.0953125 0.1890625
4 0.871875 0.14453125 0.13125 0.2890625
3 0.921875 0.03359375 0.021875 0.0671875
3 0.1125 0.36484375 0.03125 0.1515625
3 0.05390625 0.909375 0.0484375 0.18125
3 0.46640625 0.8796875 0.0265625 0.190625
3 0.43359375 0.415625 0.03984375 0.1953125
4 0.3 0.64453125 0.165625 0.7109375
4 0.8672298125000001 0.2890625 0.8581746671874999 1 0.9659441000000001 1 0.9211308890625001 0.2890625 0.8672298125000001 0.2890625