4 0.24140625 0.2296875 0.0765625 0.459375
3 0.45 0.2527439078125 0.43239754843749995 0.21558317656249998 0.42897095625 0.22370546875000002 0.45 0.26476764531249997 0.45 0.2527439078125
4 0.64765625 0.2296875 0.0828125 0.459375
3 0.870370728125 0.06508557499999999 0.8761247125 0.0578648875 0.850062546875 0.008523528125 0.8463393796875 0.0139390421875 0.870370728125 0.06508557499999999
3 0.8683399093750002 0.055457992187500006 0.8730784859374999 0.06147523125 0.90049453125 0.0211597296875 0.896094425 0.0139390421875 0.8683399093750002 0.055457992187500006
3 0.8883096218750002 0.20468552187500003 0.8940636062500001 0.2004734546875 0.8690168500000001 0.14752175 0.8652936828125 0.1541407125 0.8883096218750002 0.20468552187500003
3 0.894740546875 0.20829586406249997 0.9221565921875001 0.16497174375 0.9150487281250002 0.155945884375 0.8893250312500001 0.1998717296875 0.894740546875 0.20829586406249997
3 0.8666475609375001 0.34007339999999997 0.8700322578125 0.34669236406250004 0.8974483046875001 0.3051734140625 0.894740546875 0.2985544515625 0.8666475609375001 0.34007339999999997
3 0.8700322578125 0.3460906390625 0.8737554249999999 0.3394716765625 0.8483701984375 0.2895285921875 0.8449855015625 0.29554583125 0.8700322578125 0.3460906390625
3 0.40390625 0.653125 0.0390625 0.3875
4 0.425 0.7296875 0.05 0.540625
5 0.9051440796874999 0.459375 0.8878449078124999 0.46556569375 0.8740337625000001 0.4803931171875 0.8553480499999999 0.4917317453125 0.8228512468750001 0.496964953125 0.79441645625 0.503070359375 0.7887295515625 0.5170255828125 0.6985507765625 0.5702298703124999 0.6904265890625 0.5972681203125 0.6914185749999999 0.61356731875 0.7005524281250001 0.6168359734375001 0.7050501796875001 0.6033735124999999 0.7229234468750001 0.5763352921875 0.7594823703125 0.5588912578125 0.7968537390625 0.539702825 0.827725759375 0.5335974046875 0.8447865796875 0.5196421796874999 0.8756586000000001 0.512664575 0.8715964781250001 0.528364196875 0.8764710453125 0.5405750234375 0.9057181734374999 0.5292363953125 0.91465480625 0.510920178125 0.9244038859374999 0.490859546875 0.9260287218750001 0.4734155125 0.9083346859375 0.459375 0.9051440796874999 0.459375