3 0.5125 0.08515625 0.00859375 0.05546875
3 0.55 0.09375 0.0125 0.053125
4 0.51640625 0.19453125 0.1078125 0.3890625
3 0.32312364531250004 0.08768567499999999 0.3501974359375 0.16921751875 0.35956914375000004 0.163658525 0.3356192546875 0.069155640625 0.32312364531250004 0.08768567499999999
3 0.3782434796875 0.09160104687500001 0.3678996140625 0.0802736265625 0.340825728125 0.15068756875 0.3501974359375 0.176629565625 0.3782434796875 0.09160104687500001
3 0.332495353125 0.2822504359375 0.356445240625 0.3471053 0.3678996140625 0.3359873140625 0.348114865625 0.2563084390625 0.3470735328125 0.2618674328125 0.332495353125 0.2822504359375
3 0.38452700625 0.2971621125 0.3720647546875 0.27669144375 0.3491561984375 0.34525233125 0.3606104765625 0.360076340625 0.38452700625 0.2971621125
4 0.9296875 0.0859375 0.021875 0.171875
4 0.8578125 0.0453125 0.015625 0.090625
1 0.12109375 0.8234375 0.01015625 0.0140625
3 0.1203125 0.83125 0.02890625 0.16796875
3 0.11640625 0.41484375 0.0328125 0.0515625
4 0.14140625 0.69453125 0.1546875 0.6109375
3 0.15625 0.52265625 0.01796875 0.11328125
3 1 0.4978073421875 0.982508521875 0.41589657343750003 0.982508521875 0.42330862031249994 0.9679303406249999 0.43072058281250003 0.9929215625 0.5196644734375 1 0.5112670749999999 1 0.4978073421875
3 1 0.4766556640625 0.9866737562499999 0.50669351875 0.9970867015625 0.528929490625 1 0.522574640625 1 0.4766556640625
3 0.95451769375 0.6233216984375 0.9439803578125 0.6326973078125 0.975219384375 0.723494253125 0.9845910921875 0.7160822046875 0.95451769375 0.6233216984375
3 1 0.647716025 0.9908388968749999 0.641962325 0.9908388968749999 0.6382563 0.9668890078124999 0.7123762656249999 0.9773020484374999 0.7272001921875 1 0.6733454578125 1 0.647716025
3 0.969279503125 0.831900309375 0.9554347312499999 0.8494980421874999 0.9835498546875 0.9254709765625 0.9939627999999999 0.9180590140625 0.969279503125 0.831900309375
3 1 0.8405053437500001 0.97209548125 0.9291769999999999 0.9835498546875 0.9402949875000001 1 0.892287003125 1 0.8405053437500001