4 0.60625 0.25625 0.046875 0.3875
4 0.3765625 0.17578125 0.0265625 0.18203125
3 0.43436254218750003 0.11607865625 0.4409823046875 0.1117992125 0.41721133750000006 0.0732842265625 0.41360055781250005 0.07702873906249999 0.43436254218750003 0.11607865625
3 0.4313535578125 0.1117992125 0.43827422031249996 0.1150087953125 0.45903620468749995 0.07809859999999999 0.45422183125000004 0.0732842265625 0.4313535578125 0.1117992125
3 0.821875 0.15859375 0.0265625 0.10859375
3 0.815625 0.36484375 0.0265625 0.10390625
4 1 0 0.81333883125 0 0.7831822265625 0.355472675 0.8498255140625 0.424033096875 0.8485252078125001 0.45 0.9982168859375001 0.45 0.9976902687500001 0.43144509375 1 0.36027445625 1 0
5 0 1 0.1868055546875 1 0.2614583328125 0.921875 0.2697916671875 0.85 0.2427083328125 0.796875 0.1864583328125 0.709375 0.14895833281249998 0.6296875 0.0427083328125 0.61875 0.055208332812500004 0.6015625 0 0.55630450625 0 1
3 0.8659170125 0.6782861828125 0.8963827468750001 0.7089839015624999 0.9187243125 0.5320205609374999 0.8884261546874999 0.5210205890624999 0.8659170125 0.6782861828125
2 0.7134690578125 1 0.86989105 0.6941086734375 0.861265415625 0.6800663124999999 0.6985288125 1 0.7134690578125 1
2 0.77289596875 1 0.8950527296875 0.74395386875 0.884949821875 0.7280667078125 0.750702546875 1 0.77289596875 1
2 1 0.5444410203125 0.920002740625 0.621960571875 0.92758425625 0.6382481546875 1 0.566929684375 1 0.5444410203125
2 1 0.57130574375 0.9119504546874999 0.660114278125 0.9122629734375 0.660258096875 0.9176286546875 0.6708124890625 1 0.586740703125 1 0.57130574375
2 1 0.5935688015625 0.911286265625 0.690164975 0.9157938187500001 0.69949698125 1 0.6060733140625001 1 0.5935688015625
2 1 0.6115414890624999 0.9136329296875001 0.70994316875 0.91423830625 0.7107921375 0.9261410343750001 0.727881684375 1 0.6342616953125 1 0.6115414890624999
4 0.6296875 0.45 0.6296875 0.8965500921875 0.6433796843749999 1 0.7906023765625 1 0.7689622875 0.46919976406249997 0.908552778125 0.5128028062500001 0.855285209375 0.45 0.6296875 0.45