4 0.85546875 0.25078125 0.0453125 0.29453125
4 0.5439922328125 0.9999081390625 0.517962165625 0 0.3294866765625 0.0020110984375 0.3221975390625 0.9803873203125001 0.5439922328125 0.9999081390625
3 0.34921875 0.1703125 0.021875 0.12265625
3 0.34140625 0.37265625 0.01875 0.10390625
3 0.33515625 0.57109375 0.01953125 0.10703125
3 0.521875 0.63203125 0.025 0.12265625
3 0.51953125 0.40859375 0.02578125 0.12109375
3 0.5140625 0.18125 0.021875 0.12265625
3 0 0.2716188859375 0.009807278125 0.2975608828125 0.0483354421875 0.1919400109375 0.0514593453125 0.19379298125 0.02855069375 0.17526303125 0 0.2716188859375
3 0.046252871875000004 0.5495685453125 0.0597897203125 0.5291855421875 0.02022031875 0.43468265781250004 0.0191789859375 0.42912366406249997 0.005642090625 0.443947675 0.046252871875000004 0.5495685453125
3 0.0306333109375 0.5291855421875 0.0452115390625 0.5551275390625 0.076450565625 0.46433067812499995 0.0785331359375 0.4624776234375 0.066037525 0.43097671875000004 0.0306333109375 0.5291855421875