4 0.29337586718750003 0 0.2683472078125 0.3390625 0.36422815937499997 0.3390625 0.37508084375 0 0.29337586718750003 0
3 0.340625 0.19375 0.01875 0.128125
4 0.9296875 0.16328125 0.10625 0.3265625
5 0.4 0.43697274531249997 0.3753158875 0.43847359375000006 0.33099888437499997 0.46886873125 0.31996963749999996 0.511421921875 0.34317935624999996 0.51902070625 0.37710125156249996 0.5053428953125 0.4 0.49316031250000003 0.4 0.43697274531249997
5 0.2717648390625 0.784978153125 0.26819411406250004 0.7576225296875 0.22385602656249998 0.745464475 0.1985649609375 0.7682608281250001 0.1985649609375 0.8062547500000001 0.2146332265625 0.8214523171875001 0.2574819359375 0.815373290625 0.2717648390625 0.784978153125
5 0.2021356859375 0.5646134125 0.1702845984375 0.5478960859375 0.1360772578125 0.5782912234375 0.13429189531250002 0.6010875765625 0.152145525 0.6162851437500001 0.1896381453125 0.591969034375 0.2021356859375 0.5646134125
5 0.084301734375 0.6679568765624999 0.050641740625 0.6953125 0.0628773796875 0.718108853125 0.086087096875 0.718108853125 0.116438265625 0.6983520140625 0.112867540625 0.6679568765624999 0.084301734375 0.6679568765624999
4 0.630294725 0.3390625 0.5900636203125 1 0.7264868828125 1 0.7286480390625 0.3390625 0.630294725 0.3390625
3 0.61484375 0.81171875 0.01015625 0.0765625
3 0.6234375 0.65078125 0.015625 0.0796875
3 0.728125 0.70625 0.015625 0.08671875
3 0.725 0.92265625 0.01796875 0.10703125
3 0.6328125 0.465625 0.01640625 0.09296875
3 0.73359375 0.49375 0.015625 0.11640625
2 1 0.9455457109375001 0.7336015609375 0.9500937453125001 0.7304358734375 0.9701563109375 1 0.966654171875 1 0.9455457109375001
2 0.4 0.8868106874999999 0.609234846875 0.8054780906250001 0.6123708234375 0.7862654703125 0.4 0.8687105984375 0.4 0.8868106874999999
2 0.4 0.9375488546875002 0.6116064124999999 0.8496896828124999 0.613643040625 0.8355239171874999 0.4 0.92249839375 0.4 0.9375488546875002
2 0.4 0.6331638421875001 0.65339660625 0.5617024734375 0.6538645421875 0.53994683125 0.4 0.6086881953125 0.4 0.6331638421875001