4 0.36792969375 0 0.3414475453125 0.5 0.4589061515625 0.5 0.4683847421875 0.02265719375 0.418478490625 0 0.36792969375 0
3 0.446875 0.4734375 0.01875 0.053125
3 0.45234375 0.25703125 0.0203125 0.12109375
3 0.3546875 0.265625 0.02421875 0.14375
5 0.6577023390625 0.252165653125 0.6541316140625 0.22481002968750002 0.6097935265625 0.212651975 0.5845024609375 0.235448328125 0.5845024609375 0.27344225 0.6005707265625 0.2886398171875 0.6434194359375 0.282560790625 0.6577023390625 0.252165653125
5 0.5880731859375 0.0318009125 0.5562220984375 0.0150835859375 0.5220147578125001 0.0454787234375 0.5202293953125 0.06827507656250001 0.5380830249999999 0.08347264374999999 0.5755756453124999 0.059156534375 0.5880731859375 0.0318009125
5 0.4796875 0.18030825 0.502375765625 0.1655395140625 0.49880504062500003 0.1351443765625 0.4796875 0.1351443765625 0.4796875 0.18030825
1 0.1453125 0.61953125 0.03046875 0.03046875
3 0.348514709375 0.5 0.0171359390625 0.6170896328125 0.064212696875 0.6854110421875 0.4275443859375 0.5600988796874999 0.3820894125 0.5 0.348514709375 0.5
3 0.4796875 0.5890439 0.46321063437500004 0.5660890249999999 0.0871345953125 0.7031621218749999 0.1305124640625 0.765738053125 0.4796875 0.6465163890625 0.4796875 0.5890439
1 0.6828125 0.8203125 0.02734375 0.01171875
3 0.6875 0.8078125 0.1 0.384375
4 0.67890625 0.75 0.1671875 0.5