4 0.1171875 0.159375 0.084375 0.31875
3 0.34418983281250004 0.1266002484375 0.32478866875 0.05308179843750001 0.32330253125 0.0529031625 0.3010359234375 0.068151771875 0.3309195171875 0.175072575 0.355371409375 0.1785311140625 0.3855134734375 0.1194043875 0.36757816875 0.0840203671875 0.34418983281250004 0.1266002484375
3 1 0.0787010125 0.8208923984375 0.21094224062500003 0.8906196671875 0.294123671875 1 0.20853398437499998 1 0.0787010125
4 0.76953125 0.159375 0.3078125 0.31875
3 0.1784475390625 0.373172759375 0.1753236359375 0.373172759375 0.22009960468749998 0.4824996546875 0.24300825625 0.46582267499999996 0.19198448125 0.3509367875 0.1784475390625 0.373172759375
3 0.27320595000000003 0.3602018046875 0.209686565625 0.46211665156250004 0.22842998125 0.4899116171875 0.29299069843750003 0.3824377765625 0.29299069843750003 0.378731753125 0.27320595000000003 0.3602018046875
3 0.211783496875 0.6361713015625 0.2617659375 0.7380861484375 0.2742615484375 0.7306741859375 0.227403009375 0.6287592546875 0.22532034374999999 0.6232002609375 0.211783496875 0.6361713015625
3 0.30677080156250003 0.6394675890625 0.3086244765625 0.6361713015625 0.2523942296875 0.7214091687499999 0.2638485078125 0.747351165625 0.3200787546875 0.6621132125 0.30677080156250003 0.6394675890625
3 0.1732553328125 0.884472940625 0.176379234375 0.8900319343749998 0.2232377734375 0.999358828125 0.24198118906250002 0.986387871875 0.19304008125 0.8733549546875 0.1732553328125 0.884472940625
3 0.2295582 1 0.28050935312499997 0.925238946875 0.28363325625 0.9141209609375001 0.273220215625 0.8918849874999999 0.20449435781249997 0.993799834375 0.2100691171875 1 0.2295582 1
0 1 0.5155328406249999 0.5890625 0.5771788671875 0.5890625 0.67810515 0.8217582328124999 0.6921272765625 1 0.687586321875 1 0.5155328406249999