3 0 0.0834092453125 0.007164390625 0.0998167203125 0.025035078125 0.08536175 0 0.030240584375 0 0.0834092453125
3 0.0455363625 0 0.0001244078125 0.09018004375000001 0.016912039062500002 0.110417003125 0.072199584375 0 0.0455363625 0
3 0 0.352905378125 0.0602349 0.493420996875 0.07756403437500001 0.47414773125 0.010955109375 0.32863432656249997 0 0.34406761406249997 0 0.352905378125
3 0.0688994921875 0.5059486671875 0.1522959984375 0.37007194062500004 0.15175449531250002 0.3671809453125 0.137133025 0.353689625 0.054278020312499994 0.48667535781250004 0.0688994921875 0.5059486671875
3 0.4609375 0.50078125 0.059375 0.0984375
4 0.725 0.37890625 0.55 0.3421875
3 0.72609540625 0.55 0.6638950250000001 0.4825284015625 0.65835283125 0.49941889687499996 0.70164915625 0.55 0.72609540625 0.55
3 0.7808717828124999 0.55 0.8265980031249999 0.49941889687499996 0.8202640671874999 0.4860472546875 0.7600842343750001 0.55 0.7808717828124999 0.55
4 0.1828125 0.85 0.146875 0.3
4 0.40859375 0.66875 0.0421875 0.2375
3 0.15489314375000002 1 0.14956387499999999 0.9607961843750001 0.1427916640625 0.9635745281249999 0.1474017625 1 0.15489314375000002 1
3 0.11328125 0.95546875 0.0078125 0.0890625