4 0.13671875 0.18359375 0.0328125 0.184375
4 0.0640625 0.15625 0.0140625 0.1078125
3 0.28214811875 0 0.29634529375 0.028193059375000003 0.3018063328125 0.0202972625 0.29131268125 0 0.28214811875 0
3 0.303541840625 0 0.2898603125 0.026978339062500002 0.29429740781249997 0.0336593875 0.3136794921875 0 0.303541840625 0
3 0.2574488109375 0.0895864390625 0.25265707656249997 0.09621848281249999 0.2758664375 0.14116382031250002 0.2813274765625 0.13266066406250002 0.2574488109375 0.0895864390625
3 0.29600397031250003 0.09075215625000001 0.2700641046875 0.13569749375 0.2751838203125 0.14298592968749999 0.3018063328125 0.097433203125 0.3021476265625 0.097433203125 0.29600397031250003 0.09075215625000001
3 0.26630962812500003 0.2061523859375 0.2908842546875 0.2547419703125 0.2949800265625 0.2462387859375 0.2714293421875 0.20007869843749998 0.2710880484375 0.19886394999999998 0.26630962812500003 0.2061523859375
3 0.30897393281249996 0.20250816875000002 0.28235141874999997 0.247453534375 0.2881537515625 0.2565640796875 0.314434940625 0.2128334625 0.3154588828125 0.2140481828125 0.30897393281249996 0.20250816875000002
4 0.796875 0.159375 0.40625 0.31875
3 0.63256349375 0.31875 0.6137393328125 0.177585234375 0.612009853125 0.17959555625 0.5853045984375 0.1884197078125 0.6032692374999999 0.31875 0.63256349375 0.31875
4 0.41015625 0.62265625 0.0390625 0.6078125
4 0.66953125 0.84453125 0.3765625 0.3109375