4 0 0 0 0.409375 0.07186685000000001 0.409375 0.0803930671875 0 0 0
4 0.66484375 0.2046875 0.1328125 0.409375
4 0.2796875 1 0.2796875 0.5158439046875001 0.24857896875000002 0.51007755 0.2132630921875 1 0.2796875 1
3 0.253125 0.60625 0.01015625 0.0484375
3 0.0930296625 0.43247312187500003 0.11452515 0.48748063750000004 0.1397218703125 0.4365414546875 0.12949196875 0.42498399062500003 0.1171612671875 0.4666386109375 0.1041002515625 0.4162096046875 0.101977378125 0.41645161093749994 0.0930296625 0.43247312187500003
3 0.07221849999999999 0.6265691984374999 0.0935815359375 0.683136678125 0.11839010624999999 0.620433996875 0.10818963749999999 0.6095665796875 0.0958810109375 0.653965034375 0.0798104453125 0.6127093984374999 0.079757096875 0.6127126687500001 0.07221849999999999 0.6265691984374999
3 0.07899919062500001 0.8143174999999999 0.10323381093749999 0.8696978359374998 0.1290118375 0.8040812625000001 0.119753234375 0.7934885546875 0.103631159375 0.8383383203125 0.088653303125 0.798070334375 0.0881382203125 0.798665540625 0.07899919062500001 0.8143174999999999
4 0.2796875 0.409375 0.2796875 0.47287340625 0.2881315 0.5048652796875001 0.2796875 0.511635871875 0.2796875 0.6230561 0.33343505 0.62423565625 0.3913149921875 1 0.7974544156250001 1 0.8851805953125 0.6262228046875 1 0.61680123125 1 0.56688465625 0.9207477624999999 0.5058106234374999 0.9523509656249999 0.409375 0.8739381546875 0.409375 0.8195382500000001 0.4979520625 0.39028421093750004 0.49910319375 0.3429360015625 0.409375 0.2796875 0.409375
2 0.2796875 0.8522874281250001 0.299597228125 0.8178075906250001 0.34885573125 0.754322415625 0.3391322765625 0.74151811875 0.2796875 0.818126384375 0.2796875 0.8522874281250001
2 0.2796875 0.7451970078125 0.33914231250000004 0.6834424171875 0.3368780421875 0.6708766609375 0.2796875 0.7258582484375 0.2796875 0.7451970078125
2 0.2796875 0.790595275 0.3430931921875 0.71552328125 0.339846471875 0.702854746875 0.2796875 0.77231595 0.2796875 0.790595275
2 0.2796875 0.8089176109375 0.34366136875 0.727638396875 0.33974422187500003 0.7232885296875 0.33974422187500003 0.7232173765625 0.2796875 0.796018959375 0.2796875 0.8089176109375
2 1 0.7953258234374999 0.8766527015625 0.690821690625 0.8732481140624999 0.7057340359375 1 0.819866421875 1 0.7953258234374999
2 0.8705777671875001 0.7224470859375 0.8671703875000001 0.7334209140625 0.9959849671875001 0.86182370625 0.9970067625000001 0.8408580609375 0.8705777671875001 0.7224470859375
2 0.8680763234375 0.7433520093749999 0.86520915625 0.756832165625 0.9974213437499999 0.8960119640624999 0.9974827625 0.8773181390625 0.8680763234375 0.7433520093749999
2 0.8680763234375 0.7669370499999999 0.8643772015625 0.7781558578125 0.9834428515625 0.9113430781249999 0.983863015625 0.8940772531250001 0.8680763234375 0.7669370499999999
3 0.73970100625 0.6954641 0.7285672765625 0.6752475921875 0.6195739234375 0.8308268140624999 0.6295356812499999 0.849285365625 0.73970100625 0.6954641
3 0.5850007625 0.8457694515625 0.5932045625000001 0.8317057921875 0.48538318125 0.6857953359375 0.476007409375 0.6981010359375001 0.5850007625 0.8457694515625