3 0.28828125 0.06875 0.009375 0.06640625
3 0.4125 0.121875 0.0140625 0.0921875
3 0.41171875 0.3234375 0.01015625 0.0765625
3 0.27890625 0.2296875 0.009375 0.0703125
4 0.296516809375 0 0.2540384671875 0.609375 0.40195964999999995 0.609375 0.40074849375 0 0.296516809375 0
2 0.070297184375 0.609375 0.2848396375 0.45496779218750005 0.285070478125 0.44381998281249996 0.055991487500000006 0.609375 0.070297184375 0.609375
2 0 0.41721348125 0.2795654015625 0.2601382390625 0.277759596875 0.25094623125000004 0 0.40534383749999997 0 0.41721348125
2 0 0.38315372187499996 0.30189689999999997 0.22238580937500002 0.29757085625 0.213019778125 0 0.3718246 0 0.38315372187499996
2 0 0.23034475625 0.285748384375 0.1030455328125 0.28444955 0.093310678125 0 0.2185333828125 0 0.23034475625
2 0.24968231406250002 0 0 0.0893071421875 0 0.100368825 0.2816757109375 0 0.24968231406250002 0
2 0.5796875 0.32294436718749997 0.41598908906250004 0.350680528125 0.41391436875 0.3629051875 0.5796875 0.33300102656249997 0.5796875 0.32294436718749997
3 0.13179619375 0.10558833593750001 0.12676886874999999 0.09842225624999999 0.10992199218750001 0.150743203125 0.11587267500000001 0.1568859265625 0.13179619375 0.10558833593750001
3 0.10081991562499999 0.0857887640625 0.0946033296875 0.09110812812499999 0.11006224843750001 0.1524081015625 0.11414430312499999 0.1470134140625 0.10081991562499999 0.0857887640625
3 0.96875 0.3234375 0.0625 0.571875
0 0.39609375 0.6328125 0.3671875 0.046875
3 0.889333871875 1 0.8676363078125 0.9569583937499999 0.8610222750000001 0.9651971859374999 0.8799686874999999 1 0.889333871875 1
3 0.8903838562499999 1 0.9098599046875 0.9658924453125 0.9053109953125 0.9586576000000001 0.8813635765625 1 0.8903838562499999 1