3 0.4270699953125 0 0.44708999374999997 0.0682824609375 0.4606269375 0.0608704984375 0.4453561796875 0 0.4270699953125 0
3 0.462120575 0 0.4377182859375 0.0627234671875 0.449172659375 0.0812534171875 0.4783290203125 0.014545498437500002 0.4726701515625 0 0.462120575 0
3 0.4398009515625 0.25172923593749996 0.41480973125 0.1720503625 0.41585096874999994 0.1683443375 0.39814888437499996 0.18316834843750002 0.42834657812500004 0.268406215625 0.4398009515625 0.25172923593749996
3 0.45854436718749997 0.199845328125 0.45021389687499996 0.1776093546875 0.44708999374999997 0.18131529375 0.41897487031249997 0.255435259375 0.43251181406250006 0.275818178125 0.45854436718749997 0.199845328125
3 0.411685828125 0.38514507187499997 0.435635715625 0.46297097656249997 0.44604875625 0.45370595937499997 0.4220987734375 0.3666151234375 0.4220987734375 0.3740270859375 0.411685828125 0.38514507187499997
3 0.43147048125 0.4611180078125 0.4398009515625 0.4685299703125 0.4647496390625 0.3871368046875 0.4564617015625 0.3740270859375 0.43147048125 0.4611180078125
1 0.95234375 0.11640625 0.06484375 0.0359375
3 0.9375 0.2328125 0.125 0.403125
2 1 0.37589595937500003 0.9399666609375 0.401387025 0.4890625 0.6575255078125 0.4890625 0.7102383203125 0.9708387187499999 0.444809684375 1 0.43278804062500004 1 0.37589595937500003
3 0.621875 0.9 0.11875 0.2
4 0.65625 0.9 0.178125 0.2