4 0.09609375 0.09375 0.0546875 0.1875
3 0.40229267812499997 0 0.4326561390625 0.0658206890625 0.44269876718749995 0.0578781046875 0.41958899687500006 0 0.40229267812499997 0
3 0.45 0.0103566296875 0.42428728437499996 0.064827878125 0.4354457921875 0.0767417984375 0.45 0.04479938125 0.45 0.0103566296875
3 0.45 0.2073594875 0.4281927671875 0.1600029515625 0.4175921984375 0.17886664531250002 0.418150140625 0.1778738328125 0.45 0.240035653125 0.45 0.2073594875
4 0.8453125 0.446875 0.0625 0.225
3 0.83203125 0.3859375 0.00546875 0.01875
3 0.8296875 0.4234375 0.00546875 0.02109375
3 0.8640625 0.38828125 0.00625 0.021875
3 0.865625 0.421875 0.0046875 0.0234375
3 0.86796875 0.4625 0.00546875 0.02421875
2 0.45 0.8246087484375 0 0.75619669375 0 0.7936157484375 0.45 0.8623411078125001 0.45 0.8246087484375
1 0.9734375 0.77109375 0.053125 0.0484375
3 0.92421875 0.86875 0.1515625 0.2625