4 0.27578125 0.20859375 0.053125 0.296875
1 0.821875 0.31328125 0.03828125 0.06015625
1 0.81796875 0.378125 0.03515625 0.04609375
1 0.81640625 0.42265625 0.03203125 0.05859375
1 0.81484375 0.45546875 0.0359375 0.0265625
1 0.82578125 0.14921875 0.0328125 0.04296875
3 0.82109375 0.2859375 0.0890625 0.365625
4 0.4078125 0.8578125 0.084375 0.284375
4 0.159375 0.82890625 0.0265625 0.18203125
3 0.2171750421875 0.76920365625 0.22379480468750002 0.7649242125 0.2000238375 0.7264092265625 0.1964130578125 0.7301537390625 0.2171750421875 0.76920365625
3 0.21416605781250003 0.7649242125 0.22108672031249998 0.7681337953125 0.24184870468750003 0.7312236000000001 0.23703433125 0.7264092265625 0.21416605781250003 0.7649242125
3 0.5796875 0.77578125 0.01015625 0.06953125
3 0.74140625 0.825 0.0109375 0.0875
3 0.73515625 0.6 0.0109375 0.0859375
3 0.58515625 0.58984375 0.0109375 0.07421875
4 0.6152476874999999 0.46875 0.5918891625 1 0.71227813125 1 0.688373446875 0.46875 0.6152476874999999 0.46875