4 0.26640625 0.35078125 0.02890625 0.19296875
3 0.56796875 0.27578125 0.01640625 0.05625
3 0.628125 0.28046875 0.01796875 0.04296875
3 0.565625 0.35625 0.0203125 0.05546875
3 0.628125 0.36015625 0.02109375 0.046875
4 0.59140625 0.4171875 0.0953125 0.465625
3 0.37314095625 0.139463696875 0.398925403125 0.188704571875 0.40584316718749996 0.17975167187500002 0.38131647968750004 0.1327490328125 0.380687628125 0.1293917015625 0.37314095625 0.139463696875
3 0.4177920859375 0.1372254578125 0.3913787296875 0.183109003125 0.39829649375 0.192061903125 0.42219433124999994 0.148416596875 0.42408099843749997 0.1450592390625 0.4177920859375 0.1372254578125
3 0.354903125 0.2536129609375 0.35301645625 0.2536129609375 0.3788009609375 0.30173469218750004 0.38760539375 0.2939009359375 0.362449796875 0.244660059375 0.354903125 0.2536129609375
3 0.409745 0.25644647656249997 0.3995543109375 0.24577920468749997 0.3712542875 0.29613917343749996 0.3781720515625 0.30733026093750004 0.409745 0.25644647656249997
3 0.4133270609375 0.3585805921875 0.390404903125 0.406045440625 0.394989328125 0.41272018125 0.4183282640625 0.3682219078125 0.4204121234375 0.36748024687499997 0.4133270609375 0.3585805921875
3 0.3678994890625 0.368963534375 0.36956653125 0.3697051609375 0.399157009375 0.41791163593749997 0.40415821249999995 0.4097536078125 0.37581803593749996 0.356355678125 0.3678994890625 0.368963534375
3 0.8625 0.1046875 0.01484375 0.06953125
3 0.85546875 0.19375 0.01640625 0.05390625
3 0.8484375 0.28671875 0.015625 0.06796875
3 0.91484375 0.11640625 0.01640625 0.06015625
3 0.91484375 0.20390625 0.0140625 0.05703125
3 0.91484375 0.290625 0.01640625 0.06875
4 0.9409771593749999 0.65 0.9199404828125001 0.017177492187499997 0.8449668203125 0.013471578125 0.8126864625 0.6268096203125 0.8145833015624999 0.6363425890625 0.8262820984375001 0.65 0.9409771593749999 0.65
3 0.6390625 0.057354696875 0.6546997734375 0.0954556640625 0.6631632484375001 0.081398925 0.6390625 0.0215045578125 0.6390625 0.057354696875
3 0.6887329875 0.026519228125 0.6767048078125 0.01814366875 0.64397935625 0.0803948890625 0.6558282203125 0.09947185625 0.6887329875 0.026519228125
3 0.6390625 0.1980123828125 0.669369778125 0.272168778125 0.6800901968749999 0.261124240625 0.6507501359375001 0.186824353125 0.6400297171875 0.1988729734375 0.6390625 0.1971517890625 0.6390625 0.1980123828125
3 0.694195953125 0.19586081875 0.661470553125 0.2651403859375 0.6710624734375 0.27417685 0.7049163703125 0.205901365625 0.704352121875 0.205901365625 0.694195953125 0.19586081875
4 0.0859375 0.890625 0.053125 0.21875
3 0.6328125 0.81640625 0.0125 0.0671875
3 0.628125 0.909375 0.01796875 0.06171875
3 0.39367470625 0.7362975390625 0.39367470625 0.7382752890625 0.42646098437499996 0.81639584375 0.4359078515625 0.8065071796875 0.403121625 0.7244311234375 0.39367470625 0.7362975390625
3 0.4607127015625 0.7475780171874999 0.44868891250000004 0.7382752890625 0.4175697828125 0.8055183265625001 0.4247938875 0.8193624484375001 0.4607127015625 0.7475780171874999
3 0.411457109375 0.9245237046874999 0.413679871875 0.9225459984375 0.4386863296875 0.987811284375 0.44924462812500005 0.9818780765625 0.423126790625 0.9087018312499999 0.411457109375 0.9245237046874999
3 0.44493154687500003 1 0.4757232921875 0.9266467046875 0.46591560000000004 0.9156238921875 0.4342407546875 0.9907778875 0.4394231640625 1 0.44493154687500003 1
0 0.8640625 0.825 0.271875 0.35