4 0.38671875 0.13828125 0.0453125 0.2765625
4 0 0 0 0.86875 0.07495989374999999 0.86875 0.052344195312499994 0 0 0
3 0.053125 0.51171875 0.025 0.12265625
3 0.05078125 0.28828125 0.02578125 0.12109375
3 0.0453125 0.0609375 0.021875 0.121875
3 0.9422978546875 0.43604850624999997 0.9496049718750001 0.4293222359375 0.9228846687499999 0.33821357343749997 0.9159165328124999 0.34658830625000003 0.9422978546875 0.43604850624999997
3 0.9422416109375 0.4308382828125 0.9500153984375 0.4357161109375 0.9762827109375 0.34975551718750003 0.9688403062500001 0.34036197968750004 0.9422416109375 0.4308382828125
3 0.9148904671875 0.739033321875 0.920615159375 0.730850459375 0.890578 0.6533916093750001 0.8836174671875 0.6613636859375001 0.9148904671875 0.739033321875
3 0.9143538718750002 0.7300370359375 0.9210347078125001 0.73729838125 0.949218865625 0.6364827015625 0.9408218390624998 0.6302320546875 0.9143538718750002 0.7300370359375
3 0.7140625 0.975 0.0375 0.05
4 0.41875 0.86875 0.41875 0.9282840984374999 0.442579175 0.9760848015624999 0.441957428125 1 0.6380734968749999 1 0.634178565625 0.9557019375 0.7414325875 0.9705258453125 0.712054365625 0.86875 0.41875 0.86875