5 0.509375 0.2958811984375 0.5150932906250001 0.3062872625 0.5449249546875 0.3513650578125 0.5747566187500001 0.32809909843749996 0.58114911875 0.26993420156250003 0.5726257859375 0.2074069359375 0.5236166234375 0.16087501875000002 0.509375 0.14442787968749998 0.509375 0.2958811984375
5 0.51563345625 0 0.509375 0.010677234375 0.509375 0.0414160203125 0.51935495625 0.048907590625000004 0.5406632890624999 0.041636978125 0.5534482875 0.0125545296875 0.57759445625 0 0.51563345625 0
4 0.31328125 0.64453125 0.0265625 0.1703125
3 0.4249690046875 0.44603535625 0.44956577812500004 0.48633155937500006 0.454250878125 0.4779944109375 0.4323870921875 0.4363086734375 0.433948803125 0.43214009999999997 0.4249690046875 0.44603535625
3 0.46726807656249997 0.435208959375 0.46752533906249993 0.43561392187500003 0.444099840625 0.4786891953125 0.449956215625 0.48563680781249996 0.47299127656250006 0.4432563015625 0.46726807656249997 0.435208959375
3 0.4039970125 0.551856846875 0.4027147828125 0.5523339875 0.42965410468750004 0.6002725859375 0.436291353125 0.5933249734375 0.41130414374999996 0.5446915921875 0.4039970125 0.551856846875
3 0.44852109531249995 0.5487323484375001 0.448394503125 0.5488601656250001 0.42457860468749997 0.592630190625 0.4308253796875 0.603051625 0.45464131406249997 0.5571973124999999 0.44852109531249995 0.5487323484375001
3 0.463058165625 0.663611690625 0.44165328125 0.7040102265625 0.4448964453125 0.7090119453125 0.4680310109375 0.6686134078125 0.46824722812499997 0.6682286656249999 0.463058165625 0.663611690625
3 0.42711675624999995 0.663712534375 0.4226267109375 0.6682286656249999 0.4431667453125 0.710935690625 0.44705854218749996 0.7055492125 0.42711675624999995 0.663712534375
1 0.86015625 0.8640625 0.0515625 0.028125
3 0.865625 0.88046875 0.16875 0.2390625
3 0.60234375 0.46796875 0.1859375 0.1765625