4 0.50078125 0.471875 0.02578125 0.17734375
3 0.5796875 0.3942705484375 0.5665549875 0.3705354359375 0.561653784375 0.378720175 0.5796875 0.4093792921875 0.5796875 0.3942705484375
4 0.85234375 0.44609375 0.2953125 0.3078125
3 0.7140625 0.553125 0.025 0.09375
3 0.93828125 0.5546875 0.0109375 0.090625
4 0.09940027031250001 0.6 0.0962012578125 0.7329323015625 0.087282278125 1 0.1997550265625 1 0.1711132234375 0.6 0.09940027031250001 0.6
2 0.5796875 0.9519440109375001 0.20386534687500002 0.7958553609375001 0.2035056515625 0.7956192125 0.203062378125 0.816116296875 0.5796875 0.9733215281250001 0.5796875 0.9519440109375001
2 0.5796875 0.8905959203125 0.206050375 0.727632575 0.20274148906249997 0.7501090546875 0.20086914843749998 0.750091440625 0.5796875 0.9124856187500001 0.5796875 0.8905959203125
2 0.327227634375 0.6 0.5796875 0.7197291031249999 0.5796875 0.6985139984375001 0.3692393328125 0.6 0.327227634375 0.6
2 0.39889882499999996 0.6 0.43119672031249995 0.61547121875 0.43119672031249995 0.6152538328125 0.5796875 0.6843259921875 0.5796875 0.6663080453125 0.4362226265625 0.6 0.39889882499999996 0.6
0 0.5796875 1 1 1 1 0.8714524156250001 0.7110204015624999 0.8743323593750001 0.5796875 0.9896291546875 0.5796875 1