3 0.48359375 0.31484375 0.00859375 0.0484375
3 0.48828125 0.5 0.0078125 0.01875
3 0.41484375 0.37890625 0.00859375 0.04765625
3 0.4203125 0.29296875 0.00859375 0.046875
3 0.4109375 0.46640625 0.00703125 0.04140625
4 0.4903623796875 0.509375 0.5011120375 0.498780534375 0.4800947046875 0.21735988750000002 0.42083273125 0.210321975 0.3967145125 0.444704753125 0.4211772890625 0.47352124218749997 0.41895000937500004 0.509375 0.4903623796875 0.509375
1 0.89765625 0.18203125 0.06484375 0.0359375
3 0.8953125 0.2984375 0.1484375 0.403125
4 0.53125 0.703125 0.04375 0.19140625
4 0.703125 0.7546875 0.084375 0.490625
3 0.70390625 0.8609375 0.0421875 0.278125