3 0.49453125 0.00703125 0.0078125 0.0140625
4 0.47734375 0.2 0.0640625 0.4
3 0.3095064390625 0 0.3330099359375 0.07078001874999999 0.34238164375 0.065221025 0.3258526640625 0 0.3095064390625 0
3 0.34372817499999997 0 0.323638228125 0.05225006875 0.3330099359375 0.078192065625 0.358801025 0 0.34372817499999997 0
3 0.315307853125 0.1838129359375 0.339257740625 0.2486678 0.35071211406249997 0.2375498140625 0.33092736562499997 0.1578709390625 0.3298860328125 0.1634299328125 0.315307853125 0.1838129359375
3 0.36733950625 0.1987246125 0.3548772546875 0.17825394375 0.3319686984375 0.24681483124999998 0.3434229765625 0.261638840625 0.36733950625 0.1987246125
4 0.8734375 0.2 0.253125 0.4
4 0.40390625 0.6515625 0.02578125 0.17734375
3 0.4893037203125 0.6001025140625 0.493396840625 0.5930877109375 0.4696799875 0.5502229359374999 0.464778784375 0.558407675 0.4893037203125 0.6001025140625
3 0.509375 0.5549260078125 0.5076747890625 0.55287270625 0.48399171875 0.594015009375 0.4907239484375 0.599189628125 0.509375 0.564927159375 0.509375 0.5549260078125
4 0.5963894578125 0.4 0.5646108796875 1 0.69298455 1 0.7048987437500001 0.4 0.5963894578125 0.4
3 0.58125 0.7734375 0.0203125 0.14765625
3 0.68828125 0.6734375 0.01796875 0.1125
3 0.69296875 0.44375 0.0203125 0.0875
3 0.59453125 0.45390625 0.0234375 0.1078125
2 0.8512351359375 1 0.8512351359375 0.9634673843750001 0.7114485015625001 0.8929733531250001 0.7078842609375 0.9300423562500001 0.84810335 1 0.8512351359375 1
2 1 0.5601066953125 0.7161224875000001 0.47324372812500004 0.7157370359375 0.49754444218750005 1 0.59501320625 1 0.5601066953125
2 1 0.6394022453125 0.7150442921875 0.5310812375 0.7144835234375 0.5591354203125001 1 0.666751984375 1 0.6394022453125
3 0.68984375 0.90625 0.0109375 0.08359375