4 0.56796875 0.5 0.13515625 1
3 0.5046875 0.8453125 0.01875 0.1328125
3 0.51796875 0.53359375 0.01953125 0.14453125
3 0.53671875 0.190625 0.0234375 0.15625
3 0.63515625 0.19296875 0.01953125 0.12265625
3 0.62734375 0.43984375 0.0171875 0.1078125
2 1 0.8460691796875001 0.8239052671874999 0.75121799375 0.65046081875 0.6512466125 0.6474791109375 0.6764189015625 1 0.878342025 1 0.8466818796875 1 0.8460691796875001
2 0.9981236984375 0.942125665625 0.9981236984375 0.9101064640625 0.6540210531249999 0.70687655625 0.653562796875 0.7052899421875 0.653159690625 0.7278045875 0.9981236984375 0.942125665625
2 1 0.678993215625 0.998312125 0.6257827484375 0.6657003718750001 0.48741445624999996 0.6641095171875 0.48691077812500005 0.6618054609375 0.5118991187499999 1 0.678993215625
2 0.6400953625 0.305903315625 0.998889334375 0.4458081890625 0.998289075 0.41755626562500003 0.9972618203125 0.418529425 0.6414385453125 0.28589911562500003 0.6400953625 0.305903315625
2 1 0.38015671875 0.9995892203125001 0.3437145265625 0.6629533671875001 0.236503753125 0.65976675 0.22992923906249998 0.6586223999999999 0.25889179375000004 1 0.38015671875
2 0.4823035203125 0.87536459375 0.0855922375 0.7529546296875 0.084068765625 0.779866246875 0.4775776609375 0.91049421875 0.4823035203125 0.87536459375
2 0.48999725468750005 0.662320653125 0.059100465625 0.580403515625 0.0582337265625 0.6179802015625 0.488764409375 0.6947706015625 0.48915802812500003 0.6644817140625 0.48999725468750005 0.662320653125
2 0.4878088703125 0.57257705 0.1092685296875 0.535507784375 0.109107015625 0.5682545250000001 0.4894346953125 0.6074108546875 0.4897784234375 0.575144784375 0.4878088703125 0.57257705
2 0.491367275 0.462714340625 0.07172457343750001 0.40212255937499997 0.0703195015625 0.4496319265625 0.4916337546875 0.5091658203125 0.49180333125000003 0.46737195781249996 0.491367275 0.462714340625
3 0.62421875 0.66015625 0.01015625 0.0703125