4 0.0003353921875 0 0 0.0055100015625 0 0.359375 0.1258635703125 0.359375 0.1270386671875 0 0.0003353921875 0
3 0.0140625 0.009375 0.009375 0.01875
3 0.125 0.09140625 0.01796875 0.10703125
2 0 0.20080941874999997 0.12353186406250001 0.139151209375 0.1241423125 0.1252495515625 0 0.18687390312500002 0 0.20080941874999997
2 0.359375 0.11498927187500001 0.1336015609375 0.1188437453125 0.13043587343750002 0.1389063109375 0.359375 0.1359319671875 0.359375 0.11498927187500001
4 0.8421875 0.21875 0.0421875 0.18671875
4 0.7734375 0.196875 0.015625 0.10625
3 1 0.0520106328125 0.9895651578125001 0.0340781640625 0.9872807640625 0.0408467390625 1 0.063458715625 1 0.0520106328125
3 0.9869000312499999 0.1911091171875 0.9929917484375 0.186371115625 0.97014780625 0.145082803125 0.9667212156249999 0.15320509375 0.9869000312499999 0.1911091171875
3 1 0.157969915625 0.9834734390625 0.186371115625 0.989184425 0.1911091171875 1 0.170851375 1 0.157969915625
4 0.7078125 0.6796875 0.13125 0.640625