3 0.35546875 0.01328125 0.0109375 0.0265625
3 0.39375 0.02734375 0.0125 0.0546875
3 0.3953125 0.13046875 0.01015625 0.05390625
3 0.353125 0.12109375 0.01171875 0.0546875
4 0.35625 0.175 0.115625 0.35
3 0.15097625625 0 0.16115907812500002 0.0396383140625 0.174696021875 0.0340793203125 0.16713640000000002 0 0.15097625625 0
3 0.164196121875 0 0.1552083015625 0.025405089062500004 0.15387003593749998 0.0248143890625 0.168448215625 0.0451973078125 0.182899284375 0 0.164196121875 0
3 0.1392917609375 0.22308508906250002 0.17886125625 0.34723599374999997 0.1944807703125 0.32129399687500004 0.1517873703125 0.19714317812499998 0.15387003593749998 0.206408109375 0.1392917609375 0.22308508906250002
3 0.1770256140625 0.35 0.22051322812500002 0.22864408281249998 0.20281114531250002 0.2082611640625 0.1661458015625 0.33096064531249997 0.16324174375 0.332411984375 0.17160483437500001 0.35 0.1770256140625 0.35
4 0.158211315625 0.35 0.153368659375 1 0.36798752343749996 1 0.3510664265625 0.35 0.158211315625 0.35
3 0.178125 0.4 0.021875 0.1
3 0.17109375 0.59140625 0.01875 0.10390625
3 0.16484375 0.78984375 0.01953125 0.10703125
3 0.3515625 0.85078125 0.025 0.12265625
3 0.34921875 0.62734375 0.02578125 0.12109375
3 0.34375 0.40546875 0.021875 0.1109375
0 0.6921875 0.74453125 0.05 0.5109375