3 0.285390815625 0.09929624687500001 0.2689737734375 0.10960709375 0.29396499375 0.19484496093749998 0.3075019375 0.1874329984375 0.285390815625 0.09929624687500001
3 0.2845932859375 0.1892859671875 0.296047659375 0.20781591718749998 0.3252040203125 0.1411079984375 0.3158323125 0.11701905625 0.312708409375 0.11701905625 0.2845932859375 0.1892859671875
3 0.24502388437499997 0.3097308484375 0.275221578125 0.394968715625 0.28667595156250003 0.3782917359375 0.26168473125 0.2986128625 0.26272596875 0.2949068375 0.24502388437499997 0.3097308484375
3 0.26584987031249996 0.381997759375 0.2793868140625 0.402380678125 0.30541936718749996 0.326407828125 0.297088896875 0.30417185468749997 0.29396499375 0.30787779375 0.26584987031249996 0.381997759375
3 0.2689737734375 0.49317762343749993 0.2689737734375 0.5005895859375 0.258560828125 0.5117075718749999 0.282510715625 0.5895334765625 0.29292375625 0.5802684593749999 0.2689737734375 0.49317762343749993
3 0.31162463906250004 0.5136993046875 0.30333670156250003 0.5005895859375 0.27834548125 0.5876805078125 0.28667595156250003 0.5950924703125 0.31162463906250004 0.5136993046875
1 0.66484375 0.39453125 0.05703125 0.03203125
3 0.659375 0.45625 0.18125 0.346875
3 0.79375 0.4703125 0.178125 0.31875
0 0.20824420781250003 1 0 0.7790725609375 0 0.9974331187499998 0.0048613171875 1 0.20824420781250003 1
3 0.6265625 0.69296875 0.021875 0.1265625
4 0.6879931921875 0.6296875 0.697913584375 1 0.8170020765625001 1 0.842469290625 0.6296875 0.6879931921875 0.6296875
2 1 1 1 0.994264403125 0.830904578125 0.9090188859375001 0.8306418890625 0.9253012453125 0.9795856578125001 1 1 1
2 1 0.9687510453125 0.8349149687499999 0.8890282296875001 0.8349149687499999 0.899025746875 1 0.9801411328124999 1 0.9687510453125
2 1 0.9083625203124999 0.8424862578125001 0.8400892125 0.8426190609375 0.8568378453125 1 0.9256347625 1 0.9083625203124999
2 1 0.7556910703125 0.8425711203125001 0.7019984375 0.842730803125 0.7131899046875 0.9974539374999999 0.76429050625 1 0.7651677515624999 1 0.7556910703125
2 1 0.744402434375 0.84470081875 0.691678975 0.8442665625 0.692390928125 0.8441193890625 0.700378053125 1 0.7531711171875 1 0.744402434375
2 1 0.7123749234375 0.8469047468750001 0.663850975 0.8469047468750001 0.6724440890625 1 0.7205971 1 0.7123749234375
2 1 0.7018087609375 0.8491645078125 0.6553737609375 0.8484234875000001 0.6619215265625 1 0.710130975 1 0.7018087609375
2 0.8517871984374998 0.6296875 1 0.67320925625 1 0.666327246875 0.88100718125 0.6296875 0.8517871984374998 0.6296875
2 0.3796875 0.8522159328125 0.613711678125 0.8819770421875 0.6874580625 0.9260601421875 0.6862297374999999 0.887336653125 0.6169412375000001 0.8599920937500001 0.3796875 0.8294853953124999 0.3796875 0.8522159328125
2 0.3796875 0.8077023984375 0.421685003125 0.8120464640625 0.5648339890624999 0.8261555796875 0.6485224875 0.8325939124999999 0.6911650671875 0.8564436578125001 0.6900576921875 0.8350542375 0.64121116875 0.8143649343749999 0.5852058578125 0.810084915625 0.3796875 0.794229925 0.3796875 0.8077023984375
2 0.3796875 0.780832953125 0.46960499375 0.786297790625 0.6082885546875 0.7902093375 0.6897625281249999 0.8301450906250001 0.6892132156249999 0.8120786093750001 0.610190871875 0.7755548609374999 0.5147493703125 0.7744636093749999 0.3796875 0.7665044640625001 0.3796875 0.780832953125
2 0.3796875 0.7567648265625 0.398734921875 0.757495753125 0.6032836968749999 0.7647105484375001 0.600636675 0.74520995625 0.6004793765625001 0.74520995625 0.3796875 0.7386364828125 0.3796875 0.7567648265625
2 0.3796875 0.6977455953125 0.6067687265625 0.6936842343749999 0.60640468125 0.6842663890625 0.3796875 0.6876282546875 0.3796875 0.6977455953125
2 0.3796875 0.6614172671875 0.6068344703124999 0.6490585109375 0.6055955828125 0.6384828453125 0.6051472812500001 0.638757746875 0.6052194609375 0.638757746875 0.3796875 0.647769834375 0.3796875 0.6614172671875
2 0.6859586046875 0.7853607421875 0.6869168343750001 0.757030525 0.651740128125 0.75233881875 0.6507769671875 0.767370525 0.6859586046875 0.7853607421875