3 0.04375 0.4546875 0.01328125 0.071875
3 0.1875 0.33046875 0.0125 0.09140625
3 0.18984375 0.53125 0.01328125 0.0875
3 0.05234375 0.2921875 0.0140625 0.08828125
3 0.06171875 0.11875 0.01328125 0.08359375
3 0.1875 0.1265625 0.0171875 0.10078125
4 0.10234375 0.33984375 0.1234375 0.6796875
0 0.86171875 0.44140625 0.2765625 0.1140625
2 0.2522074265625 0.6796875 0.609375 0.7373973703125001 0.609375 0.7010370140625 0.47403917812499996 0.6796875 0.2522074265625 0.6796875
4 0.28984375 0.83984375 0.2703125 0.3203125
4 0.609375 1 0.62619558125 1 0.6195125265625 0.7595086203125 0.609375 0.7595086203125 0.609375 1