4 0.096875 0.3265625 0.078125 0.425
3 0.310705190625 0.1640217078125 0.3168458171875 0.156509221875 0.293818515625 0.10187303125 0.286910325 0.11075141875000001 0.286910325 0.11348321718750001 0.310705190625 0.1640217078125
3 0.310705190625 0.168802365625 0.34371097968750003 0.118263890625 0.3444785796875 0.1175809328125 0.3364190234375 0.1100684609375 0.30609973125 0.1578751359375 0.310705190625 0.168802365625
3 0.3291270328125 0.299929234375 0.33603522343750003 0.2965144921875 0.30917002656250003 0.23778057187499999 0.3037970015625 0.24392714375 0.3041808015625 0.2446100859375 0.3291270328125 0.299929234375
3 0.3287432328125 0.30334400625 0.3640517859375 0.25758620312499997 0.3648193515625 0.25758620312499997 0.3552246296875 0.24734191718749998 0.3229864078125 0.2992462921875 0.3287432328125 0.30334400625
3 0.310705190625 0.43648425625 0.341024484375 0.3893605375 0.3425596140625 0.3893605375 0.3356514234375 0.37775033593749996 0.30609973125 0.42623997031250005 0.310705190625 0.43648425625
3 0.3095538265625 0.4358013140625 0.31454308750000004 0.4282888265625 0.2899806203125 0.3702378796875 0.2834562296875 0.3811651078125 0.28422379375 0.38184805 0.3095538265625 0.4358013140625
4 0.77734375 0.26953125 0.4453125 0.5390625
3 0.5828125 0.2046875 0.02265625 0.12578125
4 0.1046875 0.76953125 0.15 0.4609375
3 0.1625 0.696875 0.0171875 0.253125
3 0.0697246265625 0.5390625 0.07672716406249999 0.6174176921875001 0.08632445 0.6125428796875 0.0804197765625 0.5390625 0.0697246265625 0.5390625
1 0.78359375 0.71484375 0.07109375 0.0578125
3 0.4890625 0.745312196875 0.9184087671875 0.8288228 0.9648817171874999 0.6495532890625 0.4890625 0.56848936875 0.4890625 0.745312196875
2 1 0.7796311390625 0.9876087328125 0.7712740390625 0.6078449515625 0.9629324687499998 0.4890625 0.992171540625 0.4890625 1 0.6471221578125 1 1 0.811490946875 1 0.7796311390625