4 0.565625 0.434375 0.03984375 0.20625
4 0.95625 0.575 0.08671875 0.62578125
3 0.93203125 0.36015625 0.01953125 0.0515625
3 0.9296875 0.440625 0.01640625 0.06328125
3 0.99375 0.36875 0.01171875 0.05234375
3 0.7522548609374999 0.24752994374999998 0.7235763937499999 0.18738349062499998 0.7147680296875001 0.2030579984375 0.7439243906249999 0.2605009 0.7501721953125 0.2512358828125 0.7522548609374999 0.24752994374999998
3 0.76162656875 0.1919400109375 0.7345526828125 0.2456768890625 0.7460070562500001 0.26235386875 0.7762047484375 0.20491096718750001 0.7630208015625 0.1925925890625 0.76162656875 0.1919400109375
3 0.68769414375 0.3272088171875 0.7178919328125 0.3883577421875 0.7314287796875 0.3753867875 0.7043549890625 0.3179438 0.691859378125 0.330914840625 0.68769414375 0.3272088171875
3 0.708520225 0.38465171875 0.7189331703125 0.392063765625 0.751213528125 0.3383268046875 0.7532960984375 0.33276781093749996 0.7439243906249999 0.321649825 0.708520225 0.38465171875
3 0.7375531421875 0.51505883125 0.7459154609375 0.5093354546875 0.7208285640625001 0.44866782968749996 0.720185290625 0.45095719062499995 0.710536484375 0.457825221875 0.7375531421875 0.51505883125
3 0.727261121875 0.513914125 0.7349801671875 0.5276501875 0.7690725984375 0.46927192343749996 0.7697158703125 0.46812726875 0.758137303125 0.457825221875 0.727261121875 0.513914125