4 0.28359375 0.3375 0.0421875 0.04375
3 0.51875 0.32333753593750003 0.5023411531249999 0.294166253125 0.49895645625 0.300785215625 0.51875 0.3376104140625 0.51875 0.32333753593750003
5 0.6540859593749999 0.208502796875 0.6496129265625 0.23393988281250003 0.6576644078125 0.250632971875 0.68718670625 0.255402409375 0.7015005640625 0.23791441406249997 0.7077628812500001 0.21645188750000002 0.7015005640625 0.1989638921875 0.669294459375 0.1775013375 0.6415613859375 0.1655777140625 0.6245636609374999 0.138550815625 0.6075659953125 0.1194730078125 0.5789383390625 0.109934103125 0.5637298390625001 0.1075493703125 0.5520998484375 0.10516465156249999 0.5386806328125 0.1131137296875 0.5673082890625001 0.1218577265625 0.581622146875 0.13775590937499999 0.618301403125 0.168757340625 0.6361936515625001 0.18704026875 0.6549806015625 0.1918097078125 0.6540859593749999 0.208502796875
4 0.246875 0.765625 0.05546875 0.2890625
3 0.3486413875 0.6052284890624999 0.36382828749999996 0.6359057124999999 0.36916424531250003 0.6286016218749999 0.35233550468749997 0.5971939671875 0.353977309375 0.6015764265625 0.3486413875 0.6052284890624999
3 0.37737338125000003 0.5979243828125 0.358492365625 0.63225365 0.3621864828125 0.6417490046875 0.38558255468749997 0.6001156125 0.38311981093749997 0.6008460281250001 0.37737338125000003 0.5979243828125
3 0.3580818953125 0.6724262281250001 0.356440053125 0.6724262281250001 0.3720374609375 0.70456425 0.37860475312499997 0.697260159375 0.3634178546875 0.668774165625 0.3580818953125 0.6724262281250001
3 0.3942622515625 0.673652371875 0.3868139265625 0.667313334375 0.367522403125 0.7001817890625001 0.3732688328125 0.7074859124999999 0.3942622515625 0.673652371875
1 0.71953125 0.9828125 0.0765625 0.034375
3 0.675 0.9296875 0.3125 0.140625
4 0.759375 0.6796875 0.48125 0.640625
3 0.884375 0.39921875 0.23125 0.0796875