4 0.37734375 0.26484375 0.1453125 0.5296875
3 0.383211140625 0.334527290625 0.3915156703125 0.3282049171875 0.36466253125 0.22815508125 0.356543071875 0.23627782968750002 0.383211140625 0.334527290625
3 0.3820740609375 0.3270783671875 0.3903637859375 0.3329506453125 0.4169874359375 0.246930053125 0.40809067812500005 0.2382993046875 0.3820740609375 0.3270783671875
1 0.66640625 0.41875 0.0171875 0.0234375
4 0.58671875 0.26484375 0.2140625 0.5296875
3 0.66640625 0.4015625 0.0484375 0.25625
2 1 0.4323157234375 0.749914675 0.5296875 0.8282022156250001 0.5296875 1 0.4607991109375 1 0.4323157234375
2 0.5294406015625001 0 1 0.16200708749999998 1 0.1384523609375 0.5997566562500001 0 0.5294406015625001 0
4 0.2296875 0.7125 0.13125 0.365625
3 0.22109375 0.85703125 0.0546875 0.09453125
3 0.971875 0.86640625 0.01640625 0.1828125