3 0.81015625 0.53359375 0.009375 0.05546875
3 0.8046875 0.65859375 0.01171875 0.053125
3 0.8484375 0.6453125 0.009375 0.053125
3 0.8484375 0.53203125 0.00859375 0.05390625
4 0.8513610312500001 0.422659103125 0.8137532562500001 0.4194722984375 0.7798770328125 1 0.8576806640625 0.9956607421875001 0.8513610312500001 0.422659103125
4 0.63671875 0.534375 0.1453125 0.93046875
3 0.642586140625 0.404839790625 0.6508906703124999 0.3985174171875 0.62403753125 0.29846758125 0.615918071875 0.3065903296875 0.642586140625 0.404839790625
3 0.6414490609375 0.3973908671875 0.6497387859375 0.4032631453125 0.6763624359375 0.317242553125 0.667465678125 0.3086118046875 0.6414490609375 0.3973908671875
3 0.6154887062500001 0.7028256921875 0.6218684921875 0.694271275 0.591697390625 0.6132043484375 0.585216925 0.6192450828125 0.6154887062500001 0.7028256921875
3 0.6142450265625 0.7007936890625001 0.6220432 0.703815371875 0.6494115796875 0.602525803125 0.6413128484375 0.5949873859375 0.6142450265625 0.7007936890625001
3 0.6291563390625 0.9674216796874999 0.6347600265625 0.9747789890625 0.6615196765625 0.8695710234374999 0.6537678015624999 0.863944240625 0.6291563390625 0.9674216796874999
3 0.6295235453125 0.978860659375 0.6335179015625 0.9701204765625 0.6067633203125 0.907146859375 0.60203745 0.916354440625 0.6295235453125 0.978860659375