3 0.0896783484375 0 0.146226890625 0.1295042203125 0.164097578125 0.11504924999999999 0.1118442015625 0 0.0896783484375 0
3 0.19954859375 0 0.1391869078125 0.11986754375 0.1559745390625 0.140104503125 0.22612708750000002 0 0.19954859375 0
3 0.13702074687500002 0.3766314859375 0.1348546359375 0.3727767984375 0.1992974 0.523108496875 0.216626534375 0.50383523125 0.150017609375 0.3583218265625 0.13702074687500002 0.3766314859375
3 0.276195525 0.383377125 0.19334052031249999 0.5163628578125 0.2079619921875 0.5356361671875 0.2913584984375 0.399759440625 0.2908169953125 0.3968684453125 0.276195525 0.383377125
0 0.51875 0 0.51875 0.336375096875 0.6834375765624999 0.4831808203125 1 0.42924006718749996 1 0.0968899078125 0.8581903984375 0 0.51875 0
4 0.21484375 0.66171875 0.0265625 0.0859375
3 0.51171875 0.6328125 0.0140625 0.028125
4 0.503125 0.809375 0.03125 0.38125
3 0.364620665625 0.638611690625 0.34321578124999996 0.6790102265625 0.3464589453125 0.6840119453125 0.36959351093750004 0.6436134078125 0.369809728125 0.6432286656249999 0.364620665625 0.638611690625
3 0.32867925625 0.638712534375 0.3241892109375 0.6432286656249999 0.34472924531250004 0.685935690625 0.3486210421875 0.6805492125 0.32867925625 0.638712534375
3 0.5317236328125 0.61875 0.51875 0.660684975 0.51875 0.702228790625 0.5582364171875 0.61875 0.5317236328125 0.61875
3 0.575278171875 1 0.615625 0.9303819437499999 0.5921875 0.8914930562500001 0.5546875 0.963715278125 0.51875 0.8971643515625001 0.51875 0.9199652765625 0.5530505953125 1 0.575278171875 1