4 0.0390625 0.39375 0.0375 0.25
3 0.66875 0.27918235468749997 0.6623403734375 0.255103121875 0.6459653546874999 0.2761482125 0.66875 0.34737664218750003 0.66875 0.27918235468749997
1 0.7375 0.271875 0.0125 0.02109375
3 0.73515625 0.28125 0.0546875 0.25234375
3 0.9375 0.0890625 0.0328125 0.1640625
4 0.83828125 0.259375 0.2796875 0.51875
2 1 0.1664706125 0.895028878125 0.140296184375 0.66875 0.12865250156250002 0.66875 0.168958528125 0.9274243 0.1773104125 1 0.19846429999999998 1 0.1664706125
2 1 0.467534784375 0.66875 0.37966451874999996 0.66875 0.41720366562500005 1 0.5025956421875 1 0.467534784375
3 0.4284170125 0.9360986828125 0.45888274687499997 0.9667964015624999 0.48122431250000003 0.7898330609374999 0.45092615468749997 0.7788330890624999 0.4284170125 0.9360986828125
3 0.056734778124999996 0.755523834375 0.087200540625 0.74830081875 0.0709521453125 0.602035196875 0.043396915625 0.60664335625 0.056734778124999996 0.755523834375
3 0.6485464296875 0.5390863796875001 0.6429610390625 0.5797157203125 0.6490541796875 0.5869387109375 0.6551825578125 0.5417196843750001 0.6485464296875 0.5390863796875001
2 0.6665325703125 0.722285959375 0.6606157031250001 0.707176696875 0.48250274062500004 0.879773071875 0.49008425625 0.8960606546874998 0.6665325703125 0.722285959375
2 0.4801286546875 0.9286249890625001 0.6620891906249999 0.742908134375 0.6553718749999999 0.7354458109374999 0.47445045468749997 0.9179267781250001 0.47476297343749996 0.918070596875 0.4801286546875 0.9286249890625001
2 0.473786265625 0.9479774750000001 0.47829381875 0.9573094812499999 0.6541514609375 0.76220188125 0.6502029874999999 0.75588568125 0.473786265625 0.9479774750000001
2 0.48864103437499995 0.985694184375 0.6372745078125 0.797293709375 0.6311470078125 0.7911415296875 0.4761329296875 0.9677556687500001 0.47673830625 0.9686046375 0.48864103437499995 0.985694184375
2 0.1167396046875 1 0.1620267765625 0.9354692968750001 0.1535866765625 0.9192481578125001 0.09720065156249999 1 0.1167396046875 1
2 0 0.9235448406250001 0.11481635625 0.7940965609375 0.10819709687500001 0.7695608375 0 0.8963065499999999 0 0.9235448406250001
2 0 0.8213497578125001 0.0521084046875 0.7609379859375001 0.0478070953125 0.740763671875 0.047578978125 0.7395817499999999 0 0.7932076671875 0 0.8213497578125001
2 0 0.867698996875 0.05261447500000001 0.8052764312499999 0.0492702640625 0.794732909375 0 0.8518310906250001 0 0.867698996875
2 0 0.8470229734375 0.06276131562500001 0.7735455984375 0.05990733593749999 0.76764049375 0 0.837690396875 0 0.8470229734375
4 0.0872353453125 0.51875 0.0980660109375 0.5647067125 0.050922203124999996 0.6063926796875 0.12050895625 0.643321753125 0.14006081718750002 0.7605247343749999 0.17175673281249998 1 0.3425916703125 1 0.3314622875 0.7270122640625 0.47105277812499996 0.7706153062500001 0.347860496875 0.625370815625 0.36780171250000004 0.51875 0.3252939921875 0.51875 0.278307709375 0.617334621875 0.173410215625 0.5846735781250001 0.14064480937499999 0.51875 0.0872353453125 0.51875
5 1 0.707399178125 0.980998884375 0.72043123125 0.9699696375 0.7629844218749999 0.99317935625 0.77058320625 1 0.767833021875 1 0.707399178125
5 0.8521356859375 0.8161759125 0.8202845984374999 0.7994585859375001 0.7860772578125 0.8298537234375001 0.7842918953125 0.8526500765625 0.802145525 0.86784764375 0.8396381453125 0.8435315343750001 0.8521356859375 0.8161759125
5 0.734301734375 0.9195193765624999 0.700641740625 0.946875 0.7128773796875001 0.9696713531250001 0.736087096875 0.9696713531250001 0.766438265625 0.9499145140625 0.7628675406250001 0.9195193765624999 0.734301734375 0.9195193765624999