3 0.47578125 0.26015625 0.01875 0.06640625
4 0.4890625 0.609375 0.4890625 0.1469261875 0.47977958593750003 0.1469261875 0.4579122671875 0.2821941578125 0.47873834843749996 0.3396366671875 0.45291639375 0.609375 0.4890625 0.609375
3 0.211594025 0 0.23625505468750002 0.062418878125 0.243028815625 0.050376635937500004 0.2218615234375 0 0.211594025 0
3 0.2622223734375 0 0.23364976093749998 0.05686092031249999 0.24094458125 0.063345203125 0.27462383749999997 0 0.2622223734375 0
3 0.20394942343750003 0.27917923437500003 0.210723184375 0.26806331875 0.1768543796875 0.1967361921875 0.17216485312500002 0.2059994546875 0.20394942343750003 0.27917923437500003
3 0.20290730625000003 0.27176862343749997 0.210723184375 0.27732658125 0.2440709328125 0.20692578125 0.23729717031250003 0.20136782343749998 0.20290730625000003 0.27176862343749997
3 0.226876 0.5033502000000001 0.23260764374999998 0.48945530625 0.20030201406249998 0.4199808328125 0.195091428125 0.433875728125 0.226876 0.5033502000000001
3 0.22479176562499997 0.4950132640625 0.2279181171875 0.505202853125 0.26491327343750004 0.4236861375 0.260223746875 0.4153492015625 0.22479176562499997 0.4950132640625
4 0.80546875 0.26328125 0.053125 0.22421875
3 0.04609375 0.95234375 0.0546875 0.0953125
4 0.25546875 0.81953125 0.4671875 0.3609375
3 0.3962775640625 1 0.31541179375 0.95230993125 0.311130053125 0.9705786906250001 0.3622387609375 1 0.3962775640625 1
3 0.4890625 0.974510103125 0.4413436203125 1 0.48452997656249996 1 0.4890625 0.997994828125 0.4890625 0.974510103125
3 0.505467653125 0.7460997390624999 0.5013024171875 0.7423938 0.53983058125 0.8813686296875 0.558573996875 0.8665446203125 0.52525230625 0.7312758140625 0.505467653125 0.7460997390624999
3 0.5856477875 0.7386877765625 0.5273349703125 0.87766260625 0.5429544843749999 0.905457571875 0.59918473125 0.7664827421875 0.6012673 0.75536475625 0.5856477875 0.7386877765625