4 0.6710333937499999 0.0001581 0.55625 0 0.497136084375 1 0.4989583015625 0.9898148109375 0.6731159625 0.9989170578125 0.6710333937499999 0.0001581
3 0.5203125 0.9515625 0.03046875 0.09609375
3 0.5421875 0.621875 0.0265625 0.146875
3 0.559375 0.2328125 0.02734375 0.175
3 0.675 0.23359375 0.0234375 0.1375
3 0.66796875 0.50390625 0.01875 0.12265625
2 0.9532825812500001 0.9982382187500001 0.952003165625 0.9722286296875 0.9522738468749999 0.9722286296875 0.688454965625 0.794137321875 0.6854733671875 0.814493659375 0.9532825812500001 0.9982382187500001
2 0.6999418640624999 0.78260761875 0.6978265312499999 0.7954092171875 0.9783002812499999 0.9799419234375 0.9786026250000001 0.9583894875000001 0.6999418640624999 0.78260761875
2 0.9785020937500001 0.705741834375 0.6832546953125 0.5562298390625 0.680607671875 0.573016721875 0.9980862875 0.7321339640625 0.99873884375 0.713707896875 0.9785020937500001 0.705741834375
2 1 0.47905396875 0.999733578125 0.47850261875 0.6908418562499999 0.354786115625 0.690958959375 0.37213710624999996 1 0.5075438859375 1 0.47905396875
2 0.9960876437499999 0.386423040625 0.6914816218750001 0.275250340625 0.6857676703125 0.3054848015625 0.99732776875 0.419862284375 0.99741013125 0.3840797484375 0.9960876437499999 0.386423040625
2 0.82606450625 0.08551139375 0.82375685 0.1100312578125 0.9983596406249999 0.1231562546875 0.9973811093749999 0.0904234390625 0.82606450625 0.08551139375
2 0.437525546875 1 0.44131867968750005 0.9760821843749999 0.002492428125 0.792155546875 0.000783103125 0.7934648546874999 0 0.815377396875 0.437525546875 1
2 0.5136410687499999 0.742287425 0.002132465625 0.6030986796875 0 0.640104546875 0.5085883953125 0.7752313203125001 0.513310953125 0.7468180203125 0.5136410687499999 0.742287425
2 0.51577365625 0.693664196875 0.51577365625 0.6636537390624999 0.007515359375 0.57710294375 0.006959871875 0.5961463390625 0.51577365625 0.693664196875