3 0.78125 0.05703125 0.021875 0.1140625
4 0.772659571875 0 0.7344222968749999 0.459375 0.8988059265625001 0.459375 0.9123604921874999 0 0.772659571875 0
3 0.0831045125 0.6860986828125 0.11357024687499999 0.7167964015624999 0.1359118125 0.5398330609374999 0.10561365468749999 0.5288330890624999 0.0831045125 0.6860986828125
2 0 0.8722077984375 0.08707855 0.7019211734375 0.078452915625 0.6878788124999999 0 0.8421141234375 0 0.8722077984375
2 0 0.9870269984375 0.1122402296875 0.75176636875 0.10213732187499999 0.7358792078125 0 0.9427700968749999 0 0.9870269984375
2 0.3130346375 0.459375 0.13719024062500002 0.629773071875 0.14477175625 0.6460606546875 0.3212200703125 0.472285959375 0.3161640703125 0.459375 0.3130346375 0.459375
2 0.1348161546875 0.6786249890625 0.31677669062499997 0.49290813437500003 0.31005937499999997 0.4854458109375 0.1291379546875 0.667926778125 0.1294504734375 0.668070596875 0.1348161546875 0.6786249890625
2 0.12847376562499999 0.697977475 0.13298131875000002 0.70730948125 0.3088389609375 0.51220188125 0.3048904875 0.50588568125 0.12847376562499999 0.697977475
2 0.14332853437499998 0.735694184375 0.2919620078125 0.547293709375 0.2858345078125 0.5411415296875 0.13082042968750002 0.71775566875 0.13142580625 0.7186046375 0.14332853437499998 0.735694184375
4 0.359375 0.459375 0.32907511562499997 0.459375 0.295105165625 0.625352565625 0.35373612187500003 0.6288186046875 0.359375 0.5088250609375 0.359375 0.459375
5 0.4482016296875 0.7439189671875 0.46743277031249997 0.71760588125 0.468912134375 0.670242396875 0.4467223640625 0.6360354109374999 0.44121687343750005 0.6268676390625 0.4200945984375 0.670242396875 0.41269797500000005 0.7386563671874999 0.4156566046875 0.7965451390625 0.4141773390625 0.8360147234374999 0.437846475 0.8018077390624999 0.4482016296875 0.7439189671875