4 0.8828125 0.3296875 0.1375 0.659375
3 0.3046875 0.71796875 0.015625 0.1171875
4 0.32467796875 0.659375 0.43477024062499997 0.8715107734374999 0.4349264828125 1 0.4890625 1 0.4890625 0.6886846328125 0.47550416562500003 0.659375 0.32467796875 0.659375
2 0.277010884375 0.659375 0.08038870000000001 1 0.096757521875 1 0.22743842656250002 0.7779423890625 0.28843792343749997 0.659375 0.277010884375 0.659375
2 0.14392880156250001 1 0.179794796875 0.9361703234375 0.29272301875 0.72446724375 0.2865774171875 0.7076485171875 0.12895641875 1 0.14392880156250001 1
2 0.168217684375 1 0.29783556875 0.7578972203125 0.29367890937499996 0.7482898625 0.156802865625 1 0.168217684375 1
2 0.188885553125 1 0.29240500625 0.8042340375 0.301412725 0.7834666328125 0.2945971734375 0.77708515 0.2945971734375 0.7766568171875 0.17775905 1 0.188885553125 1
2 0.200055271875 1 0.203582871875 0.9934983890625 0.24343243750000002 0.9239872531250001 0.264199184375 0.8789448640625 0.288999759375 0.8364569296875001 0.3102842453125 0.7919844203124999 0.3084788046875 0.7797038484375001 0.3084788046875 0.77936235625 0.192885353125 1 0.200055271875 1
3 0.6739906984374999 0.8594519640625 0.6804757671875 0.8569814625 0.6554619328125 0.80757141875 0.650829740625 0.814159425 0.6739906984374999 0.8594519640625
3 0.6698217265624999 0.8586284640624999 0.6772332328124999 0.8619224671874999 0.70409994375 0.8191004296875001 0.699930971875 0.814159425 0.6698217265624999 0.8586284640624999
3 0.6971913843750001 1 0.701320628125 0.9986235859375 0.675843575 0.947566540625 0.671211384375 0.954154546875 0.6933800734375 1 0.6971913843750001 1
3 0.69752399375 1 0.7235551484375 0.9615660531250001 0.7198493953125 0.954154546875 0.6906665875 0.9953295828125001 0.6946072531249999 1 0.69752399375 1