4 0.0765625 0.2796875 0.153125 0.559375
3 0.02421875 0.16328125 0.02890625 0.1421875
4 0.81328125 0.2796875 0.3734375 0.559375
3 0.6425695265625 0.2705094828125 0.6659265921874999 0.25245199375 0.6450873390625 0.09665919375000001 0.623274575 0.1043805921875 0.6425695265625 0.2705094828125
3 0.9076216359375 0.389688846875 0.9187923625 0.36982565312500004 0.8497366671875 0.22175427656250002 0.8342320765625001 0.2331114359375 0.9076216359375 0.389688846875
3 1 0.330026434375 0.934166753125 0.3680198984375 0.9429674562500001 0.39880344375 1 0.365348575 1 0.330026434375
4 0.37265625 0.7796875 0.2328125 0.440625
3 0.175 0.95703125 0.35 0.0609375
1 0.77109375 0.646875 0.01796875 0.0390625
3 0.7734375 0.7203125 0.078125 0.321875
4 0.865625 0.7796875 0.26875 0.440625
2 1 0.90367680625 0.7566484875 0.8507153953125 0.4890625 0.8398035203124999 0.4890625 0.8803626250000001 0.741222190625 0.8897859390624999 1 0.9411905984375 1 0.90367680625