3 0.4921875 0.11953125 0.171875 0.2390625
4 0.2265625 0.24453125 0.453125 0.4890625
4 0.6226214421875 0 0.5937110421875 0.4890625 0.7554452703125 0.4890625 0.7544254984375 0 0.6226214421875 0
3 0.625 0.34375 0.0265625 0.146875
3 0.64140625 0.02109375 0.0265625 0.0421875
3 0.75078125 0.22578125 0.01875 0.12265625
2 1 0.39656739218750003 0.7660671953125 0.2781048390625 0.763420171875 0.294891721875 1 0.413463265625 1 0.39656739218750003
2 1 0.16731647968750002 0.77365435625 0.076661115625 0.773771459375 0.09401210625 1 0.19313446875 1 0.16731647968750002
2 0.7737508453124999 0 0.7685801703124999 0.0273598015625 1 0.112316821875 1 0.0795016890625 0.7821705031249999 0 0.7737508453124999 0
0 0.29453125 0.75546875 0.5890625 0.1953125
4 0.975 0.74453125 0.05 0.5109375
4 0.8890625 0.7125 0.096875 0.446875
3 0.990625 0.59453125 0.01875 0.1359375