4 0.346875 0.23984375 0.25 0.4796875
1 0.43125 0.46796875 0.01328125 0.01796875
3 0.42890625 0.40625 0.0515625 0.146875
4 0.5 0.0625 0.06875 0.125
2 0 0.43332408593749994 0.21676330625 0.36935221406249996 0.2077199296875 0.335498046875 0 0.388262259375 0 0.43332408593749994
1 0.67265625 0.09296875 0.009375 0.00703125
1 0.671875 0.1078125 0.009375 0.0078125
3 0.92109375 0.14296875 0.0375 0.09765625
3 0.9046875 0.36640625 0.034375 0.1015625
3 0.67109375 0.0890625 0.0484375 0.09609375
4 0.79296875 0.23984375 0.3609375 0.4796875
3 0.63828125 0.31484375 0.0390625 0.08125
1 0.64296875 0.2890625 0.0109375 0.0078125
1 0.64140625 0.29921875 0.0109375 0.009375
1 0.6390625 0.309375 0.009375 0.01015625
1 0.6359375 0.32109375 0.01015625 0.00859375
1 0.63515625 0.33125 0.0109375 0.009375
0 0.31015625 0.93515625 0.3890625 0.11640625
4 0.59921875 0.88359375 0.0390625 0.2328125
3 0.5828125 0.84140625 0.003125 0.01640625
3 0.58046875 0.86875 0.0015625 0.015625
3 0.61171875 0.84453125 0.00390625 0.01796875
3 0.6125 0.875 0.00390625 0.0203125