1 0.49921875 0.21796875 0.0796875 0.0484375
3 0.45 0.33671875 0.178125 0.3046875
1 0.9125 0.196875 0.02421875 0.0234375
3 0.9692132890625 0.252835603125 0.997096975 0.17277350625000001 0.6090488734375 0.11011619218749999 0.5858126109375 0.1745139609375 0.5741942671875 0.1745139609375 0.9692132890625 0.252835603125
2 1 0.22814935625000002 0.960852609375 0.21606986562500002 0.7787209203125001 0.2915716515625 0.5390625 0.33451778593750003 0.5390625 0.38848061093749997 0.832972859375 0.3322265078125 1 0.24961745156249998 1 0.22814935625000002
0 0.5390625 1 0.5390625 0.9313454499999999 0.3865488 0.7812518640625 0.38894104375 0.779602596875 0.0498615609375 0.8242095921875 0.014043306250000002 0.910237459375 0.3008657296875 1 0.5390625 1
3 0.624410325 0.4890625 0.624410325 0.4916082171875 0.6482051906249999 0.5421467078125 0.6543458171875 0.534634221875 0.63513888125 0.4890625 0.624410325 0.4890625
3 0.6733678734375 0.4890625 0.6435997312499999 0.5360001359375 0.6482051906249999 0.546927365625 0.6812109796875 0.496388890625 0.6819785796875 0.4957059328125 0.6748513484374999 0.4890625 0.6733678734375 0.4890625
3 0.6666270328125 0.678054234375 0.6735352234375 0.6746394921875 0.6466700265625 0.6159055718750001 0.6412970015624999 0.6220521437500001 0.6416808015625 0.6227350859375 0.6666270328125 0.678054234375
3 0.6662432328125 0.6814690062500001 0.7015517859375 0.635711203125 0.7023193515624999 0.635711203125 0.6927246296874999 0.6254669171875 0.6604864078125 0.6773712921875 0.6662432328125 0.6814690062500001
3 0.6482051906249999 0.81460925625 0.678524484375 0.7674855375 0.6800596140625 0.7674855375 0.6731514234375 0.7558753359375 0.6435997312499999 0.8043649703125 0.6482051906249999 0.81460925625
3 0.6470538265625 0.8139263140624999 0.6520430875 0.8064138265625 0.6274806203125001 0.7483628796875 0.6209562296875 0.7592901078125001 0.62172379375 0.7599730499999999 0.6470538265625 0.8139263140624999