1 0.12734375 0.01640625 0.009375 0.00703125
1 0.1265625 0.03125 0.009375 0.0078125
3 0.37578125 0.06640625 0.0375 0.09765625
3 0.359375 0.28984375 0.034375 0.1015625
3 0.12578125 0.0296875 0.0484375 0.059375
4 0.24765625 0.2546875 0.3609375 0.509375
3 0.09296875 0.23828125 0.0390625 0.08125
1 0.09765625 0.2125 0.0109375 0.0078125
1 0.09609375 0.22265625 0.0109375 0.009375
1 0.09375 0.2328125 0.009375 0.01015625
1 0.090625 0.24453125 0.01015625 0.00859375
1 0.08984375 0.2546875 0.0109375 0.009375
3 0.628125 0.27265625 0.03984375 0.16796875
3 0.93515625 0.3890625 0.03828125 0.20625
4 0.637521003125 0 0.605620190625 0.197137196875 0.662891675 0.3120223015625 0.6577609078125001 0.509375 0.8736355843750001 0.509375 0.854491065625 0.2916394375 0.9617450875 0.30646334531249997 0.8732825640625 0 0.637521003125 0
5 0.1738506203125 0.509375 0.1709637421875 0.5462750468750001 0.1798780390625 0.5679785484375 0.2016685296875 0.5723192703125 0.21949712500000002 0.5213160328125 0.2189132453125 0.509375 0.1738506203125 0.509375
5 0.0612034875 0.7554485953125 0.059487584375 0.7303821328125 0.057199651562499995 0.7209822203125 0.045176765625 0.7351161625 0.0429002828125 0.7635951890625 0.044044231249999996 0.782395025 0.0469041203125 0.7949282562500001 0.0549117546875 0.795554915625 0.0589155921875 0.7761284203125 0.0612034875 0.7554485953125
1 0.83203125 0.9109375 0.01796875 0.0171875
3 0.8390625 0.91171875 0.071875 0.1765625
4 0.88671875 0.7546875 0.2234375 0.490625
3 0.96328125 0.89375 0.02890625 0.1421875