1 0.43671875 0.128125 0.05390625 0.0703125
1 0.4515625 0.20546875 0.05859375 0.065625
1 0.45625 0.2828125 0.0578125 0.08046875
1 0.46328125 0.36875 0.05703125 0.0859375
3 0.4296875 0.259375 0.1875 0.51875
1 0.4734375 0.45 0.05234375 0.0625
0 1 0.1810639671875 0.795247475 0.183689946875 0.81803436875 0.2647391203125 1 0.2527782078125 1 0.1810639671875
4 0.3 0.759375 0.471875 0.48125
3 0.51875 0.6390625 0.021875 0.121875
3 0.07421875 0.64140625 0.02421875 0.1265625
3 0.2984375 0.63984375 0.01171875 0.1171875