1 0.1046875 0.00625 0.028125 0.0125
3 0.11015625 0.12109375 0.1171875 0.2421875
4 0.13125 0.16484375 0.2 0.3296875
4 1 0.3296875 1 0 0.9675909421875 0 0.944081040625 0.3296875 1 0.3296875
3 0.7838734109375001 0 0.8115589234374999 0.061696840625000006 0.8117587671875001 0.061696840625000006 0.8344935218749999 0 0.8201254078125 0 0.8121615796875 0.0281590265625 0.8037703515625001 0 0.7838734109375001 0
2 0.8317485890625 0.0545778734375 0.8312477156250001 0.051096975 0.8204866078125 0.0744929328125 0.9415845328125 0.14080329687499998 0.9509246859375 0.100582865625 0.8317485890625 0.0545778734375
2 0.459375 0 0.459375 0.027785578124999998 0.7950588890625 0.0671503375 0.79487150625 0.0473735703125 0.4712279953125 0 0.459375 0
3 0.4546875 0.87734375 0.009375 0.0671875
3 0.44765625 0.98828125 0.0109375 0.0234375
3 0.45703125 0.740625 0.0046875 0.05
3 0.2876103546875 0.63917350625 0.294917471875 0.6324472359375 0.26819716875 0.5413385734375 0.2612290328125 0.5497133062499999 0.2876103546875 0.63917350625
3 0.2875541109375 0.6339632828124999 0.29532789843749996 0.6388411109375 0.3215952109375 0.5528805171875 0.31415280624999997 0.5434869796875 0.2875541109375 0.6339632828124999
3 0.2602029671875 0.9421583218750001 0.265927659375 0.9339754593750001 0.2358905 0.8565166093750001 0.22892996718749997 0.8644886859375 0.2602029671875 0.9421583218750001
3 0.25966637187499997 0.9331620359375 0.2663472078125 0.9404233812499999 0.29453136562500004 0.8396077015625 0.2861343390625 0.8333570546875 0.25966637187499997 0.9331620359375
4 0.57890625 0.79765625 0.2390625 0.4046875
3 0.50546875 0.95 0.0171875 0.1