3 0 0.5 0.11359684375000001 0.5 0.22421945000000001 0.43554083906249996 0.13127375937500002 0.3206690171875 0 0.39691754375 0 0.5
4 0.7655674859375 0 0.7380208015624999 0.49571758906249996 0.73638426875 0.5 0.8438969421875001 0.5 0.8380606281249999 0 0.7655674859375 0
3 0.5857705171875 0.155811071875 0.5903982812499999 0.14621274687500002 0.5664881687500001 0.0899939890625 0.5580039359375 0.102334690625 0.5857705171875 0.155811071875
3 0.5811427546875001 0.1571822609375 0.58731310625 0.161295828125 0.61430839375 0.102334690625 0.6065954546875 0.09410755625 0.5811427546875001 0.1571822609375
4 0.25859375 0.75 0.2703125 0.5
3 0.3609375 0.63828125 0.03046875 0.23671875
3 0.6182733687499999 0.5092893046875 0.6128900500000001 0.5140791328125001 0.635310240625 0.5676905046874999 0.6409153046875 0.5583396859375 0.6182733687499999 0.5092893046875
3 0.6634563140624999 0.5255365953125 0.6570298421875 0.5147025265625 0.63075615625 0.5595864578125 0.6374121359375 0.5670671125 0.6634563140624999 0.5255365953125
3 0.6279536078125 0.6424970578125 0.628303934375 0.6418736796875 0.651424778125 0.6892511531250001 0.6573801359375 0.6823938765625 0.632507725 0.6331462390625 0.6279536078125 0.6424970578125
3 0.678048790625 0.636886565625 0.6486222625 0.6805237125 0.6538769999999999 0.6954850234375 0.6847047703125 0.649354334375 0.6857557171875 0.64810755 0.678048790625 0.636886565625
3 0.61113845 0.7615641640625 0.6090365546875 0.7621875421875 0.6363611875 0.8164223203125001 0.642316578125 0.8076948515625 0.6167435125 0.755953671875 0.61113845 0.7615641640625
3 0.6585203046875 0.76261990625 0.6573801359375 0.7621875421875 0.6293548828125 0.8076948515625 0.6363611875 0.8145521578124999 0.66473676875 0.7709149828124999 0.6585203046875 0.76261990625