1 0.30546875 0.1734375 0.03359375 0.0640625
1 0.265625 0.19453125 0.03671875 0.0671875
1 0.1859375 0.24296875 0.03203125 0.0640625
3 0.44335949374999994 0 0.0825567421875 0.218265765625 0.0902699734375 0.221984865625 0.12425458125 0.37061421562499997 0.5159159515625 0.1431644984375 0.47749686406249997 0 0.44335949374999994 0
4 0.03515625 0.284375 0.0703125 0.56875
1 0.9078125 0.5453125 0.01171875 0.01484375
3 0.71953125 0.1765625 0.03046875 0.146875
3 0.71875 0.49453125 0.03125 0.1484375
3 0.90859375 0.51015625 0.0484375 0.1171875
4 0.8125 0.284375 0.25 0.56875
3 0.90859375 0.0734375 0.0390625 0.146875
1 0.28203125 0.6578125 0.01796875 0.0171875
3 0.2890625 0.7078125 0.071875 0.27265625
4 0.33671875 0.784375 0.2234375 0.43125
3 0.41328125 0.640625 0.02890625 0.1421875
2 1 0.8677935984375 0.5796875 0.88684861875 0.5796875 0.9249809812500001 1 0.906830515625 1 0.8677935984375
2 1 0.6933142015625 0.5796875 0.70260685625 0.5796875 0.7504251296875 1 0.7299355921874999 1 0.6933142015625