1 0.4109375 0.42109375 0.03828125 0.06015625
1 0.40703125 0.4859375 0.03515625 0.04609375
1 0.40546875 0.53046875 0.03203125 0.05859375
1 0.40390625 0.56953125 0.0359375 0.0390625
1 0.41484375 0.25703125 0.0328125 0.04296875
3 0.41015625 0.4 0.0890625 0.378125
0 1 0.4001004109375 0.75243968125 0.49784366718750006 0.7582113359375 0.5890625 0.868090378125 0.5890625 1 0.555079215625 1 0.4001004109375
4 0.4828125 0.79453125 0.153125 0.4109375
2 0 0.6834860875000001 0.400732421875 0.66988570625 0.400732421875 0.6399160875 0.400732421875 0.6389901625000001 0 0.6505753109375 0 0.6834860875000001
4 0.615625 0.79453125 0.1125 0.4109375
2 1 0.6615494671875 0.7017632375 0.5986328125 0.70147569375 0.6303385421875001 1 0.6979734515625 1 0.6615494671875