1 0.88046875 0.26484375 0.08671875 0.0328125
3 0.8515625 0.19453125 0.296875 0.3890625
4 0 0.3890625 0 1 0.0848927859375 1 0.0772587484375 0.3890625 0 0.3890625
3 0.09453125 0.87265625 0.02109375 0.09765625
3 0.08984375 0.67109375 0.01796875 0.0984375
3 0.084375 0.46484375 0.0171875 0.1109375
4 1 1 1 0.7269948578125 0.9917574171875 0.46951374687499997 0.960518390625 0.47321965937500005 0.9167837546875 0.9957614609375 0.9126184234375 0.9920555468749999 0.917749234375 1 1 1
4 0.62109375 0.54453125 0.02265625 0.18203125
4 0.54921875 0.5 0.015625 0.10625
3 0.7493264984375 0.45518241249999997 0.7782906109375001 0.505646684375 0.7845384171875001 0.4963816671875 0.759431640625 0.44661946874999997 0.7595471953125 0.438938765625 0.7493264984375 0.45518241249999997
3 0.8084884000000001 0.4537626921875 0.8037017687500001 0.45090094062499997 0.8001579296875001 0.44079173593750004 0.7676119781249999 0.497996971875 0.77204280625 0.511205678125 0.8084884000000001 0.4537626921875
3 0.7320034 0.5699254765624999 0.760588528125 0.6168265484375001 0.76520600625 0.6058897296875 0.7397025703125 0.5596499765624999 0.7397625421875 0.54641260625 0.7320034 0.5699254765624999
3 0.7459581046875 0.676105678125 0.771942753125 0.72491430625 0.7772359515625 0.7172076796875 0.7560632453125 0.6735368015625001 0.7541384859375 0.67182420625 0.7459581046875 0.676105678125
3 0.7781983312499999 0.5587936984375 0.7531760625 0.6041771718750001 0.758950428125 0.6170215484374999 0.7830103171875 0.572494353125 0.784453909375 0.5682129203125 0.7781983312499999 0.5587936984375
3 0.7663233953125 0.716081040625 0.7661683859374999 0.718063959375 0.771461584375 0.7266268625000001 0.7984086140625 0.6812434281249999 0.7921530359375 0.6709679265625 0.7663233953125 0.716081040625