2 0.6390625 0.25183716875 0.059619374999999995 0.44158328124999996 0 0.463288078125 0 0.50158020625 0.07967358906250001 0.4703721578125 0.6390625 0.2829990546875 0.6390625 0.25183716875
3 0.97109375 0.2921875 0.0578125 0.0625
3 0.95703125 0.09375 0.0859375 0.053125
4 0.7875 0.2796875 0.296875 0.559375
1 0.45546875 0.86015625 0.0609375 0.09296875
3 0.6390625 0.6198488171875 0.1995949953125 1 0.41744042031250006 1 0.6390625 0.812672940625 0.6390625 0.6198488171875
2 0.988191453125 0.559375 0.98144721875 1 0.9931249687499999 1 0.9924120640625 0.7331063234374999 0.9934881000000001 0.559375 0.988191453125 0.559375
2 0.944669278125 1 0.948667515625 0.9135031156250001 0.952519628125 0.8387668218750001 0.95727368125 0.7528112968749999 0.96345463125 0.6266626953125 0.9605060703125 0.6265647171875 0.941272028125 1 0.944669278125 1
2 0.9486110765625 1 0.9639787375000001 0.670963621875 0.9608626749999999 0.670816496875 0.96099984375 0.6709339875 0.9459124515624999 1 0.9486110765625 1
2 0.703470975 1 0.7446109828124999 0.8372586125 0.798799746875 0.6259931328125 0.79511655 0.6239483109374999 0.79511655 0.6237922375 0.6990154828125 1 0.703470975 1
2 0.6923824578125 0.559375 0.6725790593750001 0.57679773125 0.6774723953125 0.58574108125 0.7067092953125 0.559375 0.6923824578125 0.559375
2 0.721072915625 0.559375 0.6751974875 0.605087378125 0.676561253125 0.6050962249999999 0.6839137890625 0.608833678125 0.7330068828125 0.559375 0.721072915625 0.559375
2 0.739517253125 0.559375 0.680839059375 0.618764203125 0.6854603734375 0.6261011546875 0.7506429734375 0.559375 0.739517253125 0.559375