1 0.0171875 0.309375 0.034375 0.02109375
3 0.0700175171875 0 0.03024245625 0.11630136093750001 0.0935568953125 0.161966003125 0.152031371875 0 0.0700175171875 0
3 0 0.4296875 0.0212154015625 0.4296875 0.099954065625 0.2326295296875 0.0155039609375 0.194339221875 0.015192114062500001 0.1956153265625 0 0.2338410953125 0 0.4296875
3 0.1594590984375 0.4296875 0.22949576718750003 0.2561840640625 0.1255424515625 0.22758213437500002 0.0467036953125 0.4296875 0.1594590984375 0.4296875
4 0.26484375 0.21484375 0.5296875 0.4296875
4 0.7796875 0.21484375 0.440625 0.4296875
0 0.0563522015625 0.4296875 0.0457304671875 0.5264219906250001 0.27272339375 0.8381495953125 0.315668059375 0.772686740625 0.07042610625 0.4296875 0.0563522015625 0.4296875
4 0.559375 0.4296875 0.559375 1 0.6690340406249999 1 0.6619076374999999 0.4296875 0.559375 0.4296875
3 0.6796875 0.98359375 0.021875 0.0328125
3 0.67578125 0.81484375 0.01796875 0.0984375
3 0.6703125 0.60859375 0.0171875 0.1109375