1 0.059375 0.12265625 0.02578125 0.02109375
3 0.05234375 0.13828125 0.0828125 0.2765625
2 0.401640775 0.4 0 0.21058053124999998 0 0.25516882500000004 0.31122472343749996 0.4 0.401640775 0.4
4 0.779696809375 0 0.7553489062500001 0.4 0.9039221515625 0.4 0.9052300859375 0 0.779696809375 0
3 0.7921875 0.01953125 0.009375 0.0390625
3 0.903125 0.11171875 0.01796875 0.10703125
2 0.5296875 0.3451240265625 0.9016568640625 0.159463709375 0.9022673125 0.1455620515625 0.5296875 0.33051099375000004 0.5296875 0.3451240265625
2 1 0.1376492140625 0.9117265609375 0.13915624531249998 0.9085608734375 0.1592188109375 1 0.158030846875 1 0.1376492140625
2 0.7269430171875 0 0.5296875 0.07657716875000001 0.5296875 0.0947015421875 0.7733150640625001 0 0.7269430171875 0
2 0.5296875 0.1467226484375 0.7897314124999999 0.0387521828125 0.791768040625 0.0245864171875 0.5296875 0.13127988906250002 0.5296875 0.1467226484375
4 0.3203125 0.53125 0.121875 0.2625
3 0.08046875 0.6484375 0.03359375 0.2109375
4 0.6790564031249999 0.4 0.6526851375 1 0.7679486093750001 1 0.7449802484375001 0.4 0.6790564031249999 0.4
3 0.67890625 0.4375 0.01015625 0.05078125
3 0.7453125 0.45 0.009375 0.06796875
3 0.74921875 0.55625 0.0078125 0.0609375
3 0.7515625 0.65546875 0.0109375 0.05234375
3 0.67421875 0.534375 0.00625 0.0421875
3 0.5296875 0.6047290484375 0.53259876875 0.607060315625 0.5504060375 0.5661993093750001 0.5499374109375 0.563697615625 0.5415023828125001 0.55452476875 0.5296875 0.5836357734375 0.5296875 0.6047290484375