1 0.31171875 0.3375 0.059375 0.071875
1 0.296875 0.396875 0.059375 0.04375
3 0.296875 0.21640625 0.228125 0.4046875
3 0.99609375 0.12109375 0.0078125 0.1015625
4 0.85859375 0.209375 0.2828125 0.41875
3 0.74296875 0.06953125 0.0390625 0.08125
1 0.74765625 0.04375 0.0109375 0.0078125
1 0.74609375 0.05390625 0.0109375 0.009375
1 0.74375 0.0640625 0.009375 0.01015625
1 0.740625 0.07578125 0.01015625 0.00859375
1 0.73984375 0.0859375 0.0109375 0.009375
0 0 0.8397617578125001 0.43893625937499997 0.7404098687499999 0.37903668281249997 0.67218126875 0 0.6734734359375001 0 0.8397617578125001
4 0.996875 0.56015625 0.00625 0.1109375