1 0.0140625 0.3125 0.028125 0.03125
3 0.04296875 0.3453125 0.0859375 0.2875
3 0.1296875 0.359375 0.178125 0.259375
1 0.5953125 0.11171875 0.025 0.01796875
1 0.46953125 0.115625 0.021875 0.01953125
3 0.56640625 0.11171875 0.2953125 0.0859375
4 0.81875 0.24453125 0.3625 0.4890625
3 0 0.9248481515625 0.1487284515625 0.8384769984375 0.105541496875 0.6775455703125 0 0.7413923546875 0 0.9248481515625
1 0.55703125 0.5234375 0.06171875 0.0375
3 0.5828125 0.69375 0.253125 0.409375
4 0.55078125 0.74453125 0.2640625 0.5109375