1 0.2453125 0.4234375 0.0125 0.02109375
3 0.24296875 0.4328125 0.0546875 0.25234375
3 0.4453125 0.240625 0.0328125 0.1640625
4 0.34609375 0.3546875 0.2796875 0.709375
2 0.6 0.3410199578125 0.40284137812500004 0.291858684375 0 0.2711295859375 0 0.3148203078125 0.43523680000000003 0.3288729125 0.6 0.3768970078125 0.6 0.3410199578125
2 0.6 0.6435517453124999 0 0.48439050781250004 0 0.52325063125 0.6 0.677922890625 0.6 0.6435517453124999
0 1 0.05522815 0.6 0.12585950625 0.6 0.324588978125 1 0.2369441234375 1 0.05522815
2 0.47222053906249994 0.709375 0.6 0.97788685 0.6 0.9076424187500001 0.503841384375 0.709375 0.47222053906249994 0.709375
2 0.2247581546875 0.709375 0.46519677656249997 1 0.5030064171874999 1 0.26029304375 0.709375 0.2247581546875 0.709375
2 0.196199203125 1 0.0658178546875 0.9211098218749999 0.0623753125 0.9135394953125001 0.04386364375 0.9484973140624999 0.12966681093750002 1 0.196199203125 1
2 0.13993833125 0.709375 0.41945087968749994 1 0.4475048015625 1 0.17002306875 0.709375 0.13993833125 0.709375
3 0.86640625 0.90859375 0.0234375 0.1828125
4 0.696875 0.8546875 0.140625 0.290625