1 0.4328125 0.26953125 0.11953125 0.0515625
3 0.36953125 0.31796875 0.2796875 0.4015625
4 0.69375 0.36484375 0.36875 0.3078125
3 0.85078125 0.46640625 0.0171875 0.1046875
3 0.5772777265625 0.51875 0.51896304375 0.44449082500000003 0.5107431609375 0.466271059375 0.55157758125 0.51875 0.5772777265625 0.51875
3 0.62076588125 0.51875 0.6660725203125 0.467364659375 0.6583976015624999 0.44951477500000003 0.5979358625 0.51875 0.62076588125 0.51875
3 0.4203125 0.92734375 0.0140625 0.06796875
3 0.43046875 0.75546875 0.0109375 0.0734375
3 0.4984375 0.73125 0.01171875 0.0640625
3 0.49609375 0.87109375 0.0109375 0.05390625
3 0.50234375 0.5734375 0.009375 0.06875
3 0.440625 0.5671875 0.01171875 0.0765625
4 0.4412104015625 0.51875 0.40867707500000006 0.9028331093749999 0.40401384218749997 1 0.5021684046875 1 0.5031318359375 0.8694793921875 0.505598459375 0.51875 0.4412104015625 0.51875