1 0.44375 0.30390625 0.01796875 0.01015625
3 0.44375 0.34453125 0.05 0.19609375
3 0.50859375 0.36328125 0.0546875 0.175
4 0.23984375 0.309375 0.4796875 0.61875
2 0.4476685234375 0.61875 0.49039130625 0.499371753125 0.4470903703125 0.48041603125 0.39767629531250004 0.61875 0.4476685234375 0.61875
3 0.5796875 0.572989296875 0.6003960765625 0.540072134375 0.5875617453124999 0.5186815828125 0.5796875 0.5325095265625001 0.5796875 0.572989296875
4 0.0234375 0.903125 0.040625 0.19375
3 0.3606708328125 0.750615378125 0.35650559843749996 0.7450563859375 0.39607509375 0.8469712328125001 0.4085707046875 0.8265883140625 0.3710838734375 0.7320854296875 0.3606708328125 0.750615378125
3 0.369606275 1 0.339844846875 0.9285031609375001 0.3273492375 0.9562981265625 0.328390475 0.9581510968749999 0.3492352484375 1 0.369606275 1
3 0.441005784375 0.7690952828125 0.42523145468749995 0.754321403125 0.385662053125 0.8340002765625 0.3981576640625 0.8562362499999999 0.441005784375 0.7690952828125
3 0.390094265625 1 0.41246297812500005 0.95010333125 0.41183567187500003 0.95010333125 0.4011707953125 0.9400560953125 0.3739787046875 1 0.390094265625 1