1 0.11484375 0.109375 0.01796875 0.0140625
4 0.41640625 0.26484375 0.3453125 0.5296875
3 0.096875 0.109375 0.19375 0.065625
3 0.11328125 0.41640625 0.2265625 0.0828125
3 0.8935356328124999 0.22129890468750002 0.8747146765625 0.238044875 0.9122015078124999 0.36404875 0.9257384515625 0.35107779375 0.8935356328124999 0.22129890468750002
3 0.935110159375 0.24360386875 0.9017884687500001 0.3529307625 0.9142840781249999 0.37331376562499996 0.950729671875 0.2751048578125 0.9538535749999999 0.2676928953125 0.935110159375 0.24360386875
3 0.9220167187499999 0 0.9413579640625 0.078687128125 0.9548948124999999 0.07127507968749999 0.939555221875 0 0.9220167187499999 0
3 0.9588226656250001 0 0.93302749375 0.0564511125 0.9465644375 0.080540096875 0.9770277937499999 0 0.9588226656250001 0
4 0.28293978124999997 0.5296875 0.23965360468750002 1 0.3424313671875 1 0.3595721859375 0.5296875 0.28293978124999997 0.5296875
3 0.30859375 0.6859375 0.0234375 0.13671875
3 0.29296875 0.96875 0.0203125 0.0625
3 0.69453125 0.88125 0.00859375 0.059375
3 0.80078125 0.9171875 0.01328125 0.0640625
3 0.7984375 0.77578125 0.01015625 0.06640625
3 0.7 0.7546875 0.01015625 0.0578125
3 0.70546875 0.62734375 0.01015625 0.0640625
3 0.7953125 0.63125 0.009375 0.0703125
4 0.7127523921875 0.5296875 0.691444784375 1 0.8056641921875001 1 0.789393684375 0.5296875 0.7127523921875 0.5296875