1 0.15546875 0.0859375 0.02109375 0.03828125
3 0.1546875 0.13984375 0.0875 0.2796875
2 0 0.313011190625 0.13538786875 0.32247519687500004 0.142612340625 0.3032099390625 0 0.290484809375 0 0.313011190625
4 0.150710496875 0 0.20476029218749997 0.3890625 0.46126010937500006 0.3890625 0.44985937812500004 0 0.150710496875 0
3 0.35546875 0.7125 0.01953125 0.109375
3 0.34140625 0.95546875 0.0203125 0.0890625
3 0.45546875 0.43515625 0.0171875 0.0921875
3 0.371875 0.440625 0.021875 0.103125
3 0.4515625 0.65390625 0.0203125 0.115625
3 0.4453125 0.83984375 0.01796875 0.08515625
4 0.37415774687500003 0.3890625 0.3369854484375 1 0.44956484531249996 1 0.4531705078125 0.3890625 0.37415774687500003 0.3890625
2 0.3212983203125 1 0.3219178171875 0.9915650359375 0 0.9132452015624999 0 0.9526706359375 0.17189239375 1 0.3212983203125 1
2 0 0.8223951249999999 0.3293700328125 0.8822393218750001 0.3305860609375 0.8353719734375 0.3301326953125 0.8376475203125 0 0.7822409 0 0.8223951249999999
2 0 0.754150953125 0.3311580578125 0.7886025859375 0.33091971875000004 0.7386670515625 0.33519170468750004 0.7368525406249999 0 0.7038406625 0 0.754150953125
0 0.73125 0.47734375 0.44375 0.0921875