1 0.09921875 0.3484375 0.03125 0.03046875
1 0.13828125 0.359375 0.03828125 0.0328125
1 0.21171875 0.3828125 0.0328125 0.03203125
1 0.24296875 0.39296875 0.0375 0.03125
3 0.274794046875 0.4296875 0.31229336406249997 0.3667577453125 0 0.2623540453125 0 0.3616467859375 0.2070481359375 0.4296875 0.274794046875 0.4296875
4 0.37578125 0.21484375 0.2671875 0.4296875
1 0.11171875 0.85 0.0171875 0.0234375
4 0.06953125 0.71484375 0.1390625 0.5703125
3 0.11171875 0.85234375 0.0484375 0.2953125
2 0.509375 0.8386227187500002 0.098511375 0.9985942046874999 0.0961777328125 1 0.17609843125 1 0.509375 0.8663609890625 0.509375 0.8386227187500002
2 0 0.4296875 0 0.43994215781249996 0.509375 0.6153129203125001 0.509375 0.5918628890625 0.040552221875 0.4296875 0 0.4296875
5 0.659375 0.4296875 0.6322916671875001 0.4390625 0.6052083328125 0.4578125 0.5739583328125 0.4859375 0.565625 0.5109375 0.584375 0.55 0.6885416671875 0.54375 0.7489583328125 0.5 0.8010416671874999 0.4828125 0.878125 0.4578125 0.9177083328125001 0.44375 0.9017361109375 0.4296875 0.659375 0.4296875