1 0.1015625 0.1234375 0.01484375 0.01171875
3 0.10625 0.1390625 0.084375 0.240625
3 0.24140625 0.0859375 0.04296875 0.13359375
3 0.5921875 0.20859375 0.01015625 0.06640625
3 0.49375 0.1875 0.01015625 0.0578125
3 0.49921875 0.06015625 0.01015625 0.0640625
3 0.5890625 0.0640625 0.009375 0.0703125
4 0.504803446875 0 0.4930524078125 0.259375 0.5934141046875 0.259375 0.584441 0 0.504803446875 0
3 0.3419731328125 0.3103614046875 0.3231521765625 0.32710737500000003 0.3606390078125 0.45311124999999997 0.3741759515625 0.44014029375 0.3419731328125 0.3103614046875
3 0.4 0.3538109078125 0.383547659375 0.33266636875 0.35022596875 0.44199326249999993 0.362721578125 0.46237626562499995 0.399167171875 0.36416735781250004 0.4 0.3621913390625 0.4 0.3538109078125
3 0.3398130234375 0.63841099375 0.376258521875 0.7495908578125 0.3908367015625 0.7273548859375001 0.3595976765625 0.6254400390624999 0.3585564390625 0.616175021875 0.3398130234375 0.63841099375
3 0.4 0.6200661703125 0.3981258390625 0.618028075 0.361680340625 0.7440318640625 0.376258521875 0.758855875 0.4 0.6825747 0.4 0.6200661703125
4 0.79609375 0.365625 0.02734375 0.19296875
4 0.819873903125 0.259375 0.819873903125 0.2695754140625 0.8209703953125 0.2806215484375 0.8211531437499999 0.307587109375 0.8231633765625 0.34689835156250004 0.8218841375 0.3777625484375 0.8189601609375 0.40797697343749995 0.8174981718750001 0.4443642375 0.8182291671874999 0.48172616093750004 0.8165844296875001 0.55547535 0.8158534359375 0.569445459375 0.812929459375 0.5973856812499999 0.8127467109375001 0.6347476046875 0.8105537281250002 0.675033503125 0.8092744890624999 0.76145325625 0.8100054828125 0.7848450703125 0.8096399859375001 0.831303809375 0.8079952484374999 0.888158909375 0.808177996875 0.9212973109375 0.8063505109375001 0.98302570625 0.8067946062499999 1 0.8958762499999999 1 0.895714546875 0.9307190140625 0.8935215640624999 0.888158909375 0.8935215640624999 0.8381264218750001 0.8889528515624999 0.7981654078125 0.8891356 0.7611283703125 0.8838358921874999 0.6370218078125001 0.8827394 0.589588409375 0.8825566515624998 0.5324084234375001 0.8790844296875001 0.4524863953125 0.8807291671874999 0.3979054984375 0.8805464187500001 0.381661184375 0.8794499265625 0.36606664218749996 0.8768914468750001 0.346248578125 0.8756122078124999 0.324481196875 0.8767086984375 0.28354552499999996 0.8783534359375 0.27055007343750004 0.8783534359375 0.259828825 0.8783055718749999 0.259375 0.819873903125 0.259375
4 0.64453125 0.4203125 0.0734375 0.321875
2 0.6950221593749999 1 0.8004657109375 0.9639273015625001 0.800128203125 0.9379250906250001 0.7414489421875 0.9417759953125 0.596808796875 1 0.6950221593749999 1
2 0.54132798125 1 0.8006206328125 0.9089234968749998 0.7992595375 0.88799680625 0.7992595375 0.8878394265625001 0.46753240468749996 1 0.54132798125 1
2 0.4 0.9536629046874999 0.6150503015625001 0.8785161265625 0.8086083140625 0.810939465625 0.8057414328124999 0.7995122453125 0.495585015625 0.9057836765625 0.4 0.9405748984375 0.4 0.9536629046874999
2 0.4 0.9371643234375 0.465171734375 0.9140576609375 0.6822788171875 0.839399815625 0.808244471875 0.7951412906249999 0.806470859375 0.788770221875 0.4 0.9294945671875 0.4 0.9371643234375
2 0.4 0.8216401828125001 0.46730289375 0.7990084656249999 0.553731271875 0.77016009375 0.5922604796875 0.7566083296875 0.648736128125 0.7374363578125 0.80794185 0.6829506234375 0.807829121875 0.67953386875 0.4 0.8185725375 0.4 0.8216401828125001
2 1 0.9779856421875 0.9082093203125 0.9251017000000001 0.9078932312500001 0.9456536078125 1 0.9977565671875 1 0.9779856421875
2 1 0.8976688124999999 0.8992046609375001 0.8401154234374999 0.8990660640625 0.8523955718749999 1 0.9092929812499999 1 0.8976688124999999
2 1 0.8802138578125 0.9096998562499999 0.8277649609375001 0.9094354046875001 0.8384392890625 1 0.8908643875 1 0.8802138578125