1 0.3984375 0.38515625 0.11875 0.06640625
3 0.3234375 0.2703125 0.353125 0.540625
4 0.6984375 0.3046875 0.396875 0.609375
3 0.83125 0.46875 0.03984375 0.24296875
3 0.86328125 0.05078125 0.0296875 0.1015625
2 0.9867150859375 0.609375 0.84844538125 0.5632543140624999 0.5 0.5516216671875 0.5 0.58935496875 0.8302309375 0.60401950625 0.8450421421875 0.609375 0.9867150859375 0.609375
2 1 0.35500501406249996 0.5 0.2234356890625 0.5 0.2632533171875 1 0.4009031171875 1 0.35500501406249996
2 1 0.09361011875 0.8656478796875 0.0698758890625 0.5 0.1168111921875 0.5 0.146280803125 0.8616002875 0.1036289203125 1 0.13304871875 1 0.09361011875
3 0.25 0.78203125 0.5 0.3453125
4 0.803125 0.81875 0.03984375 0.20625
3 0.9634051578125 0.609375 0.9814243906249999 0.6448759 0.9876721953125 0.6356108828125 0.9897548609375001 0.6319049437500001 0.9790123453125 0.609375 0.9634051578125 0.609375
3 1 0.609375 0.9824701796875001 0.609375 0.9720526828124999 0.6300518890625 0.98350705625 0.64672886875 1 0.6153555265625 1 0.609375
3 0.9293593781249999 0.715289840625 0.9251941437500001 0.7115838171875 0.9553919328125 0.7727327421875 0.9689287796875 0.7597617875 0.9418549890625 0.7023188 0.9293593781249999 0.715289840625
3 0.9814243906249999 0.706024825 0.946020225 0.76902671875 0.9564331703125 0.776438765625 0.988713528125 0.7227018046875 0.9907960984375 0.7171428109375 0.9814243906249999 0.706024825
3 0.948036484375 0.842200221875 0.9750531421874999 0.89943383125 0.9834154609375 0.8937104546875 0.9583285640625 0.8330428296875001 0.957685290625 0.8353321906250001 0.948036484375 0.842200221875
3 1 0.8460819374999999 0.9956373031249999 0.842200221875 0.9647611218750001 0.898289125 0.9724801671875 0.9120251875000001 1 0.8649015296875 1 0.8460819374999999