1 0.19375 0.30390625 0.0203125 0.03125
2 0.55 0.3489830046875 0.19201385937499998 0.4368585515625 0 0.5248467359375 0 0.5296875 0.059062223437500005 0.5296875 0.2128394078125 0.46808930625 0.55 0.3799431109375 0.55 0.3489830046875
3 0.19140625 0.29375 0.06953125 0.3625
4 0.11953125 0.26484375 0.2390625 0.5296875
0 0.5738554671875 0.174859490625 0.8008483937499999 0.48658709531250005 0.843793059375 0.42112424062500003 0.5852488640625 0.059520276562499995 0.5862049125000001 0.062390346875 0.5738554671875 0.174859490625
1 0.26953125 0.59375 0.04296875 0.04296875
3 0.55 0.5296875 0.31561919843749997 0.5296875 0.07048176874999999 0.621227778125 0.0669181015625 0.62257484375 0.1445589296875 0.70604114375 0.55 0.5732743453125 0.55 0.5296875
3 0.66328125 0.93125 0.0140625 0.1375
4 0.61484375 0.790625 0.1296875 0.41875
3 0.59453125 0.81796875 0.00859375 0.10703125
3 0.55390625 0.75078125 0.0078125 0.0859375