2 0.4390625 0.2398852265625 0.179699603125 0.40776393437499997 0.08892694062499999 0.4390625 0.24383535312500002 0.4390625 0.4390625 0.311957896875 0.4390625 0.2398852265625
3 0.70546875 0.21484375 0.01640625 0.15625
4 0.7859310781250001 0 0.8054452234374999 0.1676194703125 0.7064170953125 0.1398132921875 0.834770240625 0.3871357734375 0.8348333828125 0.4390625 1 0.4390625 1 0.386417459375 0.9394437937500001 0.31322103437500004 0.7945509656249999 0 0.7859310781250001 0
2 0.5418145531249999 0.4390625 0.6274384265624999 0.2935673890625 0.6927276984375 0.166661778125 0.7607435515625001 0.060924009375 0.7813067421875 0.0147411203125 0.77516675 0.0053847453125 0.77516675 0.0049564109375 0.5245835953125 0.4390625 0.5418145531249999 0.4390625
2 0.586586834375 0.4390625 0.69272301875 0.24009224375 0.6865774171875 0.2232735171875 0.5702350109375 0.4390625 0.586586834375 0.4390625
2 0.609208 0.4390625 0.6978355687500001 0.2735222203125 0.693678909375 0.26391486249999996 0.5984363578125 0.4390625 0.609208 0.4390625
2 0.62937118125 0.4390625 0.69240500625 0.3198590375 0.701412725 0.2990916328125 0.6945971734375 0.29271015 0.6945971734375 0.2922818171875 0.6178113984375 0.4390625 0.62937118125 0.4390625
2 0.6436859 0.4390625 0.664199184375 0.3945698640625 0.6889997593749999 0.3520819296875 0.7102842453125 0.3076094203125 0.7084788046874999 0.29532884843749996 0.7084788046874999 0.29498735625 0.632996928125 0.4390625 0.6436859 0.4390625
2 0.9007326078125001 0 0.8419076203125 0.0750136265625 0.8572167578125001 0.11003537968749999 0.9034114562500001 0.0431898515625 0.934521471875 0.0051123875 0.9383610671875001 0 0.9007326078125001 0
4 0.27578125 0.71953125 0.3265625 0.5609375
3 0.14928980625 0.6302990109375 0.1348661203125 0.6327682296875 0.14475605 0.764057428125 0.15797910312500002 0.761945859375 0.14928980625 0.6302990109375
4 0.62265625 0.8828125 0.0484375 0.234375
4 0.79453125 0.9 0.0265625 0.14296875
3 0.60625 0.809375 0.0078125 0.02734375
3 0.6046875 0.84453125 0.00546875 0.025
3 0.6390625 0.80703125 0.00546875 0.02578125
3 0.640625 0.846875 0.0046875 0.0265625
3 0.6421875 0.88359375 0.00703125 0.025