4 0.32265625 0.26953125 0.2140625 0.5390625
1 0.6328125 0.16953125 0.0125 0.0125
1 0.8796875 0.35703125 0.01484375 0.01328125
3 0.63046875 0.13359375 0.0625 0.1203125
3 0.878125 0.34375 0.05703125 0.14765625
3 0.64375 0.43828125 0.05078125 0.13203125
4 0.75390625 0.26953125 0.2765625 0.5390625
5 0 0.5390625 0 0.549940925 0.000029225 0.54997781875 0.0018184499999999999 0.5721134046875 0.0116592171875 0.591877353125 0.0179215328125 0.562626721875 0.0331299734375 0.54997781875 0.0324034078125 0.5390625 0 0.5390625
3 0.1572142953125 0.5390625 0.18062274375 0.5645328593750001 0.1714431625 0.5706193484375001 0.23352146562499998 0.5390625 0.1572142953125 0.5390625
3 0.338969321875 0.682204946875 0.3091358390625 0.643657215625 0.22881518125000003 0.6882914359375001 0.26323835 0.7227815703125 0.2655332984375 0.7207526796875 0.338969321875 0.682204946875
3 0 0.8577907359375001 0.08423787031249999 0.8140789046875 0.0612890203125 0.7593005046875 0 0.796145428125 0 0.8577907359375001
1 0.7359375 0.5578125 0.08125 0.0375
1 0.715625 0.88828125 0.0953125 0.06328125
3 0.72578125 0.76953125 0.3890625 0.4609375