1 0.0875 0.55078125 0.01953125 0.01796875
3 0.09296875 0.596875 0.0921875 0.30078125
2 0.51875 0.698881440625 0 0.7223991609375 0 0.7599565109374999 0.51875 0.737555190625 0.51875 0.698881440625
2 0.51875 0.52048258125 0.1923828125 0.52769820625 0.19552951406250002 0.533015046875 0.1954806859375 0.5773582171875 0.51875 0.561599375 0.51875 0.52048258125
3 0.88359375 0.603125 0.0109375 0.0671875
3 0.8765625 0.72890625 0.0109375 0.0546875
3 0.92734375 0.58203125 0.00859375 0.05234375
3 0.88984375 0.465625 0.0140625 0.05
4 0.9372801140625 0.7796875 0.9344676140625001 0.3594760625 0.893121484375 0.3571526390625 0.8665385609375 0.7796875 0.9372801140625 0.7796875
3 0.69632216875 0.2663385734375 0.6893540328125 0.27471330625 0.7157353546875 0.36417350625 0.723042471875 0.3574472359375 0.69632216875 0.2663385734375
3 0.7497202109375 0.2778805171875 0.74227780625 0.2684869796875 0.7156791109375 0.3589632828125 0.7234528984375 0.3638411109375 0.7497202109375 0.2778805171875
3 0.6640155 0.581516609375 0.6570549671875 0.5894886859375 0.6883279671875 0.667158321875 0.694052659375 0.658975459375 0.6640155 0.581516609375
3 0.722656365625 0.5646077015625 0.7142593390625 0.5583570546875001 0.687791371875 0.6581620359375 0.6944722078125001 0.66542338125 0.722656365625 0.5646077015625
4 0.21953125 0.88984375 0.4140625 0.2203125
3 0.6265625 0.92421875 0.215625 0.0546875
4 0.759375 0.88984375 0.48125 0.2203125