1 0.43125 0.08359375 0.03359375 0.04453125
1 0.43125 0.12109375 0.034375 0.046875
1 0.4328125 0.16640625 0.034375 0.05
1 0.4359375 0.20859375 0.03125 0.04453125
1 0.4359375 0.246875 0.03125 0.025
3 0.43828125 0.1296875 0.1015625 0.259375
4 0.3390625 0.1296875 0.421875 0.259375
5 1 0.259375 1 0.1393010140625 0.9626296046875 0.14452959062499998 0.90545785625 0.1797254046875 0.8809556921875 0.20989325781249998 0.8892527828125001 0.259375 1 0.259375
4 0.63984375 0.5484375 0.03125 0.20625
3 1 0.3810056859375 0.9887859562500001 0.3499639359375 0.9752490140625 0.36293489218749997 0.97316644375 0.36849388593750004 1 0.43509318124999996 1 0.3810056859375
3 1 0.6563927734374999 0.9596294999999999 0.5612056781250001 0.94296875 0.581588596875 0.9419274171875 0.581588596875 0.9887859562500001 0.6705324874999999 1 0.6605547781250001 1 0.6563927734374999
3 1 0.588273853125 0.9669186374999998 0.6686795171875 0.983579484375 0.685356496875 1 0.6473699921875 1 0.588273853125
3 1 0.819057428125 0.9762903453125 0.7631824015625 0.9596294999999999 0.7817123515625 0.9585882625 0.7817123515625 1 0.8679863250000001 1 0.819057428125