1 0.09921875 0.24921875 0.01328125 0.0203125
2 0.46875 0.2783423765625 0.0964114859375 0.352522040625 0 0.39060355625 0 0.4155612015625 0.040442690625 0.3993681734375 0.46875 0.30629585625 0.46875 0.2783423765625
2 0.46875 0.040137568750000005 0 0.0556180140625 0 0.0862269265625 0.46875 0.06849107812500001 0.46875 0.040137568750000005
3 0.1 0.25 0.05 0.2875
4 0.075 0.2296875 0.15 0.459375
4 0.9625 0.240625 0.075 0.4375
3 0.75703325625 0 0.7701421109375 0.0427362625 0.77729171875 0.0341556859375 0.7674826015624999 0 0.75703325625 0
3 0.7805827546874999 0 0.7687285734375 0.0388853703125 0.7778790718749999 0.043178128125 0.7905813 0 0.7805827546874999 0
3 0.7404981078125 0.35457707968749996 0.7472269875 0.3470826515625 0.7134923375 0.266342275 0.7064635328125 0.2755893546875 0.7404981078125 0.35457707968749996
3 0.7397816203125 0.3436588125 0.7471450625 0.35212830781250004 0.775008953125 0.2484257515625 0.7672150625 0.24160769843750002 0.7397816203125 0.3436588125
3 0.9390625 0.425 0.00703125 0.046875
3 0.94609375 0.290625 0.00859375 0.0484375
3 0.9953125 0.2703125 0.00625 0.0453125
3 0.95390625 0.16015625 0.009375 0.05234375
4 0 0.459375 0 1 0.0786427859375 1 0.07188734531249999 0.459375 0 0.459375
3 0.08828125 0.87265625 0.02109375 0.09765625
3 0.08359375 0.67109375 0.01796875 0.0984375
3 0.07734375 0.48984375 0.0171875 0.0609375
0 0.46875 1 0.7567682265625 1 0.8152565515625 0.965731440625 0.8141676109375 0.8539526687500001 0.8119892312499999 0.8568560109375 0.46875 0.9578657546875 0.46875 1