1 0.15625 0.2046875 0.034375 0.02109375
3 0.094723271875 0.4890625 0.239016565625 0.1279420296875 0.15456646093749998 0.089651721875 0.15425461406250002 0.09092782656250001 0 0.47905690468750006 0 0.48152766874999997 0.0246204484375 0.4890625 0.094723271875 0.4890625
3 0.3 0.1326333015625 0.2646049515625 0.12289463437499999 0.12546756875 0.4795772234375 0.12706689843750002 0.47789470625 0.1516951515625 0.4890625 0.23229587343749997 0.4890625 0.3 0.3213375234375 0.3 0.1326333015625
4 0.15 0.24453125 0.3 0.4890625
4 0.56640625 0.24453125 0.1171875 0.4890625
2 0.3 0.44804366875 0.48457857187500003 0.3868857625 0.48416162499999993 0.3522925703125 0.3 0.41888402343750003 0.3 0.44804366875
2 0.3 0.4890625 0.32852882499999997 0.4890625 0.49443385625 0.436514146875 0.49401160937499994 0.397011825 0.42889114843750004 0.4183129890625 0.3 0.46383856406249996 0.3 0.4890625
2 0.8007833421874999 0.4890625 0.6597557125 0.4035636125 0.6525616218750001 0.42481138281249997 0.6527347609375 0.42698484375 0.7627883515625 0.4890625 0.8007833421874999 0.4890625
2 0.727025146875 0.4890625 0.658533140625 0.4488230921875 0.651353184375 0.46849416093749996 0.65130195 0.4708246625 0.684041865625 0.4890625 0.727025146875 0.4890625
2 0.9512655328124999 0.4890625 0.6756099828125001 0.328840165625 0.669055734375 0.356680321875 0.8949905859375 0.4890625 0.9512655328124999 0.4890625
3 0.5515625 0.12578125 0.021875 0.2515625
4 0.57421875 0.86328125 0.2640625 0.2734375