3 0.4265625 0.13359375 0.28125 0.09375
3 0.93671875 0.32265625 0.009375 0.0515625
3 0.9328125 0.40390625 0.01015625 0.05234375
3 0.96953125 0.4140625 0.01171875 0.04453125
3 0.96796875 0.33359375 0.01328125 0.04609375
4 0.94140625 0.346875 0.0859375 0.225
3 0.7789347828125 0.08719063437499999 0.7768521171875 0.08348461093750001 0.8039260031250001 0.1835464875 0.8164216140624999 0.17428147031250002 0.7914303921875 0.07792561718749999 0.7789347828125 0.08719063437499999
3 0.7724085656249999 0.269294653125 0.7581087015625 0.283608365625 0.789347728125 0.3669932625 0.7997607671875 0.3540223078125 0.7724085656249999 0.269294653125
3 0.7955955328125001 0.17428147031250002 0.809132475 0.18910548124999998 0.8362062671875 0.129809525 0.8247519890625 0.10942660625 0.82266941875 0.1038676140625 0.7955955328125001 0.17428147031250002
3 0.8203689546875002 0.29633016562500003 0.8060085734375001 0.2799023421875 0.782058684375 0.3595813 0.7914303921875 0.374405225 0.8203689546875002 0.29633016562500003
0 0.6 0.8316031140625 0.49518641875 0.921352090625 0.5180607125 1 0.5411616921875 1 0.6 0.9648658062500001 0.6 0.8316031140625
1 0.7578125 0.75078125 0.0203125 0.03125
2 1 0.8238571453125001 0.756076359375 0.8837335515625 0.6 0.9552537828125001 0.6 0.9858255203125001 0.7769019078125 0.9149643062500001 1 0.8566382484374999 1 0.8238571453125001
3 0.75546875 0.740625 0.06953125 0.3625
4 0.7015625 0.7296875 0.203125 0.540625