3 0.4234375 0.44921875 0.040625 0.1015625
4 0.4515625 0.16171875 0.03046875 0.0703125
4 0.42890625 0.15 0.0203125 0.053125
4 0.34375 0.13984375 0.01640625 0.096875
4 0.69453125 0.25 0.1203125 0.5
3 0.67109375 0.259375 0.0140625 0.10078125
3 0.68203125 0.07109375 0.01015625 0.078125
3 0.75078125 0.06171875 0.01015625 0.0609375
3 0.74765625 0.20625 0.0109375 0.06015625
0 0.4890625 0.7359071984375 0.3136253671875 0.659517546875 0.31144723750000003 0.656614225 0.2842201109375 0.7437145265625 0.4890625 0.9138057109375 0.4890625 0.7359071984375
1 0.6171875 0.5671875 0.06796875 0.0390625
3 0.5893237499999999 0.5 0.4890625 0.6116861828125 0.4890625 0.7763696625 0.73536059375 0.5 0.5893237499999999 0.5
3 0.4890625 1 0.691294809375 1 0.8814737875 0.799100984375 0.7708073484375 0.705171571875 0.7677987203125 0.7067404046875 0.4890625 0.9866612937500001 0.4890625 1