1 0.403125 0.17578125 0.03828125 0.06015625
1 0.39921875 0.240625 0.03515625 0.04609375
1 0.396875 0.26171875 0.03125 0.0140625
1 0.40703125 0.01640625 0.0328125 0.0328125
3 0.40234375 0.134375 0.0890625 0.26875
4 0.7 0 0.7 0.26875 0.8461096375 0.26875 0.8217505859375 0 0.7 0
3 0.8234375 0.09453125 0.0203125 0.13828125
4 0.40201289687499997 1 0.4303535140625 0.9689650078125001 0.42136190156250003 0.719914578125 0.34630168906250003 0.7039141359375 0.3283185375 0.9258333593749999 0.32808438125 1 0.40201289687499997 1
3 0.41171875 0.8125 0.00859375 0.05390625
3 0.4125 0.91015625 0.0078125 0.053125
3 0.41484375 0.98984375 0.0109375 0.0203125
3 0.33203125 0.9421875 0.01015625 0.04609375
3 0.33828125 0.865625 0.01015625 0.0421875
1 0.7453125 0.35859375 0.0203125 0.040625
3 0.85 0.34765625 0.3 0.1578125