1 0.3953125 0.2734375 0.09140625 0.20390625
1 0.30234375 0.29296875 0.08046875 0.2078125
1 0.23359375 0.34296875 0.0734375 0.21953125
3 0.225 0.3234375 0.45 0.6125
3 0.9140625 0.521875 0.0375 0.215625
3 0.51015625 0.49140625 0.02578125 0.24921875
2 0.45 0.2017963765625 0.63442020625 0.1645364265625 0.6290754484375001 0.1379198890625 0.45 0.1801440125 0.45 0.2017963765625
2 0.5219337609375 0.350174925 0.5199302953125 0.3487114515625 0.5251115015625001 0.357678015625 0.63310995 0.288235896875 0.6318956703125 0.2732119234375 0.5219337609375 0.350174925
2 0.6323643984375 0.29784848125 0.6323109140625001 0.2960971109375 0.5354172921875 0.35100184843750004 0.5385678656249999 0.3621162 0.6354394796875 0.310605115625 0.6323643984375 0.29784848125
2 0.8862825109374999 0.4031860375 0.8867174828125 0.3753236296875 0.7430697125 0.2754794296875 0.7399308484375 0.2952396921875 0.8862825109374999 0.4031860375
2 0.7390925421875 0.307322790625 0.7368743296875 0.3288608078125 0.8611636546875001 0.40402183125 0.860276484375 0.38729138281250003 0.7390925421875 0.307322790625
2 1 0.14997829375 0.7629888484375 0.1175095625 0.762858340625 0.1163272890625 0.7615636374999999 0.1475892203125 1 0.1790078171875 1 0.14997829375
2 0.45 0.6296875 0.4583051 0.6296875 0.4963072046875 0.61405865625 0.48685721718749997 0.5866961468749999 0.45 0.60288028125 0.45 0.6296875
4 0.7427524171875 0.6296875 0.7358674875 0.1137516140625 0.6331709421875 0.1224050296875 0.620482484375 0.6296875 0.7427524171875 0.6296875
4 0.746875 0.6953125 0.03125 0.13125
4 0.675 0.65625 0.01875 0.053125
3 0.75625 0.640625 0.00625 0.021875
3 0.73515625 0.63828125 0.0046875 0.0171875
3 0.8743024703125 0.7718814078125 0.8977445390625001 0.8177681531250001 0.9032143421875001 0.8108155953124999 0.8805536640625 0.7656241234375 0.8805536640625 0.76214784375 0.8743024703125 0.7718814078125
3 0.917611690625 0.764727421875 0.9196237906250001 0.7607573265625 0.8911025953125 0.808034590625 0.8961817218749999 0.8184633968749999 0.924312203125 0.7746624109375 0.917611690625 0.764727421875
3 0.8610186203125 0.6578597859374999 0.8860235046875001 0.7106990578125 0.8907119187500001 0.7016607703125001 0.8676605281249999 0.649516740625 0.8680512406249999 0.6460404609375 0.8610186203125 0.6578597859374999
3 0.9054421859375001 0.6534784546875 0.8766466765625001 0.6954034859375 0.8805536640625 0.7086132968750001 0.9110283531250001 0.66411706875 0.9054421859375001 0.6534784546875