1 0.0203125 0.21953125 0.040625 0.0515625
3 0.04375 0.24296875 0.0875 0.3328125
5 0.6887154515624999 0.167784075 0.6945429578125 0.14782399531249998 0.7053654671875 0.0936466359375 0.7053654671875 0.070835115625 0.6978729609375 0.0508750359375 0.6828879453125 0.0508750359375 0.677892940625 0.0551521953125 0.6745629375 0.0907951953125 0.6720654343750001 0.127863915625 0.6637404265625 0.164932634375 0.6637404265625 0.1877441546875 0.671232934375 0.189169875 0.6887154515624999 0.167784075
5 0.75698051875 0.14782399531249998 0.76946803125 0.14782399531249998 0.7769605390625001 0.153526875 0.778625540625 0.1834669953125 0.777793040625 0.2205357140625 0.7886155515625 0.221961434375 0.7919455546874999 0.21340711406250001 0.79361055625 0.179189834375 0.79361055625 0.1335667953125 0.7894480515625 0.0950723546875 0.7961080593750001 0.0793894359375 0.8002705625000001 0.059429356249999996 0.8011030640625 0.0252120765625 0.8011030640625 0.0081034359375 0.7519855140624999 0.0266377953125 0.7478230109374999 0.052300756250000004 0.7478230109374999 0.0865180359375 0.7478230109374999 0.10647811562500001 0.7486555109374999 0.143546834375 0.75698051875 0.14782399531249998
3 0.45 0.067506678125 0.460006290625 0.07845535625 0.46783332343749995 0.056433242187499996 0.456754278125 0.048667890625 0.45 0.06728714375 0.45 0.067506678125
3 0.4695105375 0.0913813921875 0.4764989359375 0.0731891984375 0.46751552500000004 0.0634114421875 0.46168352187500006 0.08372151562499999 0.4695105375 0.0913813921875
3 0.48432597031249996 0.172767471875 0.49019622656250006 0.1526603171875 0.481966340625 0.14397441875 0.4751012671875 0.163192634375 0.48432597031249996 0.172767471875
3 0.492152984375 0.159362696875 0.48628272812500006 0.1785123703125 0.49578695625 0.184736009375 0.49918433437500004 0.1671428578125 0.492152984375 0.159362696875
4 0.465625 0.58125 0.03125 0.21875
3 0.79931594375 0.409375 0.812687559375 0.4399683484375 0.8262245015625 0.42329136875 0.8200272234374999 0.409375 0.79931594375 0.409375
3 0.809595590625 0.409375 0.7981093781249999 0.43070341562500003 0.8095636562500002 0.44923336562499994 0.8329803796874999 0.409375 0.809595590625 0.409375
3 0.8091803953125 0.5546170953125 0.7918615734375 0.5678251921874999 0.8324723078125 0.6641811296875 0.8480918203125001 0.64750415 0.8091803953125 0.5546170953125
3 0.8647526656250001 0.5622661984375 0.8158114624999999 0.6623280765625 0.8272658343749999 0.6827110796875 0.8741243734375 0.5863552249999999 0.8814134171875001 0.5789431781250001 0.8647526656250001 0.5622661984375