3 0.38046875 0.14375 0.1390625 0.2875
2 0.45 0.22304980937500002 0.3759041609375 0.25451202500000003 0 0.4680463625 0 0.522043 0.40677621875 0.29793468437500004 0.45 0.280115821875 0.45 0.22304980937500002
4 0.66640625 0.3 0.1046875 0.6
4 0.61171875 0.3 0.1234375 0.6
3 0.64609375 0.34765625 0.01875 0.28203125
4 0.45 0.6 0.45 0.6335259437499999 0.4830391109375 0.7525457046875 0.45 0.7839781390625 0.45 0.8557227000000001 0.5083920843749999 0.8670974640625 0.533405615625 1 0.5860142734375 1 0.5567612375 0.860178846875 0.9001106562500001 0.8724103031249999 0.87240605 1 0.9236782984375 1 0.9503455734374999 0.8638080203125 1 0.8536526375000001 1 0.7684331656250001 0.9827639796875001 0.7579687625 1 0.7102033140625 1 0.6 0.9928018890625001 0.6 0.8888946656249999 0.7543993437500001 0.8450400484374999 0.756904359375 0.5819857484375 0.7601250953124999 0.477350471875 0.6 0.45 0.6
3 0.7335182671875 1 0.7343590828125001 0.8692358375 0.7204249296875 0.8689569453124999 0.720201465625 0.8688712375 0.719748296875 1 0.7335182671875 1
2 0.45 0.9863879765625001 0.5164296828125 0.9327443859375 0.50862305 0.922819125 0.45 0.9697422953124999 0.45 0.9863879765625001
2 0.4671050734375 1 0.520414825 0.9519248203125 0.5159402015625 0.94466000625 0.45303847187499996 1 0.4671050734375 1
2 0.49231258437500003 1 0.5251843171875 0.9668834796875 0.5195685546875 0.9610517250000001 0.48048135625 1 0.49231258437500003 1
2 0.5098011046875 1 0.52657756875 0.9828262609374999 0.522408134375 0.9760855765625 0.49878001562499996 1 0.5098011046875 1
2 1 0.967871215625 0.948235234375 0.9206250296875 0.9442630703125001 0.9291392265624999 1 0.9804734156249999 1 0.967871215625
2 0.9996955218749999 1 0.9452545000000001 0.9437519203125 0.9405488406250001 0.9495674953125001 0.9863123234375 1 0.9996955218749999 1
2 0.977174971875 1 0.9416772250000001 0.9604828171875 0.9414415406250001 0.9609468203125001 0.9389746531250001 0.9653438078125 0.9690079125000001 1 0.977174971875 1