1 0.309375 0.03203125 0.03359375 0.04453125
1 0.309375 0.06953125 0.034375 0.046875
1 0.3109375 0.11484375 0.034375 0.05
1 0.3140625 0.15703125 0.03125 0.04453125
1 0.31484375 0.203125 0.03203125 0.040625
1 0.3171875 0.2484375 0.03125 0.04453125
3 0.31640625 0.14453125 0.1015625 0.2890625
4 0.23671875 0.14453125 0.4609375 0.2890625
4 0.809375 0.14453125 0.38125 0.2890625
3 0.9203125 0.04921875 0.159375 0.0984375
3 0.0938575203125 0.5693479765625 0.0925559140625 0.5728223484375 0.1413668921875 0.679369734375 0.154383134375 0.6666303578124999 0.10101644375 0.5577667328125 0.0938575203125 0.5693479765625
3 0.13030303125 0.6677884640625 0.1446209375 0.690950953125 0.20449571875 0.5786129828125001 0.1914794765625 0.561241103125 0.13030303125 0.6677884640625
3 0.1309538640625 0.8575789468749999 0.13030303125 0.858737053125 0.18171728125 0.9745494453125 0.1934319171875 0.9594938046875001 0.139414453125 0.8402070921875 0.1309538640625 0.8575789468749999
3 0.2337823046875 0.8598952109375 0.17260591875 0.9641263343750002 0.18497132656249998 0.9768656578125 0.2461477734375 0.8795832765625 0.24940181875 0.8714764296874999 0.2337823046875 0.8598952109375
0 1 0.47775012656250004 0.7871071859375001 0.40580263437499997 0.781288153125 0.40622926249999997 0.6272696234375 0.5527951953125 0.61875 0.5774578890625 0.61875 0.766407834375 1 0.8260967000000001 1 0.47775012656250004