1 0.165625 0.16640625 0.06484375 0.0359375
3 0 0 0 0.06797209062500001 0.251199875 0.35 0.396365040625 0.35 0.094622271875 0 0 0
3 0.5718534562500001 0.030581837499999997 0.57288120625 0.0314963203125 0.5954920828125 0.082705825 0.6016586765625 0.077219090625 0.5775061515625 0.0296673953125 0.5718534562500001 0.030581837499999997
3 0.629209784375 0.0362787484375 0.6206723109375 0.02783846875 0.5918948875 0.0763046484375 0.59806148125 0.08544919375 0.629209784375 0.0362787484375
3 0.57047653125 0.28962001875 0.57047653125 0.292341540625 0.5955584015625 0.343506490625 0.601370034375 0.336430471875 0.57598230625 0.2847212484375 0.57047653125 0.28962001875
3 0.6197226140625001 0.2907086171875 0.5912761140625 0.33751909687500004 0.595864259375 0.3462280125 0.6255342749999999 0.298328934375 0.6258401609375001 0.298328934375 0.6197226140625001 0.2907086171875
3 0.5906643703125 0.16279629375 0.590052628125 0.1617076703125 0.61513446875 0.21287260625 0.6200285 0.207429525 0.5955584015625 0.15463167656250001 0.5906643703125 0.16279629375
3 0.6386869671875 0.1644292171875 0.6108522093750001 0.21069537187499998 0.6148286125 0.21668276562500002 0.642663340625 0.17313813281249998 0.6444985984375 0.1693279875 0.6386869671875 0.1644292171875
3 0.3248030234375 0.5007318109375001 0.332318290625 0.49538762031250005 0.3007541671875 0.41789686249999997 0.29273788125 0.42145965468749996 0.3248030234375 0.5007318109375001
3 0.3248030234375 0.49271552500000004 0.33131625468750003 0.5042946046875001 0.36288037812499996 0.44105501875 0.3568681640625 0.4321480359375 0.3248030234375 0.49271552500000004
3 0.29373991718750003 0.7127180234375 0.3022572203125 0.706483134375 0.2661839359375 0.631664471875 0.26217579375 0.63968075625 0.29373991718750003 0.7127180234375
3 0.2932389 0.70826453125 0.29975213125 0.7162808171874999 0.3333203265625 0.6503691375 0.32580505937500004 0.6405714546875 0.2932389 0.70826453125
3 0.3177887734375 0.93450191875 0.32380098749999997 0.9255949343750001 0.28923075625 0.8543390656250001 0.2837195609375 0.8668088421875 0.3177887734375 0.93450191875
3 0.3132796125 0.9300484265625 0.3207948796875 0.9353926171874999 0.3538620578125 0.8668088421875 0.346346790625 0.8570111609375001 0.3132796125 0.9300484265625
0 1 0.43907244843750004 0.5296875 0.4652779296875 0.5296875 0.5683218484375001 1 0.64255754375 1 0.43907244843750004