4 0.08359375 0.159375 0.1671875 0.31875
1 0.1265625 0.30703125 0.01328125 0.01796875
3 0.12421875 0.2453125 0.0515625 0.146875
2 0.559375 0.10365785624999999 0.183392334375 0.143303765625 0.18802083281249998 0.14409722187500001 0.1894602453125 0.1771172421875 0.559375 0.1376016109375 0.559375 0.10365785624999999
4 0.9928457515625 0.31875 0.9838619015625 0.069914578125 0.9088016890624999 0.053914135937499996 0.8908185375000001 0.27583335937500003 0.8906830421875 0.31875 0.9928457515625 0.31875
3 0.97421875 0.1625 0.00859375 0.05390625
3 0.975 0.26015625 0.0078125 0.053125
3 0.89453125 0.2921875 0.01015625 0.04609375
3 0.90078125 0.215625 0.01015625 0.0421875
3 0.03203125 0.4984375 0.0640625 0.359375
4 0.28359375 0.659375 0.5515625 0.68125
0 0.559375 0.680950965625 0.8180568749999999 0.5674047484375 0.82132419375 0.493369465625 0.822413259375 0.4904661640625 0.559375 0.472935528125 0.559375 0.680950965625