1 0.359375 0.12265625 0.06171875 0.06640625
1 0.37421875 0.190625 0.06171875 0.065625
1 0.37890625 0.2671875 0.06171875 0.090625
1 0.3875 0.35859375 0.0609375 0.08125
3 0.26164921093750004 0 0.3381591484375 0.6224138796875 0.48589540937500003 0.5601964125000001 0.41877221093749994 0 0.26164921093750004 0
1 0.4953125 0.128125 0.0125 0.071875
3 0.53046875 0.3078125 0.0828125 0.615625
4 0.48359375 0.96015625 0.0109375 0.0796875
4 0.88828125 0.8296875 0.1078125 0.340625
3 0.7103479828125 0.659375 0.728320240625 0.7080428000000001 0.7397746140624999 0.6969248140625 0.7304507671875 0.659375 0.7103479828125 0.659375
3 0.736673646875 0.659375 0.7210311984375 0.70618983125 0.7324854765625 0.721013840625 0.7559171734375 0.659375 0.736673646875 0.659375