1 0.18515625 0.0265625 0.01953125 0.0203125
3 0.1859375 0.090625 0.075 0.18125
2 0.4796875 0.0072947125 0 0.22086120937499998 0 0.2668548046875 0.4796875 0.058723685937500006 0.4796875 0.0072947125
1 0.70234375 0.0546875 0.0171875 0.0234375
4 0.6046875 0.209375 0.25 0.41875
3 0.70234375 0.10859375 0.0484375 0.2171875
2 1 0.082245640625 0.689136375 0.2032817046875 0.4796875 0.3294545140625 0.4796875 0.365998909375 0.713818646875 0.2259015421875 1 0.11114702031249998 1 0.082245640625
1 0.19296875 0.43671875 0.0203125 0.01640625
3 0.19375 0.5234375 0.090625 0.209375
3 0.021875 0.52578125 0.02734375 0.15
3 0.25234375 0.975 0.0484375 0.05
4 0.1453125 0.709375 0.290625 0.58125
4 0.52578125 0.709375 0.0921875 0.58125