3 0.22421875 0.13046875 0.0375 0.09765625
3 0.2078125 0.35390625 0.034375 0.1015625
4 0.13828125 0.225 0.2765625 0.45
4 0.6609375 0.225 0.2625 0.45
3 0.78046875 0.0578125 0.0328125 0.115625
3 0.23359375 0.65625 0.02734375 0.1546875
3 0.21640625 0.96796875 0.0265625 0.0640625
3 0.35703125 0.54609375 0.01953125 0.1125
4 0.29765625 0.725 0.1890625 0.55
2 0.5 0.8673053078125001 0.4054289640625 0.816039978125 0.40100212031250004 0.8666136984375001 0.5 0.9244447015624999 0.5 0.8673053078125001
2 0.5 0.6329673171875 0.40581590624999997 0.5978393015625001 0.40602817656249995 0.6308882140625001 0.5 0.6757079906250001 0.5 0.6329673171875
2 0 0.7681909890625 0.1693013734375 0.8111289093749999 0.19896843125000002 0.8080082765625001 0.19140200000000002 0.7716771921875 0 0.7320750953124999 0 0.7681909890625
2 0 0.6999563578125001 0.08393773593750001 0.7107662984375 0.189697603125 0.724419690625 0.1889537609375 0.7000442078125 0 0.6735774234375 0 0.6999563578125001
4 0.86796875 0.725 0.1640625 0.55
2 0.5 0.5881212875 0.7078488640625 0.49068376718749995 0.70431853125 0.46885062343749995 0.5 0.562233771875 0.5 0.5881212875
2 0.5 0.8401136171875001 0.7388343531249999 0.7600402109375001 0.73674704375 0.7409215 0.5 0.8194984625 0.5 0.8401136171875001
2 0.5 0.9299328203125 0.7549455078125 0.8631345093749999 0.7557814234375 0.852296921875 0.5 0.9205851171875 0.5 0.9299328203125
2 0.5 0.9174470312499998 0.5470208265625 0.9045488562500001 0.7729266734375 0.8430641640625 0.7720999234375 0.8297905218749999 0.7719826015625 0.8297905218749999 0.5 0.9052127999999999 0.5 0.9174470312499998
3 0.7609998140625001 0.7341705109375 0.77621290625 0.73817725 0.7914259984375001 0.462713853125 0.77621290625 0.4597087984375 0.7609998140625001 0.7341705109375
3 0.9367955468750001 0.6971081625 0.9446838156249999 0.6991115328124999 0.9486279515625 0.5879244890625 0.9401762328124998 0.5849194328125 0.9367955468750001 0.6971081625