3 0.0796875 0.28984375 0.159375 0.4390625
2 1 0.09896883906250001 0.49387478281249997 0.01912650625 0.3796875 0.027508785937500002 0.3796875 0.063679696875 0.50428755625 0.0555623875 1 0.135657846875 1 0.09896883906250001
2 1 0.4526747140625 0.573272528125 0.46676736874999997 0.40909738593749995 0.509375 0.5152008796875001 0.509375 0.5576533078125 0.4979981234375 1 0.4812612828125 1 0.4526747140625
4 0.59453125 0.2546875 0.2703125 0.509375
4 0.3411311453125 1 0.3263024171875 0.6126307203125 0.263824365625 0.607071765625 0.246554340625 1 0.3411311453125 1
3 0.26171875 0.6890625 0.01015625 0.05078125
3 0.328125 0.7015625 0.009375 0.06796875
3 0.33203125 0.8078125 0.0078125 0.0609375
3 0.334375 0.90703125 0.0109375 0.05234375
3 0.25703125 0.7859375 0.00625 0.0421875
3 0.090645503125 0.529154265625 0.08401420468750001 0.5356445140625 0.10791345156250001 0.593183446875 0.11306817656249998 0.586512253125 0.090645503125 0.529154265625
3 0.12290904375 0.52980724375 0.10229010000000001 0.58984786875 0.10791345156250001 0.5990207171875 0.128532396875 0.5398140140625001 0.1290010234375 0.537312321875 0.12290904375 0.52980724375
3 0.0845418640625 0.666163159375 0.07885947812500001 0.6726636296875 0.099009796875 0.7277008703125001 0.1032273109375 0.7201957921875 0.0845418640625 0.666163159375
3 0.1185011359375 0.6793241296875 0.1097879171875 0.6701619375 0.0924492328125 0.722697484375 0.0976039578125 0.7318703703125 0.1185011359375 0.6793241296875
3 0.1001339734375 0.797542684375 0.092917859375 0.8035855749999999 0.1116623390625 0.8602905859375 0.11681710781250002 0.8536194296874999 0.1001339734375 0.797542684375
3 0.1243148828125 0.80608726875 0.10603898593750001 0.8511177374999999 0.11541126875 0.858622815625 0.13321853749999998 0.8177618093750001 0.1327499109375 0.815260115625 0.1243148828125 0.80608726875
3 0.6859375 0.58671875 0.040625 0.1546875
3 0.6875 0.9734375 0.034375 0.053125
4 0.7453125 0.7546875 0.1625 0.490625