1 0.21953125 0.14609375 0.05 0.04453125
1 0.20546875 0.484375 0.04609375 0.06328125
3 0.2125 0.275 0.125 0.55
5 0.7115458374999999 0.27311705625 0.7099299046875001 0.32295711875 0.705082109375 0.36033720156250004 0.6961944578124999 0.3991016796875 0.700234259375 0.4074083796875 0.7188175578125 0.36864385624999996 0.724473346875 0.32295711875 0.727705209375 0.28973041093749996 0.7285131484375 0.275885940625 0.7115458374999999 0.27311705625
5 0.8149658015625001 0.3991016796875 0.8157737390625 0.350646059375 0.8173896718750001 0.314650465625 0.823853453125 0.275885940625 0.8270853171875 0.2385059046875 0.8230454593750001 0.23019920468750002 0.8068860875 0.2357370203125 0.7842629875 0.246812559375 0.7810311234375 0.2841926421875 0.7777992593749999 0.3284949359375 0.7794151921875001 0.3492616171875 0.7955745640625 0.335417146875 0.8036542234375 0.3368015890625 0.8068860875 0.364490528125 0.8101179515625001 0.3977172375 0.8101179515625001 0.4281750609375 0.8149658015625001 0.3991016796875
3 0.4385633359375 0.26254291875 0.426231121875 0.25092700625000003 0.41883179375 0.27679881093750003 0.428697565625 0.2847187515625 0.4385633359375 0.26254291875
3 0.45027894062499996 0.27838279843749997 0.44072147343749996 0.2672948828125 0.43178061875000007 0.2899987109375 0.44072147343749996 0.3021426203125 0.45027894062499996 0.27838279843749997
3 0.493749996875 0.2694068671875 0.4845008359375 0.26095893124999997 0.476176590625 0.2868307359375 0.4854257515625 0.294750675 0.493749996875 0.2694068671875
3 0.50361576875 0.2847187515625 0.49559982968750005 0.27679881093750003 0.48635066875 0.2995026390625 0.4946749125 0.31059055625 0.50361576875 0.2847187515625
3 0.5184144265625 0.368142121875 0.5085486546875 0.35916618906250003 0.501149325 0.38187001875000004 0.5082403484375 0.3903179546875 0.5184144265625 0.368142121875
3 0.528588503125 0.38239801406249996 0.517797815625 0.3744780734375 0.5116317078125 0.3955979140625 0.52088086875 0.40615783437499997 0.528588503125 0.38239801406249996
3 0.268517690625 0.9499592078125 0.2746583171875 0.9424467218749999 0.251631015625 0.8878105312500001 0.24472282500000003 0.89668891875 0.24472282500000003 0.8994207171875 0.268517690625 0.9499592078125
3 0.268517690625 0.9547398656249999 0.30152347968750004 0.904201390625 0.3022910796875 0.9035184328125 0.29423152343750003 0.8960059609375 0.26391223125 0.9438126359375 0.268517690625 0.9547398656249999