3 0.06015625 0.171875 0.1203125 0.34375
3 0.5566395875 0.1671032953125 0.562150784375 0.16175910625 0.53609785625 0.108317203125 0.531588696875 0.1163334890625 0.5566395875 0.1671032953125
3 0.555136534375 0.159977709375 0.5601467125 0.1688846921875 0.589205746875 0.1225683765625 0.58419556875 0.115442790625 0.555136534375 0.159977709375
3 0.5756782656249999 0.327429003125 0.585698621875 0.32030341562500003 0.5601467125 0.26418941875 0.5526314453125 0.273096403125 0.5756782656249999 0.327429003125
3 0.5751772484375 0.3185220203125 0.5831935328125001 0.323866209375 0.6147576578124999 0.28467548125 0.6077434078125 0.273096403125 0.5751772484375 0.3185220203125
3 0.556807896875 0.47725930625 0.5620151234375 0.47320924062499997 0.5350026375 0.41824407656249996 0.5314226703125 0.4269227875 0.556807896875 0.47725930625
3 0.55355338125 0.47494498281249997 0.5590860578125 0.480152209375 0.5883767046875 0.4350229171875 0.584145834375 0.42865852968749996 0.55355338125 0.47494498281249997
4 0.540625 0.7546875 0.3625 0.490625
3 0.841832421875 0.7858542703125 0.6348601828125 0.8989512515625 0.6911513453125 0.9413821046875 0.9029062031249999 0.8265691703125 0.841832421875 0.7858542703125
2 0.5150996421875 1 0.658611078125 0.9419280984375 0.63619876875 0.90679024375 0.423271321875 1 0.5150996421875 1
4 0.7734375 0.58515625 0.05625 0.1515625
4 0.95234375 0.6109375 0.0484375 0.203125