1 0.2296875 0.33046875 0.07265625 0.09140625
3 0.1796875 0.4453125 0.2625 0.4875
4 0.3375 0.34453125 0.125 0.6890625
3 0.67421875 0.36015625 0.00859375 0.0484375
3 0.6796875 0.55625 0.00859375 0.0390625
3 0.60546875 0.42421875 0.00859375 0.04765625
3 0.6109375 0.33828125 0.00859375 0.046875
3 0.6015625 0.51171875 0.00703125 0.04140625
4 0.6735283203125 0.6890625 0.6693415078125 0.5661652421875 0.6917370375 0.544093034375 0.6707197046875001 0.2626723875 0.61145773125 0.255634475 0.5873395125 0.490017253125 0.6118022890624999 0.5188337421875 0.6012274671875 0.6890625 0.6735283203125 0.6890625
1 0.2109375 0.9234375 0.034375 0.02109375
3 0.2324466359375 1 0.293704065625 0.8466920296874999 0.2092539609375 0.808401721875 0.2089421140625 0.8096778265625 0.133302140625 1 0.2324466359375 1
3 0.4 0.8638506749999999 0.3192924515625 0.8416446343749999 0.25752001875 1 0.3708692921875 1 0.4 0.9278338328124999 0.4 0.8638506749999999
4 0.2 0.84453125 0.4 0.3109375
0 0.81484375 0.73359375 0.3703125 0.0890625