1 0.0609375 0.5640625 0.05625 0.03203125
4 0.19453125 0.246875 0.3890625 0.4625
3 0.0703125 0.559375 0.140625 0.2
3 0.17578125 0.57890625 0.1890625 0.1609375
1 0.85234375 0.3734375 0.0515625 0.028125
3 0.8578125 0.46484375 0.16875 0.3890625
3 0.53828125 0.0328125 0.2984375 0.065625
3 0.19453125 0.71640625 0.3890625 0.1140625
1 0.4765625 0.859375 0.0953125 0.04140625
3 0.53125 0.8296875 0.284375 0.340625
2 0.7259994375 0.659375 1 0.8440639515624999 1 0.7607135765625 0.847652665625 0.659375 0.7259994375 0.659375