3 0.45 0.15980191875 0.34587699843749997 0.12499225624999999 0.302031765625 0.2101666484375 0.45 0.258792365625 0.45 0.15980191875
3 0.82578125 0.32265625 0.01328125 0.05546875
3 0.8328125 0.2 0.01015625 0.0609375
3 0.83828125 0.071875 0.0109375 0.05078125
3 0.8765625 0.096875 0.01171875 0.05859375
3 0.87578125 0.21328125 0.00859375 0.059375
4 0.8372097203125 0 0.8093695328124999 0.409375 0.8881795203125 0.409375 0.8823680984374999 0 0.8372097203125 0
2 0.45 0.15804105156249998 0.6375 0.117534721875 0.640625 0.0703125 0.45 0.1249941671875 0.45 0.15804105156249998
2 0.45 0.39230576875 0.6579310406250001 0.4046964453125 0.6579310406250001 0.3835876171875 0.45 0.3718853109375 0.45 0.39230576875
2 1 0.084153034375 0.88234426875 0.08595314062500001 0.8882811265624999 0.11128373437500001 1 0.1156760734375 1 0.084153034375
2 0.8384115203124999 0.1091728515625 0.8324746624999999 0.0796204921875 0.6579310406250001 0.0796204921875 0.6496194390625 0.1007293203125 0.8384115203124999 0.1091728515625
3 0.6141646671875 0 0.643833034375 0.0918202921875 0.68126698125 0.0099380359375 0.6731344921875 0 0.6613160140625001 0 0.647430296875 0.051553575 0.6380600125 0 0.6141646671875 0
3 0.6452227484375 0.2963262765625 0.640985803125 0.294095921875 0.6273255765625001 0.32400211875 0.658692190625 0.39406960468749996 0.6923001953125001 0.31584933125000003 0.6749368875 0.2978483421875 0.6616115171875 0.3561838640625 0.6452227484375 0.2963262765625
4 0.26015625 0.72109375 0.02578125 0.25
4 0.165625 0.653125 0.01875 0.13125
0 0.6848825453125 0.766718728125 0.7348384703124999 0.685669509375 0.5183625328125 0.45343255468750004 0.476294375 0.5235712515625 0.47717078281249997 0.5235712515625 0.6848825453125 0.766718728125