1 0.3265625 0.1015625 0.009375 0.01796875
3 0.32421875 0.10546875 0.03515625 0.19296875
4 0.38125 0.21953125 0.1625 0.4390625
0 0.8234375 0.290625 0.346875 0.2375
3 0.4671875 0.784375 0.01328125 0.10078125
3 0.45625 0.98828125 0.015625 0.0234375
3 0.55078125 0.90625 0.01484375 0.08046875
3 0.5546875 0.7265625 0.01328125 0.0859375
3 0.4828125 0.53359375 0.02109375 0.11953125
3 0.5625 0.5296875 0.01640625 0.09375
4 0.48266205624999997 0.4390625 0.45784385 0.732309903125 0.4644573140625 0.8816237421875 0.45573711875 1 0.5589616375 1 0.5586989984375 0.9467712515625 0.565921153125 0.4390625 0.48266205624999997 0.4390625
3 0.896875 0.50859375 0.021875 0.1390625
3 0.9953125 0.5015625 0.009375 0.125
3 0.98984375 0.74609375 0.01640625 0.0890625
3 0.8796875 0.8390625 0.01875 0.13828125
4 1 0.4390625 0.9104423984375 0.4390625 0.8697473734375001 1 0.99469864375 1 1 0.8045155562499999 1 0.4390625
2 0.65 0.9530801437499999 0.8668888296875 0.999261946875 0.8659649953125002 0.9659210874999999 0.65 0.923843165625 0.65 0.9530801437499999
2 0.65 0.8809644500000001 0.8501762140625001 0.9066999750000001 0.8486210156249999 0.8777591734375001 0.8486210156249999 0.8768791625000001 0.65 0.856888771875 0.65 0.8809644500000001