1 0.0953125 0.15859375 0.0359375 0.025
1 0.08046875 0.340625 0.04375 0.03671875
3 0.08359375 0.21796875 0.1515625 0.3640625
1 0.71796875 0.390625 0.0296875 0.01875
3 0.7203125 0.2 0.109375 0.4
1 0.72578125 0.1828125 0.0234375 0.03046875
3 0.4796875 0.5205466984375 0.466876509375 0.5089513562500001 0.1255798984375 0.760942240625 0.19530716718750002 0.844123671875 0.4796875 0.6215971609375 0.4796875 0.5205466984375
4 0.1140625 0.7 0.228125 0.6
1 0.35234375 0.634375 0.01796875 0.02578125
4 0.7359375 0.73125 0.221875 0.5375
3 0.725 0.7597222218749999 0.68125 0.6569444437499999 0.6703125 0.6763888890625 0.7140625 0.76805555625 0.725 0.7597222218749999
3 0.7703125 0.6541666671874999 0.7 0.7569444437499999 0.7125 0.7763888890625 0.778125 0.6708333328125 0.7703125 0.6541666671874999
3 0.7840625 1 0.809375 0.9625 0.8 0.9236111109374999 0.7545758921875001 1 0.7840625 1
3 0.7571074687499999 1 0.71875 0.915277778125 0.7 0.934722221875 0.7302929687499999 1 0.7571074687499999 1
4 0.98984375 0.890625 0.0203125 0.21875