1 0.7015625 0.0296875 0.053125 0.059375
1 0.7171875 0.10234375 0.05859375 0.065625
1 0.721875 0.1796875 0.0578125 0.08046875
1 0.72890625 0.265625 0.05703125 0.0859375
3 0.6953125 0.22734375 0.1875 0.4546875
1 0.7390625 0.346875 0.05234375 0.0625
0 0.359375 0.7090356859375 0.1333178203125 0.77556065 0.15945575625 0.993311509375 0.359375 0.8761779687499999 0.359375 0.7090356859375
3 0.65703125 0.5546875 0.01953125 0.109375
3 0.64375 0.809375 0.01953125 0.11171875
3 0.75234375 0.5109375 0.0203125 0.084375
3 0.746875 0.68203125 0.01796875 0.08515625
4 0.6612696343750001 0.46875 0.6289458984375 1 0.7501959593749999 1 0.75333131875 0.46875 0.6612696343750001 0.46875
2 0.8904846843750001 1 0.7710504953124999 0.923017896875 0.76724784375 0.9246045515624999 0.763161115625 0.9678809015625 0.8145997937499999 1 0.8904846843750001 1
2 0.359375 0.8107764015625 0.619899378125 0.8825099609375 0.6234803171875 0.8337525359375 0.359375 0.7694979859375 0.359375 0.8107764015625
2 1 0.8326297515625001 0.781054115625 0.7105549921875 0.77799003125 0.7145351062499999 0.77541041875 0.7575278234375 1 0.8810613609375 1 0.8326297515625001
2 0.359375 0.6750867453125 0.6309325328125001 0.724426821875 0.6321485609374999 0.6775594734375 0.6316951953125 0.6798350203125001 0.359375 0.63413115 0.359375 0.6750867453125
2 0.359375 0.6023529078125 0.6327205578124999 0.6307900859375 0.6324822187500001 0.5808545515625 0.6367542046875 0.579040040625 0.359375 0.5517219156250001 0.359375 0.6023529078125
2 1 0.758659653125 0.7755543703125001 0.6381969140625 0.77506034375 0.639882328125 0.7715122625 0.6877617953125 1 0.80954871875 1 0.758659653125
2 1 0.6137568734375 0.9436896546875001 0.5897155265625 0.8044376718749999 0.5347838968749999 0.7778092046875 0.5190537875000001 0.773940428125 0.56653434375 1 0.669802803125 1 0.6137568734375