1 0.04609375 0.325 0.01875 0.01328125
3 0.04609375 0.36640625 0.0921875 0.2515625
3 0.1984375 0.29453125 0.03984375 0.13125
4 0.121875 0.26484375 0.240625 0.5296875
3 0.65390625 0.35 0.01328125 0.0640625
3 0.6515625 0.20859375 0.01015625 0.06640625
3 0.55390625 0.18671875 0.0078125 0.0578125
3 0.55859375 0.06015625 0.01015625 0.0640625
3 0.6484375 0.0640625 0.009375 0.0703125
4 0.564178446875 0 0.55 0.3129539796875 0.55 0.5296875 0.6621405921875001 0.5296875 0.6438159999999999 0 0.564178446875 0
3 0.420008521875 0.5424590734375 0.420008521875 0.5498711203125 0.405430340625 0.5572830828125 0.4304215625 0.6462269734375 0.4397932703125 0.6351089875 0.420008521875 0.5424590734375
3 0.46686706093749997 0.5850780484375 0.47207353281250003 0.5832250796875 0.45541278281249997 0.5628420765625 0.42417375625 0.63325601875 0.4345867015625 0.6554919906250001 0.46686706093749997 0.5850780484375
3 0.39201769375 0.7498841984375 0.3814803578125 0.7592598078125 0.412719384375 0.8500567531250001 0.4220910921875 0.8426447046875 0.39201769375 0.7498841984375
3 0.4043890078125 0.8389387656249999 0.4148020484375 0.8537626921874999 0.446041075 0.7796428109375 0.428338896875 0.768524825 0.428338896875 0.7648188 0.4043890078125 0.8389387656249999
3 0.41867934375000004 1 0.406779503125 0.9584628093750001 0.39293473125 0.9760605421874999 0.40179394999999996 1 0.41867934375000004 1
3 0.44395886406249996 1 0.44708231249999997 0.9908845515625 0.4522888796875 0.9779135968750001 0.4387519375 0.9630895859375 0.42713641874999997 1 0.44395886406249996 1
4 0.565625 0.70703125 0.03125 0.2703125