3 0 0.19679567656250002 0.127582496875 0.15371389062500002 0.0868050578125 0.08481034062500001 0 0.112381703125 0 0.19679567656250002
3 0 0.3058995203125 0.2062903515625 0.2408494203125 0.166510490625 0.171127496875 0 0.22354013125 0 0.3058995203125
4 0.9125 0.2546875 0.175 0.509375
3 0.83984375 0.36953125 0.02578125 0.10625
3 0.8453125 0.08671875 0.0234375 0.15234375
4 0.40625 0.7546875 0.365625 0.490625
3 0.23515625 0.6390625 0.03359375 0.21796875
3 0.5890625 0.598408175 0.577003021875 0.592841146875 0.53841289375 0.8274755453125 0.576441125 0.8510801125 0.5890625 0.7359150484375 0.5890625 0.598408175
4 0.7638311296875 0.509375 0.7234709421875001 1 0.85556648125 1 0.858120953125 0.509375 0.7638311296875 0.509375
3 0.75546875 0.69765625 0.03515625 0.19140625
3 0.8484375 0.9453125 0.021875 0.109375
3 0.85625 0.6640625 0.0203125 0.1546875