1 0.06484375 0.3625 0.01484375 0.0453125
3 0.065625 0.234375 0.0625 0.46875
3 0.44375 0.2 0.05 0.384375
4 0.2484375 0.259375 0.440625 0.51875
4 0.9564883453124999 0.51875 0.9537976078125 0.2882331484375 0.8902782234375 0.2771152375 0.876850746875 0.51875 0.9564883453124999 0.51875
3 0.89296875 0.38046875 0.015625 0.0671875
3 0.94296875 0.384375 0.01953125 0.07421875
3 0.7098996640624999 0.22140019687499998 0.716841309375 0.21317306249999998 0.6921599031250001 0.151469546875 0.682904375 0.161067871875 0.7098996640624999 0.22140019687499998
3 0.70604319375 0.2145442515625 0.7137561328124999 0.22414257499999998 0.7407514203125001 0.1679238171875 0.733809775 0.1583254921875 0.70604319375 0.2145442515625
3 0.6844469640625 0.399654796875 0.6913886093749999 0.3859429046875 0.6636220265625 0.3297241453125 0.657451675 0.33795128124999996 0.6844469640625 0.399654796875
3 0.67904790625 0.3914276609375 0.6875321390625 0.399654796875 0.717612603125 0.33795128124999996 0.7098996640624999 0.32835295625 0.67904790625 0.3914276609375
3 0.6905894296875 0.51875 0.68367566875 0.5024939890625 0.6751914359375 0.514834690625 0.677224384375 0.51875 0.6905894296875 0.51875
1 0.34765625 0.8921875 0.05703125 0.03125
3 0.3609375 0.83046875 0.215625 0.3390625
3 0 1 0.068696990625 1 0.23713077500000002 0.7626059203125 0.0953886359375 0.703429515625 0 0.8368910703125 0 1
4 0.5953125 0.759375 0.253125 0.48125
3 0.6890625 0.65859375 0.03046875 0.23671875