1 0.1921875 0.4 0.10390625 0.0890625
3 0.209375 0.26953125 0.34375 0.5390625
2 0.8149598421875 0 0.666904846875 0.5390625 0.7462504796875 0.5390625 0.8985173984374999 0 0.8149598421875 0
4 0.82421875 0.809375 0.02890625 0.184375
4 0.75390625 0.7828125 0.01953125 0.0984375
3 0.9606866890625 0.58699694375 0.9884078234375 0.63777768125 0.993299790625 0.6312487296875 0.96924763125 0.58409518125 0.9680246406249999 0.5819188640624999 0.9606866890625 0.58699694375
3 1 0.579642321875 0.9741430296875 0.6256549437500001 0.9866386406250001 0.647890915625 1 0.6241143015625 1 0.579642321875
3 0.9647713218749999 0.7646297734375 0.9762256 0.74795279375 0.94581645 0.694557428125 0.9272844906250001 0.7071867875 0.9345735328125 0.7071867875 0.9647713218749999 0.7646297734375
3 0.996360334375 0.712029546875 0.9855973078125 0.6960688 0.9533169484374999 0.7590707796875 0.9637299890625 0.7683357125000001 0.996360334375 0.712029546875
3 0.9624696343749999 0.8243086140625 0.9559130359375001 0.833283565625 0.9829033968750001 0.889665890625 0.9887708796875 0.8802688374999998 0.9624696343749999 0.8243086140625
3 1 0.8227888374999999 0.9996729609375 0.822341171875 0.9688978125000001 0.8862330421875001 0.977446490625 0.8984029453125 1 0.8561565312500001 1 0.8227888374999999