1 0.0046875 0.38125 0.009375 0.015625
3 0.021875 0.43359375 0.04375 0.3609375
2 0.4390625 0.43942440625 0 0.5725547484375 0 0.6103863046875 0.4390625 0.480373828125 0.4390625 0.43942440625
2 0.4390625 0.3347134359375 0 0.4346823546875 0 0.465023578125 0.4390625 0.3635567109375 0.4390625 0.3347134359375
4 0.72890625 0.178125 0.02734375 0.19296875
4 0.754022459375 0 0.753600146875 0.0570591703125 0.752686403125 0.068105303125 0.752686403125 0.08207541406249999 0.7537828953125001 0.0931215484375 0.75396564375 0.120087109375 0.7559758765625 0.15939835156249998 0.7546966375 0.19026254843749998 0.7517726609375 0.2204769734375 0.750310671875 0.2568642375 0.7510416671875 0.2942261609375 0.7493969296875 0.36797535 0.7486659359375001 0.381945459375 0.745741959375 0.40988568125 0.7455592109375 0.4472476046875 0.743366228125 0.487533503125 0.7420869890625 0.57395325625 0.7428179828125 0.5973450703125 0.7424524859374999 0.643803809375 0.7420020328125 0.659375 0.8263340640625 0.659375 0.8263340640625 0.650626421875 0.8217653515624999 0.6106654078125 0.8219481 0.5736283703125 0.8166483921874998 0.4495218078125 0.8155519 0.402088409375 0.8153691515624999 0.3449084234375 0.8118969296875 0.2649863953125 0.8135416671875 0.21040549843749998 0.81335891875 0.19416118437500002 0.8122624265624999 0.1785666421875 0.8097039468749999 0.158748578125 0.8084247078125 0.13698119687500002 0.8095211984375 0.09604552499999999 0.8111659359375001 0.08305007343750001 0.8111659359375001 0.072328825 0.8095211984375 0.056734284375 0.8064588374999999 0 0.754022459375 0
4 0.57734375 0.196875 0.0734375 0.39375
2 0.6384916296875 0.659375 0.7414208140625 0.623439465625 0.7385539328125 0.6120122453125 0.6003242875 0.659375 0.6384916296875 0.659375
2 0.5933532734375 0.659375 0.6150913171875001 0.651899815625 0.7410569718750001 0.6076412906249999 0.739283359375 0.601270221875 0.5714524203125 0.659375 0.5933532734375 0.659375
2 0.4390625 0.5985085625 0.486543771875 0.58266009375 0.5250729796875 0.5691083296875 0.581548628125 0.5499363578125 0.74075435 0.49545062343749996 0.7406416218749999 0.49203386875 0.4390625 0.5948493796875 0.4390625 0.5985085625
4 0.29140625 0.96875 0.0234375 0.0625
3 0.923148884375 0.6812053109375 0.94814010625 0.7608841843749999 0.959594384375 0.7497661984375 0.933561925 0.6663813000000001 0.9325205921874999 0.6663813000000001 0.923148884375 0.6812053109375
3 0.9796623828125 0.68799465625 0.966883521875 0.6774992875 0.9398097312499999 0.764590209375 0.9502226765625 0.7775611640625 0.9796623828125 0.68799465625
3 0.9403103218750001 0.8524828640625 0.9283553578125 0.8702110796875001 0.9575118140625001 0.9480369843750001 0.9679248546875 0.9332129734375 0.9403103218750001 0.8524828640625
3 0.9877523781249999 0.8765296546875 0.9752138968749999 0.8627991171874999 0.9470987734375 0.9461840140625 0.9616770484374999 0.957302 0.9877523781249999 0.8765296546875