1 0.29609375 0.46484375 0.009375 0.00859375
1 0.2953125 0.484375 0.01015625 0.009375
1 0.26796875 0.70390625 0.00859375 0.0078125
1 0.2671875 0.71328125 0.0109375 0.009375
1 0.265625 0.72265625 0.0109375 0.0078125
1 0.26328125 0.7328125 0.0109375 0.0078125
1 0.2625 0.74140625 0.01015625 0.01015625
1 0.2609375 0.75 0.009375 0.00859375
3 0.3203125 0.20625 0.04609375 0.096875
3 0.55625 0.303125 0.05 0.09296875
3 0.5359375 0.54375 0.02734375 0.09921875
3 0.2953125 0.4640625 0.03828125 0.11171875
3 0.2578125 0.7265625 0.03984375 0.1140625
3 0.52421875 0.8015625 0.046875 0.1046875
4 0.4078125 0.50546875 0.33671875 0.98828125