1 0.12890625 0.2421875 0.06171875 0.0359375
1 0.1234375 0.29296875 0.05234375 0.040625
1 0.121875 0.32890625 0.05625 0.0203125
3 0.10859375 0.225 0.1921875 0.228125
4 0.21484375 0.16953125 0.4296875 0.3390625
1 0.60390625 0.115625 0.01484375 0.0453125
3 0.6046875 0.1109375 0.0625 0.221875
3 0.97890625 0.07265625 0.0421875 0.1453125
4 0.78359375 0.16953125 0.4328125 0.3390625
4 0.21484375 0.66953125 0.4296875 0.6609375
3 0.7007532234375 0.5867213796875 0.7467747625 0.690455628125 0.755840784375 0.675935896875 0.7086974109374999 0.5718778171875 0.7007532234375 0.5867213796875
3 0.808748475 0.5979064140625 0.796637946875 0.5815576390625 0.7436016359375 0.6791624921875 0.7535742890625 0.690455628125 0.808748475 0.5979064140625
3 0.7472491671875 0.84729548125 0.7372554250000001 0.8573472484375 0.7853054296875 0.9630186437500001 0.79074505 0.9372057734375 0.7472491671875 0.84729548125
3 0.8452731109375 0.8812241484375001 0.8360752031249999 0.8662204296875 0.7775992703125001 0.9541454609375 0.7866653343750001 0.9694718328124999 0.8452731109375 0.8812241484375001