3 0.27438722968749996 0.42061823125000003 0.357549853125 0.38528646875 0.21841246875000003 0.035333790625 0.14644485625 0.062253203125 0.1388578421875 0.06242634375 0.27438722968749996 0.42061823125000003
3 0.480694384375 0.375191678125 0.32556415 0.0100968171875 0.2471995140625 0.0403811859375 0.3831382390625 0.417253353125 0.480694384375 0.375191678125
4 0.2546875 0.225 0.509375 0.45
3 0.93359375 0.3359375 0.0515625 0.228125
2 0.509375 0.2638717328125 0.9358134875000002 0.2613448265625 0.9372606546875 0.22789330625 0.509375 0.2296190125 0.509375 0.2638717328125
4 0.5484375 0.73984375 0.078125 0.5203125
3 0.7847645875 0.5155407953125 0.790275784375 0.51019660625 0.76422285625 0.456754703125 0.759713696875 0.46477098906250003 0.7847645875 0.5155407953125
3 0.783261534375 0.5084152093750001 0.7882717125 0.5173221921875 0.817330746875 0.4710058765625 0.81232056875 0.46388029062499997 0.783261534375 0.5084152093750001
3 0.8038032656249999 0.6758665031250001 0.813823621875 0.668740915625 0.7882717125 0.61262691875 0.7807564453125 0.621533903125 0.8038032656249999 0.6758665031250001
3 0.8033022484375 0.6669595203125 0.8113185328125001 0.672303709375 0.8428826578124999 0.63311298125 0.8358684078125 0.621533903125 0.8033022484375 0.6669595203125
3 0.784932896875 0.8256968062500001 0.7901401234375001 0.8216467406250001 0.7631276375 0.7666815765624999 0.7595476703124999 0.7753602875000001 0.784932896875 0.8256968062500001
3 0.7816783812500001 0.8233824828125 0.7872110578125 0.828589709375 0.8165017046875 0.7834604171875 0.812270834375 0.7770960296875 0.7816783812500001 0.8233824828125