1 0.1625 0.0859375 0.02421875 0.0234375
3 0 0.09843400625 0.21921328906249998 0.141898103125 0.247096975 0.06183600625 0 0.021937775 0 0.09843400625
2 0.51875 0.128897353125 0.2591063765625 0.087163096875 0.25347919375 0.11674798125000001 0.51875 0.1638288671875 0.51875 0.128897353125
2 0 0.2371699171875 0.082972859375 0.2212890078125 0.276729903125 0.125459753125 0.210852609375 0.10513236562499999 0.0287209203125 0.1806341515625 0 0.1857808625 0 0.2371699171875
3 0.73125 0.18203125 0.365625 0.3640625
3 0.0551165796875 0.6941706765625 0.0551165796875 0.6951423921875 0.125559425 0.8593648328124999 0.145763978125 0.8457606359375 0.06986043125 0.6766795265625001 0.0551165796875 0.6941706765625
3 0.2036472140625 0.7077748734375 0.115730190625 0.8370150609374999 0.1370268640625 0.8661669765625 0.21456861875 0.72429430625 0.21675285937500002 0.72429430625 0.2036472140625 0.7077748734375
1 0.73046875 0.734375 0.06171875 0.0359375
1 0.725 0.78515625 0.05234375 0.040625
1 0.72421875 0.83515625 0.05546875 0.04765625
1 0.71796875 0.88125 0.053125 0.04296875
1 0.7125 0.934375 0.05 0.05234375
1 0.7078125 0.98203125 0.053125 0.0359375
3 0.71015625 0.8015625 0.1921875 0.396875
4 0.759375 0.76953125 0.48125 0.4609375