1 0.16484375 0.3578125 0.03203125 0.01484375
3 0.17421875 0.3546875 0.1359375 0.15
4 0.34453125 0.21484375 0.4890625 0.4296875
1 0.95703125 0.034375 0.06171875 0.0359375
1 0.9515625 0.08515625 0.05234375 0.040625
1 0.95078125 0.13515625 0.05546875 0.04765625
1 0.94453125 0.18125 0.053125 0.04296875
1 0.9390625 0.234375 0.05 0.05234375
1 0.93515625 0.2875 0.05234375 0.04609375
3 0.9203125 0.21484375 0.159375 0.4296875
4 0.86171875 0.21484375 0.2765625 0.4296875
0 0.0739594 0.7384779765625 0.1494982265625 0.79511496875 0.44943132500000005 0.5968854968749999 0.37167080625 0.545245953125 0.367227421875 0.5435800890625 0.0739594 0.7384779765625
3 0.98359375 0.85703125 0.0328125 0.2859375