1 0.1703125 0.2125 0.0125 0.02109375
3 0.16796875 0.221875 0.0546875 0.25234375
3 0.36953125 0.05546875 0.0328125 0.1109375
4 0.27109375 0.2796875 0.2796875 0.559375
2 0.65 0.1612510640625 0.32784137812499997 0.080921184375 0 0.064051378125 0 0.106304353125 0.36023679999999997 0.11793541249999999 0.65 0.2023936859375 0.65 0.1612510640625
2 0.65 0.4657728375 0 0.2933481625 0 0.3316471640625 0.65 0.49920877812500003 0.65 0.4657728375
4 0.8125 0.2796875 0.325 0.559375
3 0.96328125 0.1921875 0.02734375 0.14921875
1 0.29296875 0.7375 0.02109375 0.03828125
3 0.2921875 0.7453125 0.0875 0.371875
2 0 0.9549620390625 0.27288786875 0.9740376968749999 0.280112340625 0.9547724390625 0 0.9297783484375 0 0.9549620390625
4 0.2754035171875 0.559375 0.3366165375 1 0.597569671875 1 0.5846580015625 0.559375 0.2754035171875 0.559375
4 0.9609375 0.74921875 0.078125 0.3796875
3 0.811318996875 0.559375 0.82625413125 0.5988379734375 0.8366671718750001 0.5858670171875 0.8263371859375 0.559375 0.811318996875 0.559375
3 0.821707334375 0.559375 0.8085520484375 0.59327898125 0.822088896875 0.6099559593749999 0.8393906156250001 0.559375 0.821707334375 0.559375