3 0.14609375 0.30546875 0.0609375 0.4078125
4 0.27421875 0.2546875 0.3296875 0.509375
4 0.74765625 0.2546875 0.5046875 0.509375
3 0.4390625 0.1044875265625 0.49725693125000003 0.0847954515625 0.495928940625 0.055586321875 0.4390625 0.067618796875 0.4390625 0.1044875265625
3 0.562328503125 0.1556054625 0.5782643984375 0.13701783437499998 0.5198327828125 0.0679780734375 0.5052248796875001 0.08125495 0.562328503125 0.1556054625
3 0.5842403593750001 0.1547203375 0.6034962328125 0.1485244609375 0.5483845953125 0.0688631984375 0.5344406875 0.0830252015625 0.5842403593750001 0.1547203375
3 1 0.058487379687499993 0.8817104015624999 0.09541695312500001 0.8989742875000001 0.12020045625 1 0.08691695625 1 0.058487379687499993
3 1 0.0714612671875 0.9228781296874999 0.094531828125 0.9281900953125 0.12374095781250001 1 0.10188257187500001 1 0.0714612671875
4 0.0421875 0.5859375 0.040625 0.153125
3 0.3452363 0.6235606671875 0.3923772546875 0.7136619843750001 0.39758382187499997 0.6858670171875 0.35905565781250004 0.6024821203124999 0.3452363 0.6235606671875
3 0.4225750421875 0.6061881437500001 0.37259260156249996 0.6969850046875 0.383005546875 0.721073946875 0.436111890625 0.6173061296875 0.43298798749999995 0.62101206875 0.4225750421875 0.6061881437500001
3 0.36634479531249997 0.8367849515625 0.35905565781250004 0.8275199343749999 0.4079967671875 0.9201698484375 0.419451140625 0.9053458390625 0.37779907343749997 0.816401946875 0.36634479531249997 0.8367849515625
3 0.4390625 0.8186410484375 0.43819455625000003 0.8182549171875 0.436111890625 0.8219609406250001 0.39550115625000004 0.9109048312500001 0.40383162656250005 0.92943478125 0.4390625 0.857785090625 0.4390625 0.8186410484375
0 0.8870272406249999 1 0.9486443250000001 0.9202246453124999 0.9259593671874999 0.8182657078125001 0.9259593671874999 0.8150794484375 0.5248720734375001 1 0.8870272406249999 1