1 0.4109375 0.34765625 0.0375 0.01484375
3 0.41640625 0.34765625 0.1578125 0.2421875
4 0.85 0.234375 0.3 0.46875
2 1 0.2043758546875 0.7 0.335701934375 0.7 0.368624365625 1 0.24722936718750002 1 0.2043758546875
1 0.48359375 0.75078125 0.01328125 0.0234375
1 0.4859375 0.771875 0.01640625 0.0203125
1 0.4875 0.7921875 0.015625 0.02265625
1 0.48984375 0.81484375 0.015625 0.025
3 0.484375 0.76640625 0.05546875 0.2109375
4 0.25234375 0.734375 0.5046875 0.53125
0 0.7 1 0.83176908125 1 0.875920928125 0.8996206656249999 0.8398263296874999 0.855312496875 0.7 0.9293743296875 0.7 1