1 0.34140625 0.3109375 0.0359375 0.03125
3 0.30859375 0.28984375 0.1015625 0.4203125
3 0 0.5 0.015736696875 0.5 0.24181827500000003 0.1813559203125 0.1000761359375 0.122179515625 0 0.2621995140625 0 0.5
2 0.3483096421875 0.5 0 0.38042415625000003 0 0.440542359375 0.1780433765625 0.5 0.3483096421875 0.5
4 0.39296875 0.1546875 0.053125 0.24375
4 0.94921875 0.25 0.1015625 0.5
3 0.94140625 0.06875 0.01640625 0.0671875
3 0.934375 0.1609375 0.01796875 0.06171875
3 0.99140625 0.16796875 0.01640625 0.065625
3 0.99140625 0.075 0.0171875 0.0625
3 0.7041896671875 0 0.7327109843749999 0.06795834375000001 0.7421578515625 0.0580696796875 0.7189612484375 0 0.7041896671875 0
3 0.7502359843749999 0 0.7238197828125 0.0570808265625 0.7310438875 0.0709249484375 0.7665326421875001 0 0.7502359843749999 0
3 0.7177071093749999 0.1760862046875 0.719929871875 0.1741084984375 0.7449363296875 0.23937378437499998 0.755494628125 0.2334405765625 0.729376790625 0.16026433125 0.7177071093749999 0.1760862046875
3 0.7819732921875 0.17820920468749998 0.7721656 0.1671863921875 0.7404907546875 0.2423403875 0.7488262390625 0.2571734078125 0.7819732921875 0.17820920468749998
0 0.359375 1 0.359375 0.7016753703124999 0 0.77864881875 0 0.947833675 0.23457378125 1 0.359375 1
0 1 0.5 0.359375 0.5 0.359375 0.5988091093750001 1 0.6057137921875 1 0.5