3 0.059375 0.275 0.11875 0.55
3 0.99453125 0.27421875 0.0109375 0.0578125
3 0.9921875 0.3640625 0.015625 0.059375
3 0.98828125 0.46015625 0.0234375 0.0734375
3 0.8176513406249999 0.0875505265625 0.8261852484375 0.0821321734375 0.7993643968749999 0.010609903125 0.7908304890625001 0.017111928125000002 0.8176513406249999 0.0875505265625
3 0.8133843875 0.0821321734375 0.8194800359375 0.08646685625 0.848739146875 0.0301159765625 0.8426434984375 0.02253028125 0.8133843875 0.0821321734375
3 0.7914400546875 0.2555194953125 0.8005835265625001 0.25226848281250003 0.7707148515625001 0.1807462125 0.7658383328125 0.189415578125 0.7914400546875 0.2555194953125
3 0.7865635359375001 0.2511848125 0.7957070078124999 0.25660316562499996 0.8261852484375 0.20133595781250002 0.8188704703124999 0.1948339328125 0.7865635359375001 0.2511848125
3 0.8091174343749999 0.43865985468749996 0.8200896 0.4354088421875 0.7920496187499999 0.3703885953125 0.7853444062499999 0.377974290625 0.8091174343749999 0.43865985468749996
3 0.8048504796875001 0.43432517031250006 0.8133843875 0.43865985468749996 0.838986109375 0.381225303125 0.8316713312499999 0.3747232796875 0.8048504796875001 0.43432517031250006
5 0.3760504515625 0.902929090625 0.408796246875 0.9088597984375 0.38521930625 0.881183065625 0.3616422765625 0.8574601734374999 0.347234103125 0.8268180875000001 0.3380652484375 0.8021067421874999 0.3341357140625 0.782337653125 0.30793911406249996 0.7566378578125 0.29484072499999997 0.7388456703124999 0.28829153125 0.7170996796875 0.27388335625 0.7032613296875 0.24637688125 0.70820361875 0.23456222968749998 0.7208485125 0.263404715625 0.7566378578125 0.284362084375 0.80704903125 0.30138991875 0.827806571875 0.33020626875 0.8703100703125 0.345924228125 0.8693216187499999 0.3760504515625 0.902929090625
1 0.6875 0.68671875 0.06953125 0.03359375
3 0.69765625 0.775 0.2515625 0.45