1 0.509375 0.04921875 0.02265625 0.03671875
3 0.2657837203125 0 0.56875 0.1282649109375 0.56875 0.022276499999999998 0.5172428124999999 0 0.2657837203125 0
4 0.09921875 0.309375 0.1984375 0.61875
0 1 0 0.837440696875 0 0.7189956625 0.0135169484375 0.7106380609375 0.16964156875 1 0.23244151875000002 1 0
4 0.0703125 0.915625 0.096875 0.16875
3 0.3113776359375 0.8722982015625 0.2836519921875 0.814737365625 0.2836519921875 0.8162791734375 0.278453434375 0.8229603453125 0.3061790765625 0.87795149375 0.3113776359375 0.8722982015625
3 0.3012693375 0.8733260703125 0.30791192968750003 0.8810351093750001 0.3357626453125 0.8340033078125 0.32986140625 0.824502153125 0.3012693375 0.8733260703125
3 0.3260108390625 1 0.3035797984375 0.95504189375 0.29809245 0.9606951968749999 0.29809245 0.9612091250000001 0.3168352625 1 0.3260108390625 1
3 0.3402067921875 1 0.35960871875 0.970973925 0.35476459375 0.9610974140625 0.353832525 0.9596673171875001 0.3251394359375 1 0.3402067921875 1
4 0.8875 0.809375 0.225 0.38125
3 0.7890625 0.78828125 0.01484375 0.153125