3 0.16875 0.14921875 0.3375 0.2984375
3 0.503125 0.05703125 0.146875 0.1140625
2 0.684028146875 0 0.4930916609375 0.081074525 0.4296875 0.11709159218750001 0.4296875 0.1764374984375 0.5239637187499999 0.12449718437499999 0.8259604843750001 0 0.684028146875 0
4 0.0703125 0.71484375 0.140625 0.5703125
2 0.4296875 0.9548906468750001 0.1806803390625 0.9279586234374999 0.180034721875 0.93211805625 0.18077256875 0.9697771984374999 0.4296875 0.997726784375 0.4296875 0.9548906468750001
2 0.170274109375 0.4296875 0.17022569375000002 0.4350260421875 0.4296875 0.4938107890625 0.4296875 0.4579962609375 0.29549865937500003 0.4296875 0.170274109375 0.4296875
3 0.865625 0.515625 0.0109375 0.0578125
3 0.90390625 0.54140625 0.0125 0.0609375
3 0.9046875 0.64765625 0.01015625 0.05390625
3 0.8625 0.63828125 0.01171875 0.0546875
4 0.865625 0.71484375 0.115625 0.5703125
3 0.637873084375 0.4296875 0.670534078125 0.5568258140625 0.684071021875 0.5512668203125 0.657101775 0.4296875 0.637873084375 0.4296875
3 0.6645833015625 0.5425925890625 0.6632450359375 0.5420018890625 0.677823215625 0.5623848078125 0.7121861453125 0.45491096718749996 0.7028144375 0.4345279640625 0.6645833015625 0.5425925890625
3 0.6486667609375 0.7402725890624999 0.68823625625 0.86442349375 0.7038557703125 0.838481496875 0.6611623703125 0.7143306781250001 0.6632450359375 0.723595609375 0.6486667609375 0.7402725890624999
3 0.6755208015624999 0.8481481453124999 0.67261674375 0.8495994843750001 0.684071021875 0.8736884265625001 0.729888228125 0.7458315828125001 0.7121861453125 0.7254486640625 0.6755208015624999 0.8481481453124999