3 0.378125 0.26171875 0.14375 0.0765625
1 0.61484375 0.0984375 0.03125 0.03046875
1 0.65390625 0.109375 0.03828125 0.0328125
1 0.72734375 0.1328125 0.0328125 0.03203125
1 0.75859375 0.14296875 0.0375 0.03125
3 0.4622100265625 0 0.45 0.023719378125000003 0.45 0.0900809234375 0.7793252328125 0.1983046640625 0.8279183640625 0.11675774531250001 0.47867145781250003 0 0.4622100265625 0
4 0.87890625 0.15 0.2421875 0.3
1 0.43046875 0.7734375 0.01953125 0.0515625
3 0.42109375 0.60078125 0.0578125 0.5984375
3 0.6453730375 0.3 0.45 0.3712100328125 0.45 0.4524939671875 0.7065705703124999 0.364890996875 0.65999221875 0.3 0.6453730375 0.3
3 0.45 0.9366974921875 0.5656653515625 0.9002244203124998 0.525885490625 0.8305024968750001 0.45 0.85438903125 0.45 0.9366974921875