1 0.11328125 0.11796875 0.009375 0.00859375
1 0.1125 0.1375 0.01015625 0.009375
1 0.08515625 0.35703125 0.00859375 0.0078125
1 0.084375 0.36640625 0.0109375 0.009375
1 0.0828125 0.37578125 0.0109375 0.0078125
1 0.08046875 0.3859375 0.0109375 0.0078125
1 0.0796875 0.39453125 0.01015625 0.01015625
1 0.078125 0.403125 0.009375 0.00859375
3 0.353125 0.196875 0.02734375 0.09921875
3 0.1125 0.1171875 0.03828125 0.11171875
3 0.075 0.3796875 0.03984375 0.1140625
3 0.34140625 0.4546875 0.046875 0.1046875
4 0.2125 0.275 0.3125 0.55
1 0.478125 0.51171875 0.0203125 0.03125
3 0.475 0.43515625 0.06875 0.2296875
4 0.44609375 0.275 0.1546875 0.55
0 0.205053246875 0.55 0.20198046718749998 0.577984490625 0.36875 0.80700778125 0.36875 0.679956775 0.275831853125 0.55 0.205053246875 0.55
5 1 0.835546875 0.978125 0.7890625 0.9385416671875 0.7453125 0.9177083328125001 0.7265625 0.9552083328125001 0.65625 0.9135416671875 0.6421875 0.884375 0.7046875 0.790625 0.6671875 0.7302083328125001 0.6671875 0.690625 0.6796875 0.6802083328125 0.7140625 0.671875 0.7359375 0.6677083328125001 0.7671875 0.6385416671874999 0.81875 0.5927083328125 0.85 0.634375 0.8640625 0.6239583328125 0.890625 0.6197916671874999 0.9265625 0.6239583328125 0.975 0.62210648125 1 0.7885416671875001 1 0.858901515625 1 0.928125 0.9734375 0.9760416671875 0.94375 1 0.9063151046875 1 0.835546875