1 0.1421875 0.1484375 0.02421875 0.03359375
3 0.140625 0.2015625 0.05625 0.403125
4 0.2203125 0.2296875 0.23125 0.459375
2 0 0.30595069375 0.09453125 0.3020833328125 0.0914822046875 0.2675057875 0 0.268353909375 0 0.30595069375
2 0 0.41054666093750003 0.10469835000000001 0.40667679375 0.1033257375 0.380815971875 0 0.3761577171875 0 0.41054666093750003
5 0.8348958328125 0.4328125 0.8473958328125001 0.4296875 0.8661458328125 0.4125 0.8744791671875 0.39375 0.8723958328125001 0.371875 0.8494791671874999 0.334375 0.8328125 0.3234375 0.7973958328125 0.325 0.7786458328125001 0.3484375 0.7557291671874999 0.3734375 0.7640625 0.3921875 0.7828125 0.4046875 0.8057291671875 0.428125 0.8348958328125 0.4328125
0 0.2921875 0.5984375 0.29375 0.2375
4 0.56484375 0.7640625 0.2515625 0.471875
3 0.9953125 0.7890625 0.009375 0.1
3 0.6859375 0.78203125 0.01484375 0.13359375
3 0.45716347031250004 0.7911020421874999 0.4470195828125 0.79477956875 0.4610536203125 0.9224458734375001 0.47073625 0.9188284703124999 0.45716347031250004 0.7911020421874999