4 0.1796875 0.2546875 0.359375 0.509375
3 0.909375 0.140625 0.01328125 0.07109375
3 0.903125 0.26171875 0.0125 0.0640625
3 0.94609375 0.271875 0.0140625 0.06015625
3 0.94765625 0.15625 0.0140625 0.06796875
4 0.9622632671875 0.509375 0.952345 0.034877120312499996 0.9096073484375001 0.030123910937499998 0.8773351437500001 0.509375 0.9622632671875 0.509375
3 0.71993651875 0.12797881718749998 0.69908378125 0.0591531625 0.684527915625 0.079936 0.7150047171875 0.1759990125 0.7237244453125 0.1758784296875 0.75582821875 0.0942750078125 0.7370582765625 0.0729812515625 0.71993651875 0.12797881718749998
3 0.71763846875 0.3647087171875 0.6948323125 0.3921012765625 0.7275758875 0.48398235781250004 0.7664165875 0.3971270734375 0.74982023125 0.377084125 0.72996135 0.42551120625000005 0.71763846875 0.3647087171875
2 0.359375 0.2577335859375 0.7109375 0.19618055625 0.7046875 0.162847221875 0.359375 0.222356859375 0.359375 0.2577335859375
2 0.8574986640625 0.509375 0.7932483375 0.485379346875 0.79530801875 0.4842591546875 0.790092584375 0.4842333484375 0.7878045390625 0.509375 0.8574986640625 0.509375
2 1 0.43668617187500003 0.9749726703124999 0.4263844234375 0.9740095078125 0.44676106718749997 1 0.45698595781250007 1 0.43668617187500003
2 1 0.29880545468749997 0.9685744265625 0.29266998593750004 0.9672151765624999 0.290429575 0.9662786078125001 0.3162975078125 1 0.3245825390625 1 0.29880545468749997
2 1 0.19096641875 0.9716296234375001 0.190354634375 0.9719083906249999 0.21393491875 1 0.21428949375 1 0.19096641875
3 0.20234375 0.83984375 0.12890625 0.053125
4 0.0796875 0.80625 0.159375 0.3875
1 0.56640625 0.8203125 0.02890625 0.059375
3 0.56953125 0.81875 0.1109375 0.3625