4 0.128125 0.1546875 0.178125 0.309375
3 0.63046875 0.078125 0.01015625 0.08359375
3 0.7140625 0.01796875 0.0125 0.0359375
4 0.66328125 0.1546875 0.1171875 0.309375
5 0.5796875 0.44866071406249997 0.55625 0.440625 0.525 0.4046875 0.48541666718750004 0.396875 0.45625 0.4078125 0.45208333281249996 0.4328125 0.4375 0.44375 0.42291666718750004 0.4515625 0.4270833328125 0.46875 0.44166666718750003 0.5 0.44166666718750003 0.5390625 0.44166666718750003 0.5671875 0.44375 0.575 0.475 0.5765625 0.5020833328125 0.5703125 0.5796875 0.571975446875 0.5796875 0.44866071406249997
3 0.871875 0.54765625 0.03671875 0.253125
2 0.62735380625 0.309375 0.5796875 0.350969140625 0.5796875 0.401649278125 0.6779389171875 0.309375 0.62735380625 0.309375
2 0.995250721875 1 0.8545377656250001 0.783609140625 0.8477647921875 0.801508825 0.9739756453125 1 0.995250721875 1
2 0.8790629828125001 0.7664721078125 0.9951651296874999 0.9390381203124999 0.9963939359375 0.9178777796875 0.996626609375 0.9174641375 0.8819932125 0.7554815265625 0.8790629828125001 0.7664721078125
2 0.8877716796874999 0.7591852 0.9975788390624999 0.9100304593749999 0.9975788390624999 0.898452415625 0.8900461390625001 0.749711571875 0.8877716796874999 0.7591852
2 0.89915771875 0.7244717374999999 0.9986399718750001 0.8514393968749999 0.999759234375 0.838502878125 0.9036273703125 0.7119842859375 0.9041156609375001 0.7141168859375 0.89915771875 0.7244717374999999
2 0.5796875 0.76099855625 0.73706549375 0.7747470109375 0.836121996875 0.7817805203125 0.8359462265625 0.7681041015625001 0.5796875 0.74693235625 0.5796875 0.76099855625
2 0.5796875 0.742358290625 0.8349855500000001 0.7592926828125 0.8349764593749999 0.7461577171875 0.5796875 0.7290670859375 0.5796875 0.742358290625
2 0.5796875 0.7073149187500001 0.8278872765624999 0.6988007234375 0.8271463140625 0.6795131203125 0.5796875 0.6887627828125 0.5796875 0.7073149187500001
2 0.5796875 0.6797266703125 0.64699214375 0.678557253125 0.8468891953125001 0.6628413640625 0.8481853296875 0.643807475 0.84590424375 0.6427963 0.5796875 0.6603971984375001 0.5796875 0.6797266703125