1 0.0625 0.3765625 0.015625 0.02421875
4 0.05234375 0.26953125 0.1046875 0.5390625
3 0.0609375 0.378125 0.05859375 0.3125
2 0.25568191875 0 0.409375 0.185773196875 0.409375 0.1413801125 0.29130241875 0 0.25568191875 0
2 0.409375 0.3954383640625 0.0876928546875 0.20079732187500002 0.08425031250000001 0.1932269953125 0.06573864375 0.22818481406250002 0.409375 0.43444987343749997 0.409375 0.3954383640625
2 0.172332621875 0 0.409375 0.2464663640625 0.409375 0.216840496875 0.2023409296875 0 0.172332621875 0
1 0.67734375 0.3875 0.02109375 0.03828125
3 0.6765625 0.3578125 0.0875 0.3625
2 0.409375 0.132915065625 0.7637925875 0.036866932812499996 0.7621869562500001 0.0186697671875 0.409375 0.1134155125 0.409375 0.132915065625
4 0.722063159375 0 0.6515673875 0.150269459375 0.7055797484375 0.5390625 0.9786938609375 0.5390625 0.9628976687499999 0 0.722063159375 0
3 0.66171875 0.60390625 0.0328125 0.1296875
4 1 0.5390625 0.8046352890625 0.5390625 0.8310955546875001 1 0.93530603125 1 0.8679578218749999 0.751249896875 0.8961189109374998 0.5421613828125 1 0.5797355265624999 1 0.5390625
2 0.409375 1 0.4111944875 1 0.6385867562499999 0.6604612484375 0.62786398125 0.645056515625 0.409375 0.9683411 0.409375 1
2 0.47908142031249995 1 0.6554766484375 0.7147312625 0.64263719375 0.6991240078125001 0.45521434843749997 1 0.47908142031249995 1
2 0.5203408703125 1 0.681737728125 0.7258804359375001 0.6689919124999999 0.7113282562500001 0.668713171875 0.7113282562500001 0.501063446875 1 0.5203408703125 1
2 0.756503946875 0.5390625 0.6898836 0.5938560140625 0.696185734375 0.61375869375 0.7894500390625 0.5390625 0.756503946875 0.5390625
2 0.6905316171875 0.6417223734374999 0.6984570296875 0.6593914578125 0.8011596015624999 0.5636606468750001 0.792825715625 0.5522573562499999 0.6905316171875 0.6417223734374999
2 0.69887949375 0.7090485281250001 0.802866884375 0.6079312875 0.7963121421875 0.5910664375 0.79623156875 0.5907267234375 0.6909985609375 0.6866763875 0.69887949375 0.7090485281250001
3 1 0.6860951046875 0.9526681781249999 0.6006501390625 0.9375711578124999 0.6315226265625 1 0.7538608531250001 1 0.6860951046875