1 0.33203125 0.42578125 0.009375 0.00703125
1 0.33125 0.440625 0.009375 0.0078125
3 0.35859375 0.2078125 0.04765625 0.08984375
3 0.60859375 0.27734375 0.03203125 0.08671875
3 0.58046875 0.47578125 0.0375 0.09765625
3 0.5640625 0.69921875 0.034375 0.1015625
3 0.33046875 0.421875 0.0484375 0.09609375
4 0.453125 0.515625 0.36171875 0.96796875
3 0.29765625 0.64765625 0.0390625 0.08125
1 0.30234375 0.621875 0.0109375 0.0078125
1 0.30078125 0.63203125 0.0109375 0.009375
1 0.2984375 0.6421875 0.009375 0.01015625
1 0.2953125 0.65390625 0.01015625 0.00859375
1 0.29453125 0.6640625 0.0109375 0.009375