4 0.32109375 0.2046875 0.1765625 0.409375
3 0.50546875 0.31953125 0.0328125 0.1796875
4 0.6138713499999999 0 0.6261142609375 0.15343377656249998 0.5077899734375 0.2217237296875 0.6459802625 0.28154195625 0.6533185593749999 0.409375 0.728711790625 0.409375 0.7398689109375 0.32653638281249997 0.9688925140624999 0.409375 1 0.409375 1 0.2402221484375 0.7221363249999999 0.1712718859375 0.6626976546875 0 0.6138713499999999 0
2 0.5336336 0.3782310140625 0.539935734375 0.39813369375 0.6429823765625 0.315602740625 0.6345700953125 0.2952133546875 0.5336336 0.3782310140625
2 0.5791031046875 0.409375 0.6449096015625 0.348035646875 0.636575715625 0.33663235625 0.5534019406249999 0.409375 0.5791031046875 0.409375
2 0.6290636875000001 0.409375 0.646616884375 0.39230628749999996 0.6400621421875 0.37544143750000003 0.63998156875 0.3751017234375 0.6023922765625 0.409375 0.6290636875000001 0.409375
2 0.506362021875 0 0.409375 0.07914488593749999 0.409375 0.11829780000000001 0.5585454328124999 0 0.506362021875 0
2 0.409375 0.737100546875 0 0.8612291937500001 0 0.89577645 0.409375 0.7745548531249999 0.409375 0.737100546875
2 0.409375 0.5954843750000001 0 0.6983387999999999 0 0.7346407968750001 0.3035365578125 0.6501973578125 0.409375 0.6257382078125 0.409375 0.5954843750000001
3 0.3 0.56328125 0.03671875 0.12109375
0 0.6171875 0.91875 0.40078125 0.13671875