1 0.07890625 0.0453125 0.04375 0.03671875
3 0.08203125 0.084375 0.1515625 0.16875
3 0.725 0.06328125 0.03125 0.1265625
2 0.459375 0.30484290937499997 0.5609161968749999 0.2687270921875 0.560636234375 0.23520938593750002 0.459375 0.2732704875 0.459375 0.30484290937499997
2 0.459375 0.22349539062499998 0.5571060859375 0.19098312343749999 0.55351906875 0.167489621875 0.459375 0.1977607390625 0.459375 0.22349539062499998
2 0.459375 0.1579828203125 0.5521826859375001 0.129076465625 0.5511197046875 0.104972490625 0.459375 0.1298615546875 0.459375 0.1579828203125
2 1 0.182909665625 0.9320892468749999 0.18252874375 0.7427804468750001 0.17070358593749999 0.675173528125 0.1976546734375 0.67301231875 0.1981463453125 0.6741661406249999 0.22341573124999997 0.7419879703125 0.1993081921875 1 0.2046670625 1 0.182909665625
2 1 0.1313943828125 0.8917804046875 0.1232902140625 0.7514438 0.1075316875 0.752070915625 0.1091570203125 0.7511372890625 0.1454404640625 1 0.160689225 1 0.1313943828125
2 1 0.10271962187499999 0.7545430640624999 0.07716395625 0.7545430640624999 0.077564809375 0.75614364375 0.0825128359375 1 0.1194633015625 1 0.10271962187499999
4 0.5533512203125001 0 0.5766249921875 0.23092836249999998 0.563878203125 0.4 0.6777779046875001 0.4 0.663486903125 0.30642248125 0.6720854984375 0 0.5533512203125001 0
1 0.1953125 0.47578125 0.03359375 0.04453125
1 0.1953125 0.51328125 0.034375 0.046875
1 0.196875 0.55859375 0.034375 0.05
1 0.2 0.60078125 0.03125 0.04453125
1 0.20078125 0.646875 0.03203125 0.040625
1 0.203125 0.6921875 0.03125 0.04453125
3 0.20234375 0.6390625 0.1015625 0.478125
4 0.1765625 0.7 0.353125 0.6
2 0.2296875 0.87109375 0.459375 0.1015625
4 0.53671875 0.7 0.1546875 0.6
3 0.6078125 0.51796875 0.009375 0.09921875
3 0.5000735749999999 0.6607875125 0.507941765625 0.6667510249999999 0.53995833125 0.5658492140625 0.5321155578125 0.5578316796875 0.5000735749999999 0.6607875125
3 0.459375 0.6448517 0.4930549796875 0.6824615609375 0.4976079765625 0.671761471875 0.459375 0.6280844234374999 0.459375 0.6448517