1 0.5046875 0.0046875 0.034375 0.009375
1 0.5140625 0.1734375 0.04140625 0.0359375
3 0.50703125 0.14453125 0.1453125 0.2890625
3 0.5796875 0.27259430625 0.5955538312499999 0.3216326578125 0.6111733453125 0.317926634375 0.5796875 0.2043119984375 0.5796875 0.27259430625
3 0.6288755234375001 0.1808047734375 0.583058221875 0.319779603125 0.6018016375 0.3364565828125 0.6486601765625 0.20489380000000001 0.651784078125 0.1937758140625 0.6288755234375001 0.1808047734375
4 0.25078125 0.7984375 0.0765625 0.403125
3 0.4619513640625 0.6349262578125 0.4657586875 0.6315419703125 0.4410110828125 0.5834850828125 0.43834595624999995 0.587546228125 0.4619513640625 0.6349262578125
3 0.460047703125 0.629511396875 0.46309356093750004 0.6362799734375 0.489744828125 0.5956685187499999 0.48555677187499996 0.5882230859375 0.460047703125 0.629511396875
3 0.479084321875 0.7750357734375 0.4840338421875 0.7689440546874999 0.460428434375 0.7181797375000001 0.4554789140625 0.7249483140625 0.479084321875 0.7750357734375
3 0.47794212343750003 0.7689440546874999 0.48174944843749995 0.7757126296875001 0.508781446875 0.7364548921875 0.504593390625 0.7303631734375 0.47794212343750003 0.7689440546874999
3 0.46157063125000003 0.904992425 0.4661394203125 0.9029618515625 0.44177254843749997 0.8515206765624999 0.43834595624999995 0.85964296875 0.46157063125000003 0.904992425
3 0.4592862375 0.9002544218749999 0.46347429375000004 0.904992425 0.489744828125 0.8704726890625001 0.48555677187499996 0.8623503984375 0.4592862375 0.9002544218749999
4 0.85703125 0.7265625 0.2859375 0.49375