3 0.17734375 0.05234375 0.3546875 0.1046875
3 0.5473040796875 0.2863581765625 0.5473040796875 0.2873298921875 0.617746925 0.4515523328125 0.637951478125 0.43794813593750004 0.56204793125 0.2688670265625 0.5473040796875 0.2863581765625
3 0.6958347140625 0.2999623734375 0.607917690625 0.4292025609375 0.6292143640625 0.45835447656249995 0.70675611875 0.31648180625 0.708940359375 0.31648180625 0.6958347140625 0.2999623734375
1 0.13515625 0.85546875 0.0703125 0.0640625
3 0.302140046875 1 0.022295915625000003 0.5283929796875 0.0254542578125 0.534120109375 0 0.5562120453125 0 0.7927764328125 0.1334464359375 1 0.302140046875 1
4 0.86796875 0.64921875 0.03671875 0.215625
4 0.7859375 0.62734375 0.02109375 0.1203125
3 0.85703125 0.584375 0.00625 0.01953125
3 0.8546875 0.61796875 0.00703125 0.01953125
3 0.8796875 0.58359375 0.0046875 0.0171875
3 0.88046875 0.61640625 0.00390625 0.021875
3 0.88203125 0.6484375 0.00390625 0.01640625
3 0.8546875 0.64921875 0.00625 0.0203125