1 0.190625 0.10625 0.0359375 0.034375
3 0.0663432578125 0 0 0.062025096875 0 0.0638748515625 0.511696759375 0.28337202499999997 0.5296875 0.25280390625 0.5296875 0.15780645937499999 0.141683090625 0 0.0663432578125 0
3 0.7140625 0.11015625 0.02265625 0.140625
3 1 0.14271835 0.9396291937499999 0.0916520046875 0.9359726421874999 0.10573649843749999 1 0.1607836984375 1 0.14271835
4 0.85 0.225 0.3 0.45
3 0.16953125 0.815625 0.0578125 0.36875
4 0.2734375 0.725 0.29375 0.55
2 0 0.5304175203125 0.11729431093750001 0.5325166296875 0.11584714375 0.49649194375 0 0.4980445109375 0 0.5304175203125
2 0.5296875 0.545154046875 0.39224769843749996 0.5042115078125 0.389353521875 0.5505289890625 0.5296875 0.58653136875 0.5296875 0.545154046875
3 0.8386532843750001 0.621248396875 0.7915099109374999 0.5171903171875 0.7835657234375001 0.5320338796875 0.8295872624999999 0.635768128125 0.8386532843750001 0.621248396875
3 0.8264141359374999 0.6244749921875 0.8363867890625001 0.635768128125 0.891560975 0.5432189140625 0.8794504468750001 0.5268701390625 0.8264141359374999 0.6244749921875
3 0.8681179296874999 0.9083311437500001 0.8735575499999999 0.8825182734375 0.8300616671875 0.79260798125 0.820067925 0.8026597484375 0.8681179296874999 0.9083311437500001
3 0.8604117703125 0.8994579609375 0.869477834375 0.9147843328124999 0.9280856109375 0.8265366484375001 0.918887703125 0.8115329296875 0.8604117703125 0.8994579609375