1 0.23984375 0.15625 0.06171875 0.0359375
1 0.234375 0.20703125 0.05234375 0.040625
1 0.23359375 0.25703125 0.05546875 0.04765625
1 0.22734375 0.303125 0.053125 0.04296875
1 0.221875 0.35625 0.05 0.05234375
1 0.21796875 0.409375 0.05234375 0.04609375
3 0.21953125 0.23203125 0.1921875 0.4140625
4 0.22265625 0.21953125 0.4328125 0.4390625
4 1 0 0.4390625 0 0.4390625 0.4390625 0.7181793578125 0.4390625 1 0.21471657031250002 1 0
0 0.4390625 0.8625963265625 0.162933025 0.829601075 0.0196599421875 0.9108496453124999 0.0244357734375 0.9889119546875001 0.4390625 0.9910398578125001 0.4390625 0.8625963265625
3 0.70703125 0.69453125 0.03515625 0.278125
4 0.59765625 0.71953125 0.3171875 0.5609375