1 0.23359375 0.27109375 0.06484375 0.0359375
3 0.23046875 0.3578125 0.1484375 0.34375
2 0.5796875 0.403862375 0.2833600515625 0.5296875 0.42142828281250005 0.5296875 0.5796875 0.464445653125 0.5796875 0.403862375
4 0.92421875 0.2578125 0.1515625 0.515625
4 0.08046875 0.76484375 0.1609375 0.4703125
3 0.1140625 0.553125 0.053125 0.046875
2 0.5796875 0.6551748859375 0.115700659375 0.5366109640625 0 0.5366588921875 0 0.565204215625 0.1117958546875 0.5643716890625 0.5796875 0.676971803125 0.5796875 0.6551748859375
4 0.1890625 0.67890625 0.06875 0.2984375
2 0.5796875 0.7401942937499999 0.39033866562499997 0.7101152125000001 0 0.6430796828125 0 0.67376315 0.002461309375 0.67367933125 0.5796875 0.7733862796875 0.5796875 0.7401942937499999
2 0.5796875 0.96491944375 0.247000440625 1 0.5687031218749999 1 0.5796875 0.9988266093749999 0.5796875 0.96491944375
3 0.82578125 0.9703125 0.0515625 0.059375
3 0.83125 0.54296875 0.053125 0.0265625
4 0.89609375 0.76484375 0.2078125 0.4703125