1 0.35234375 0.0875 0.01796875 0.0140625
3 0.303125 0.0875 0.25859375 0.065625
3 0.303125 0.3953125 0.32421875 0.08359375
1 0.628125 0.0765625 0.028125 0.03359375
3 0.63359375 0.1609375 0.1171875 0.321875
4 0.66171875 0.3046875 0.1859375 0.609375
4 0.56875 1 0.56875 0.609375 0.512496715625 0.609375 0.48592100781249997 1 0.56875 1
4 0.88359375 0.8046875 0.2328125 0.390625
1 0.9765625 0.80234375 0.01328125 0.01796875
3 0.97421875 0.7953125 0.0515625 0.25625
2 1 0.8853141375 0.9693474953125001 0.8931085515625 0.7360883765625 1 0.8081801171875 1 0.9823634343750001 0.9226042109374999 1 0.9182428546875 1 0.8853141375
2 0.56875 0.7607821359375 0.76207580625 0.7037272140625 0.7530324296875 0.669873046875 0.56875 0.7166837562499999 0.56875 0.7607821359375