1 0.05078125 0.33984375 0.01875 0.02109375
3 0.05390625 0.2953125 0.0703125 0.128125
0 0.9111779921875 0.359375 0.79077885625 0.14451217968750002 0.25 0.1238826078125 0.25 0.3048708484375 0.3883058390625 0.359375 0.9111779921875 0.359375
4 0.125 0.7171875 0.25 0.565625
1 0.44765625 0.64296875 0.009375 0.00703125
1 0.446875 0.6578125 0.009375 0.0078125
3 0.47421875 0.425 0.04765625 0.08984375
3 0.72421875 0.49453125 0.03203125 0.08671875
3 0.69609375 0.69296875 0.0375 0.09765625
3 0.6796875 0.91640625 0.034375 0.1015625
3 0.44609375 0.6390625 0.0484375 0.09609375
4 0.56796875 0.6796875 0.3609375 0.640625
3 0.41328125 0.86484375 0.0390625 0.08125
1 0.41796875 0.8390625 0.0109375 0.0078125
1 0.41640625 0.84921875 0.0109375 0.009375
1 0.4140625 0.859375 0.009375 0.01015625
1 0.4109375 0.87109375 0.01015625 0.00859375
1 0.41015625 0.88125 0.0109375 0.009375