1 0.2734375 0.025 0.215625 0.05
3 0.23984375 0.1 0.4796875 0.2
5 0.7534142421875 0.35 0.7605904515624999 0.341221575 0.7664179578125 0.32126149531250003 0.7772404671875 0.26708413593749997 0.7772404671875 0.244272615625 0.7697479609375 0.2243125359375 0.7547629453125 0.2243125359375 0.7497679406250001 0.2285896953125 0.7464379375 0.2642326953125 0.743940434375 0.301301415625 0.7356154265624999 0.33837013437499996 0.7356154265624999 0.35 0.7534142421875 0.35
5 0.86548555625 0.35 0.86548555625 0.3070042953125 0.8613230515625 0.2685098546875 0.8679830593750001 0.2528269359375 0.8721455625000001 0.23286685624999998 0.8729780640625 0.19864957656249999 0.8729780640625 0.1815409359375 0.8238605140624999 0.2000752953125 0.8196980109374999 0.22573825625000002 0.8196980109374999 0.2599555359375 0.8196980109374999 0.279915615625 0.8205305109375001 0.316984334375 0.82885551875 0.32126149531250003 0.8413430312500001 0.32126149531250003 0.8488355390625 0.32696437500000003 0.850116575 0.35 0.86548555625 0.35
3 0.4796875 0.248355496875 0.4857577796875 0.25763775624999996 0.495262028125 0.23609438124999998 0.485891759375 0.2242116125 0.4796875 0.240934215625 0.4796875 0.248355496875
3 0.521817990625 0.2408818 0.531881290625 0.25189285625 0.5397083234375 0.2298707421875 0.528629278125 0.22210539062499998 0.521817990625 0.2408818
3 0.5413855375 0.2648188921875 0.5483739359375 0.24662669843749999 0.539390525 0.23684894218750002 0.5335585218750001 0.257159015625 0.5413855375 0.2648188921875
3 0.5562009703124999 0.346204971875 0.5620712265625001 0.3260978171875 0.553841340625 0.31741191875 0.5469762671875 0.336630134375 0.5562009703124999 0.346204971875
3 0.5692403265625 0.35 0.571059334375 0.3405803578125 0.564027984375 0.332800196875 0.5587554531250001 0.35 0.5692403265625 0.35
5 0.247863840625 0.35 0.27972079375000003 0.4152194359375 0.29250579375 0.4559348640625 0.324468290625 0.5140997625 0.3542999546875 0.5591775578125 0.38413161875 0.5359115984375 0.39052411875000004 0.4777467015625 0.3820007859375 0.4152194359375 0.3329916234375 0.36868751875 0.3168100484375 0.35 0.247863840625 0.35
0 1 0.7986020046875 0.5549223453125001 0.5888710359375 0.4796875 0.6032516625 0.4796875 0.8405479 1 0.9471940484375001 1 0.7986020046875