1 0.31640625 0.2640625 0.01953125 0.0515625
3 0.30859375 0.1953125 0.0609375 0.390625
4 0.63203125 0.296875 0.021875 0.10703125
4 0.7171875 0.37421875 0.28125 0.2109375
3 0.84375 0.4546875 0.0125 0.05
4 0.17875993125 0.4796875 0.17916666718750002 0.5004761609374999 0.1775219296875 0.5742253500000001 0.1767909359375 0.588195459375 0.17386695937500002 0.6161356812500001 0.1736842109375 0.6534976046875001 0.171491228125 0.6937835031249999 0.17021198906249999 0.78020325625 0.1709429828125 0.8035950703125 0.1705774859375 0.8500538093750001 0.1689327484375 0.906908909375 0.169115496875 0.9400473109374999 0.16734058125 1 0.2567699875 1 0.256652046875 0.9494690140625 0.2544590640625 0.906908909375 0.2544590640625 0.8568764218750001 0.2498903515625 0.8169154078125 0.2500731 0.7798783703125001 0.2447733921875 0.6557718078125 0.2436769 0.608338409375 0.24349415156249998 0.5511584234375 0.2403890890625 0.4796875 0.17875993125 0.4796875
2 0.11076749687500001 1 0.1614032109375 0.9826773015625001 0.161065703125 0.956675090625 0.1023864421875 0.9605259953124999 0.0043250703125 1 0.11076749687500001 1
2 0 0.9844207656249999 0.1615581328125 0.9276734968749999 0.1601970375 0.9067468062499999 0.1601970375 0.9065894265625001 0 0.9607537984375 0 0.9844207656249999
2 0 0.888882778125 0.1695458140625 0.829689465625 0.16667893281249999 0.8182622453124999 0 0.8753728125 0 0.888882778125
2 0 0.87301085625 0.0432163171875 0.8581498156249999 0.169181971875 0.8138912906249999 0.167408359375 0.807520221875 0 0.8654786984375 0 0.87301085625
2 0 0.7594702953125 0.009673628125 0.7561863578125 0.16887935 0.7017006234375 0.168766621875 0.69828386875 0 0.7558204328125 0 0.7594702953125
2 0.366603446875 1 0.2691468203125 0.9438517000000001 0.26883073125 0.9644036078125 0.3317574578125 1 0.366603446875 1
2 0.5073162671875 1 0.2601421609375 0.8588654234374999 0.26000356406249997 0.8711455718749999 0.4885866359375 1 0.5073162671875 1
2 0.534889265625 1 0.27063735625 0.8465149609375 0.27037290468749997 0.8571892890624999 0.517079053125 1 0.534889265625 1
0 0.639253240625 1 0.6514322234375001 0.7532394546875001 0.6005997921875 0.7485634796875 0.5993233390625 0.7480263125000001 0.5802887765625 1 0.639253240625 1