1 0.109375 0.50390625 0.0203125 0.0171875
2 0.509375 0.3512800578125 0.110455315625 0.6051438296875 0.0096473359375 0.6890625 0.0593460484375 0.6890625 0.09811425 0.6565525437499999 0.509375 0.38693972187500003 0.509375 0.3512800578125
3 0.11640625 0.5109375 0.05078125 0.23671875
4 0.07734375 0.34453125 0.1546875 0.6890625
2 0.21049671406249998 0 0.20995443749999998 0.027712474999999997 0.509375 0.1640118890625 0.509375 0.13588395312499998 0.21201051093749998 0 0.21049671406249998 0
4 0.76953125 0.34453125 0.0859375 0.6890625
4 0.7125 0.3125 0.10625 0.625
3 0.77109375 0.32734375 0.0171875 0.28671875
0 0.3140625 0.79765625 0.06875 0.2171875
3 0.846875 0.70078125 0.0125 0.0234375
4 0.76015625 0.84453125 0.1234375 0.3109375