1 0.22421875 0.05703125 0.0453125 0.025
3 0.2109375 0.175 0.140625 0.35
2 0 0.4296875 0.088084146875 0.4296875 0.2407952609375 0.3507937625 0.5340789578125 0.23500018906250003 0.487770871875 0.1973672265625 0.14817929999999999 0.327635046875 0 0.4106107296875 0 0.4296875
0 0.559375 0 0.559375 0.1434303828125 0.748737209375 0.2282514171875 0.994689425 0.2983482140625 0.90394973125 0.08168539218750001 0.577451359375 0 0.559375 0
0 0 1 0.559375 1 0.559375 0.8024840687499999 0 0.7339631 0 1
4 0.59453125 0.746875 0.040625 0.20703125
3 0.8879071390625001 0.513365184375 0.8948805609375 0.5201272890624999 0.9253100359375 0.46490342812499996 0.9196045093749999 0.45588728749999996 0.8879071390625001 0.513365184375
3 0.8917108234375 0.5201272890624999 0.8961484546874999 0.50998413125 0.866352928125 0.4513792171875 0.8606474015625001 0.4592683390625 0.8917108234375 0.5201272890624999
3 0.8619152953124999 0.6970690515625 0.866352928125 0.690306946875 0.8359234531249999 0.6305750140624999 0.8314858203125001 0.6429722078125 0.8619152953124999 0.6970690515625
3 0.8587455593750001 0.69256098125 0.8644510859375 0.69819606875 0.896782403125 0.6429722078125 0.8917108234375 0.6328290484375 0.8587455593750001 0.69256098125
3 0.8834695078125 0.8841539718749999 0.8885410859375 0.872883796875 0.8574776640625 0.8120248468749999 0.8517721375 0.8244220390624999 0.8834695078125 0.8841539718749999
3 0.8771300328125001 0.87513783125 0.8841034546875001 0.8818999375000001 0.9170687187500001 0.823295021875 0.9126310875 0.8131518640625 0.8771300328125001 0.87513783125