1 0.28125 0.02421875 0.0625 0.0484375
1 0.290625 0.09453125 0.0609375 0.08125
3 0.1972339703125 0 0.24128414843749998 0.3583513796875 0.389020409375 0.2961339125 0.3535373984375 0 0.1972339703125 0
3 0.0109375 0.6109375 0.021875 0.11875
3 0.0234375 0.8390625 0.0203125 0.13046875
4 0.3265625 0.509375 0.046875 0.11875
3 0.84453125 0.48203125 0.0515625 0.0640625
4 0.9015625 0.725 0.196875 0.55
4 0.8625 0.72109375 0.03046875 0.0703125
4 0.83984375 0.709375 0.0203125 0.053125
4 0.7546875 0.69921875 0.01640625 0.096875