1 0.24296875 0.26796875 0.0328125 0.0203125
1 0.2515625 0.425 0.015625 0.025
3 0.215625 0.3375 0.0875 0.3875
4 0.5609375 0.309375 0.14375 0.61875
3 0.2390625 0.7515625 0.040625 0.13125
3 0 0.770163453125 0.040908824999999996 0.7377161109375 0.0354239984375 0.721464771875 0 0.7509535328125 0 0.770163453125
4 0.1296875 0.809375 0.259375 0.38125
1 0.38203125 0.98671875 0.0359375 0.0265625
3 0.6181619312500001 1 0.2813699984375 0.8630223234375001 0.259375 0.8835857078125 0.259375 0.9770705656249999 0.31282861406249995 1 0.6181619312500001 1
3 1 0.6909645640625 0.9123975812499999 0.697492884375 0.9069104687500001 0.693730821875 0.9562952421875 0.9645972234375 1 0.9665948437499999 1 0.6909645640625
4 0.84453125 0.809375 0.3109375 0.38125