1 0.04140625 0.19453125 0.0828125 0.0828125
3 0.203125 0.26484375 0.40625 0.5296875
1 0.91953125 0.3640625 0.02265625 0.040625
4 0.8609375 0.26484375 0.25625 0.5296875
3 0.9171875 0.34609375 0.071875 0.3671875
2 0.509375 0.06157484375 0.727110459375 0.05303819375 0.726708984375 0.0104817703125 0.509375 0.02317169375 0.509375 0.06157484375
1 0.19375 0.546875 0.015625 0.02421875
4 0.11796875 0.76484375 0.2359375 0.4703125
3 0.19140625 0.6171875 0.0578125 0.175
4 0.64765625 0.76484375 0.1640625 0.4703125
2 0.94031788125 1 0.7370619890625 0.8675145656249998 0.7358328625 0.8689609656249999 0.7357656171875 0.887792146875 0.9021236140625 1 0.94031788125 1
2 1 0.9304220624999999 0.738896003125 0.766967896875 0.7387003828125 0.766967896875 0.7362658265625 0.7903526875 1 0.9538683671874999 1 0.9304220624999999
3 0.5517617453125 0.5296875 0.5406873140624999 0.7294830109375 0.5559004062499999 0.73348975 0.5671558484375 0.5296875 0.5517617453125 0.5296875
3 0.716483046875 0.6924206625 0.724371315625 0.6944240328125 0.7283154515625 0.5832369890625 0.7198637328124999 0.5802319328125 0.716483046875 0.6924206625