3 0.06328125 0.3234375 0.1265625 0.059375
3 0.078125 0.22734375 0.15625 0.0484375
3 0.075 0.15859375 0.15 0.0546875
4 0.32265625 0.2421875 0.1140625 0.275
4 0.60703125 0.1109375 0.02578125 0.17734375
4 0.8796875 0.22734375 0.075 0.3046875
3 0.6924287203125 0.0594775140625 0.696521840625 0.052462710937500004 0.6728049875 0.0095979359375 0.6679037843750001 0.017782675 0.6924287203125 0.0594775140625
3 0.68711671875 0.053390009375000005 0.6938489484374999 0.058564628125 0.7157847734375 0.0182679453125 0.7107997890625001 0.01224770625 0.68711671875 0.053390009375000005
2 0.3796875 0.7239651046875 0.0655732453125 0.8085765921875 0 0.8273546203125001 0 0.8608805890625 0.059402640625 0.8435344125 0.3796875 0.7583890875 0.3796875 0.7239651046875
3 0.2296875 0.8234375 0.11328125 0.340625
1 0.23984375 0.7828125 0.02578125 0.01640625
2 0.3796875 0.8945286281249999 0.136534690625 0.989535009375 0.105212103125 1 0.2057126078125 1 0.3796875 0.9416571812499999 0.3796875 0.8945286281249999
1 0.665625 0.81875 0.015625 0.02421875
4 0.54375 0.68984375 0.328125 0.6203125
3 0.6640625 0.8203125 0.05859375 0.3125
2 0.8070996890625001 0.3796875 1 0.6128515906249999 1 0.5686001125 0.84223099375 0.3796875 0.8070996890625001 0.3796875
2 1 0.8300624578125 0.6908178546875 0.6429848218750001 0.6873753125000001 0.6354144953125 0.66886364375 0.6703723140625 1 0.8691343453125 1 0.8300624578125
2 0.7153473953124999 0.3796875 1 0.6756569062500001 1 0.64593591875 0.7457924375 0.3796875 0.7153473953124999 0.3796875