1 0.1625 0.2515625 0.02734375 0.01171875
3 0.16796875 0.2421875 0.1 0.390625
4 0.15859375 0.2796875 0.1671875 0.559375
3 0.9953125 0.11171875 0.009375 0.0578125
4 0.97421875 0.2796875 0.0515625 0.559375
3 0.7923459203125 0 0.8090765078125 0.05623625 0.8226134515624999 0.04326529375 0.8118777734375 0 0.7923459203125 0
3 0.8124150421875 0 0.7986634687499999 0.0451182625 0.8111590781250001 0.065501265625 0.8354667765624999 0 0.8124150421875 0
3 0.7882505234375 0.24153599374999998 0.8246960218750001 0.3527158578125 0.8392742015625 0.3304798859375 0.8080351765625 0.22856503906249998 0.8069939390624998 0.219300021875 0.7882505234375 0.24153599374999998
3 0.8465633390625001 0.221153075 0.810117840625 0.3471568640625 0.8246960218750001 0.361980875 0.862182853125 0.24153599374999998 0.8653067546875001 0.24153599374999998 0.8465633390625001 0.221153075
4 0.6828125 0.7796875 0.134375 0.440625
3 0.63359375 0.86015625 0.01953125 0.14453125
3 0.65234375 0.57734375 0.0234375 0.0359375
3 0.74296875 0.76640625 0.0171875 0.1078125
2 1 0.9049467874999999 0.7813253718750001 0.81397695625 0.7797345171875001 0.8134732781249999 0.7774304609375 0.83846161875 1 0.948428078125 1 0.9049467874999999
2 1 0.70301425625 0.7570635453125 0.612461615625 0.7557203625 0.632465815625 1 0.72771800625 1 0.70301425625
2 0.775277828125 0.559375 0.7742473999999999 0.58545429375 1 0.6656466437499999 1 0.6335839484375 0.7785783671875001 0.5630662531249999 0.7767892453125 0.559375 0.775277828125 0.559375
2 0.60466664375 1 0.6047830281250001 0.9910442140625001 0.6056222546875001 0.988883153125 0.36875 0.9438517265625 0.36875 0.9793039374999999 0.48478390156250006 1 0.60466664375 1
2 0.36875 0.90964428125 0.6050596953125 0.9339733546875 0.6054034234375 0.901707284375 0.6034338703125 0.8991395499999999 0.36875 0.8761576968749999 0.36875 0.90964428125
2 0.36875 0.80202579375 0.6072587546875 0.8357283203125 0.6074283312500001 0.7939344578125 0.606992275 0.789276840625 0.36875 0.75487728125 0.36875 0.80202579375
3 0.7390625 0.97578125 0.009375 0.0484375