1 0.14765625 0.16640625 0.0203125 0.01640625
3 0.14921875 0.2078125 0.08984375 0.3015625
4 0.12265625 0.3046875 0.2453125 0.609375
4 0.68836445625 0 0.683824465625 0.609375 0.8949904265624999 0.609375 0.879126896875 0 0.68836445625 0
3 0.70859375 0.1015625 0.021875 0.12265625
3 0.70078125 0.30390625 0.01875 0.10390625
3 0.69453125 0.50234375 0.01953125 0.10703125
3 0.88125 0.55546875 0.025 0.1078125
3 0.87890625 0.33984375 0.02578125 0.12109375
3 0.8734375 0.1125 0.021875 0.12265625
1 0.32890625 0.9765625 0.01953125 0.0203125
3 0.3296875 0.9 0.075 0.2
3 0.0484375 0.6515625 0.06875 0.084375
2 0.6390625 0.609375 0.36729651875 0.609375 0.303125 0.616203703125 0.310801865625 0.64703414375 0.6390625 0.6145973125 0.6390625 0.609375
4 0.7570800109375 0.609375 0.7803416828125 0.6601587875 0.6390625 0.7669820359375 0.6390625 0.7877241921875 0.8735755609375 0.9103656499999999 0.8884619593749999 1 1 1 1 0.665886403125 0.9389367171874999 0.670264771875 0.8925891796875 0.609375 0.7570800109375 0.609375
3 0.6390625 0.8364182093749999 0.6410549125 0.841221771875 0.6530462984375001 0.984724553125 0.6897525296875 0.9855389156250001 0.6717590265625 0.8281691453125 0.6390625 0.8328786078124999 0.6390625 0.8364182093749999
3 1 0.9112948484375 0.9469521875 0.8650915421875001 0.940494278125 0.8814897687500001 1 0.9356434515625001 1 0.9112948484375