0 0.51875 0.1328279 0.23255012343749998 0.20796954687500002 0 0.1834722875 0 0.33539576718749997 0.51875 0.2921344390625 0.51875 0.1328279
3 0.5482443578125 0.087812803125 0.6023920359375 0.26940669375000004 0.6190527859375 0.2434646125 0.56802910625 0.0711358234375 0.5677083015625 0.07054397812499999 0.5482443578125 0.087812803125
3 0.649250575 0.1063428375 0.5888550921875 0.2508766609375 0.6075985078125 0.2749656875 0.676324365625 0.1322847484375 0.6742417953125 0.128578809375 0.649250575 0.1063428375
1 0.19453125 0.72421875 0.02109375 0.03359375
3 0.24921875 0.70390625 0.440625 0.1625
4 0.553125 0.675 0.06875 0.65
3 0.61484375 0.5578125 0.02890625 0.26953125
2 1 0.7145514859375 0.6315967859375 0.7231030859375001 0.631339571875 0.7533710328125001 1 0.7392390171875001 1 0.7145514859375
2 1 0.6921727625 0.6674328375 0.6834006640625001 0.6671803484375001 0.7037542218749999 1 0.7119054859375 1 0.6921727625
2 1 0.6619427453125001 0.6460621234375 0.6338303546875 0.645566775 0.655429053125 0.9611818375000001 0.67980561875 1 0.681665225 1 0.6619427453125001
2 1 0.5546836203125001 0.639251321875 0.4747684546875 0.6381610109375 0.4891854515625 0.786143140625 0.5246507078125 0.963974478125 0.567223053125 1 0.5721597796875 1 0.5546836203125001
2 1 0.5983308890625001 0.9643638046875 0.5932437875 0.69392759375 0.5415251984375 0.6413282421875 0.5324957234375 0.6411717046875001 0.538749303125 0.64120376875 0.5387499453125 0.641102765625 0.547157359375 0.793608084375 0.5790251921875 1 0.6101065109375 1 0.5983308890625001