0 0.4796875 0.36875 0.4796875 0.20788551093750002 0.39088295624999997 0.114958496875 0.38610739843749997 0.114958496875 0 0.1170918 0 0.319747509375 0.1455378078125 0.36875 0.4796875 0.36875
5 0.4796875 0.28599091875 0.4875 0.29774305624999997 0.5109375 0.264409721875 0.53203125 0.23663194375000002 0.54921875 0.20190972187499998 0.56328125 0.1630208328125 0.56484375 0.14774305625 0.56484375 0.13524305625 0.55078125 0.1380208328125 0.53203125 0.1671875 0.5203125 0.19357638906250002 0.5125 0.2171875 0.4984375 0.22274305625 0.4921875 0.23663194375000002 0.4796875 0.2657986109375 0.4796875 0.28599091875
5 0.88203125 0.189409721875 0.853125 0.2157986109375 0.83515625 0.2532986109375 0.825 0.26996527812500004 0.8453125 0.28940972187499997 0.85546875 0.27829861093749997 0.88046875 0.24913194375 0.88984375 0.22135416718749998 0.91484375 0.189409721875 0.89921875 0.169965278125 0.88203125 0.189409721875
3 0.346875 0.4078125 0.01484375 0.06953125
3 0.33984375 0.496875 0.01640625 0.05390625
3 0.3328125 0.58984375 0.015625 0.06796875
3 0.39921875 0.41953125 0.01640625 0.06015625
3 0.39921875 0.50703125 0.0140625 0.05703125
3 0.39921875 0.59375 0.01640625 0.06875
4 0.32659695312500003 0.36875 0.2970614625 0.9299346203125001 0.29895830156250003 0.9394675890624999 0.3508097390625 1 0.3754453875 1 0.42618280156250005 0.9781122609375 0.4059260046875 0.36875 0.32659695312500003 0.36875
3 0.12683177031249998 0.36875 0.13907477343750002 0.3985806640625 0.14753824843750002 0.384523925 0.1411910171875 0.36875 0.12683177031249998 0.36875
3 0.1361188828125 0.36875 0.12835435625 0.3835198890625 0.14020322031250002 0.40259685625 0.15546960625 0.36875 0.1361188828125 0.36875
3 0.12440471718749999 0.5019979734375 0.12214782500000002 0.49798178281250005 0.153744778125 0.575293778125 0.164465196875 0.5642492406249999 0.1351251359375 0.489949353125 0.12440471718749999 0.5019979734375
3 0.178570953125 0.49898581875000003 0.145845553125 0.5682653859375 0.1554374734375 0.57730185 0.1892913703125 0.509026365625 0.18872712187500001 0.509026365625 0.178570953125 0.49898581875000003
0 1 0.6499130375 0.8932491312499999 0.655242459375 0.6365517390625 0.5500972625 0.5959576546875 0.66480105625 1 0.8407764312499999 1 0.6499130375