0 0.3453125 0.29140625 0.2875 0.1015625
4 0.5484375 0.45390625 0.0875 0.2109375
3 0.7603102406250001 0.3473780046875 0.7659153046875 0.33802718593750003 0.7432733687499999 0.2889768046875 0.7378900500000001 0.29376663281250004 0.7603102406250001 0.3473780046875
3 0.75575615625 0.3392739578125 0.7624121359375 0.3467546125 0.7884563140624999 0.3052240953125 0.7820298421875 0.2943900265625 0.75575615625 0.3392739578125
3 0.776424778125 0.46893865312500005 0.7823801359375 0.4620813765625 0.757507725 0.4128337390625 0.7529536078125 0.4221845578125 0.753303934375 0.42156117968749995 0.776424778125 0.46893865312500005
3 0.7788769999999999 0.4751725234375 0.8097047703125 0.429041834375 0.8107557171875 0.42779505 0.803048790625 0.416574065625 0.7736222625 0.46021121249999997 0.7788769999999999 0.4751725234375
3 0.7534739515625001 0.559375 0.7417435125 0.535641171875 0.73613845 0.5412516640625 0.7340365546875001 0.5418750421875 0.7428534046874999 0.559375 0.7534739515625001 0.559375
3 0.7840323375 0.559375 0.78973676875 0.5506024828125 0.7835203046875 0.54230740625 0.7823801359375 0.5418750421875 0.7716029499999999 0.559375 0.7840323375 0.559375
3 0.48359375 0.8 0.0109375 0.13125
3 0.300283825 0.7861536109375 0.2947989984375 0.769902271875 0.2180114234375 0.8338242046875 0.2210585484375 0.8489921218750001 0.300283825 0.7861536109375
3 0.2009475171875 0.8446584312500001 0.20582291874999997 0.8305739375 0.13025419375 0.7666520046875 0.1265976421875 0.7807364984375 0.2009475171875 0.8446584312500001
4 0.24453125 0.7796875 0.4890625 0.440625
4 0.5859375 0.7796875 0.1 0.440625
3 0.8731100656249999 0.8390514515625 0.8618312546875 0.8251698390625 0.8158484140625 0.9146291203124999 0.8262596234374999 0.9331379375000001 0.8731100656249999 0.8390514515625
3 0.79415839375 0.78815220625 0.7846147859375 0.7974066140625 0.8167160140625 0.9254259296875 0.8297300265625001 0.9146291203124999 0.79415839375 0.78815220625