0 0.1875833546875 0 0.2678496390625 0.274541909375 0.6081230453125 0.280914428125 0.6857293062500001 0.25861079375 0.4994743625 0.0292032078125 0.3965639328125 0 0.1875833546875 0
0 1 0.41261213124999996 0.8032035265624999 0.43997652187499997 0.8075346625 0.439687496875 0.83875111875 0.5682426625 1 0.5357861921875 1 0.41261213124999996
4 0.4109375 0.92109375 0.028125 0.1578125
3 0.71328125 0.86484375 0.01640625 0.05625
3 0.7109375 0.9453125 0.0203125 0.05546875
4 0.71953125 0.88671875 0.0609375 0.2265625
3 0.5184534562499999 0.728526196875 0.544237903125 0.777767071875 0.5511556671875 0.768814171875 0.5266289796875 0.7218115328125 0.526000128125 0.7184542015625001 0.5184534562499999 0.728526196875
3 0.5631045859375 0.7262879578125 0.5366912296875 0.7721715031249999 0.54360899375 0.781124403125 0.56750683125 0.737479096875 0.5693934984375 0.7341217390625 0.5631045859375 0.7262879578125
3 0.5002156249999999 0.8426754609374999 0.49832895625000007 0.8426754609374999 0.5241134609375 0.8907971921875 0.53291789375 0.8829634359374999 0.507762296875 0.8337225593750001 0.5002156249999999 0.8426754609374999
3 0.5550575 0.8455089765625001 0.5448668109375 0.8348417046875 0.5165667875 0.8852016734374999 0.5234845515625 0.8963927609375 0.5550575 0.8455089765625001
3 0.541236828125 1 0.5636407640625001 0.9572844078125 0.5657246234375 0.9565427468750001 0.5586395609375 0.9476430921875 0.5357174031249999 0.9951079406249999 0.539077425 1 0.541236828125 1
3 0.5487449390625 1 0.5494707125 0.9988161078125 0.5211305359375 0.945418178125 0.5132119890625 0.958026034375 0.51487903125 0.9587676609375 0.540188590625 1 0.5487449390625 1
1 0.95859375 0.86640625 0.0828125 0.0484375
3 0.909375 0.91640625 0.18125 0.1671875