0 0.0435706796875 0 0 0.008857832812499999 0 0.2627137609375 0.46875 0.3299329171875 0.46875 0.2554698421875 0.399988546875 0.22540042656249998 0.20298801718749998 0.121848359375 0.17825605312499998 0 0.0435706796875 0
5 0.557347825 0 0.5551981921875 0.013457903125 0.575255496875 0.018632521875 0.5924474859375 0.0279468390625 0.616802715625 0.0093182046875 0.6211024859375 0 0.557347825 0
5 0.692791290625 0 0.6741092156249999 0.01656268125 0.6841377718749999 0.028981759375 0.7099257078125 0.028981759375 0.7113584125 0.0455405203125 0.7113584125 0.0620993140625 0.7027623703125 0.0786580734375 0.7013297609375 0.0900422328125 0.7041950765625 0.10349623125 0.7285503062500001 0.08486763124999999 0.75290563125 0.06106439375 0.765799503125 0.034156360937500005 0.7600688718749999 0.0217373 0.7271176953125 0.0113880625 0.7392443328125 0 0.692791290625 0
0 0.46875 1 0.46875 0.9041409312500001 0 0.9267968453125001 0 0.9521673109375002 0.0126058046875 1 0.46875 1
4 0.721875 0.86484375 0.059375 0.2703125
3 0.876178853125 0.930498565625 0.8815232749999999 0.9251489703125 0.8647955218749999 0.8907125312499999 0.8591435421875 0.8989953765625 0.876178853125 0.930498565625
3 0.8788510484375 0.9346593546874999 0.8992266265625 0.901372965625 0.8992266265625 0.900778575 0.8935482 0.8924569703125 0.8728385859374999 0.927526559375 0.8788510484375 0.9346593546874999
3 0.8888718203125 0.8478769968750001 0.8948842828124999 0.8425274015625 0.8781830078125001 0.8062690312499999 0.8728385859374999 0.8104298203125001 0.871836509375 0.8098354296875 0.8888718203125 0.8478769968750001
3 0.886199625 0.8419330109375001 0.889873896875 0.8502546140625 0.9101256046875001 0.8171705843750001 0.9042370125 0.8098354296875 0.886199625 0.8419330109375001
3 0.8775149671874999 0.759905859375 0.88319339375 0.7563394609375 0.865824046875 0.717109084375 0.8614817328125 0.723053071875 0.861147696875 0.723053071875 0.8775149671874999 0.759905859375
3 0.8741747 0.7492066656249999 0.8781830078125001 0.7587170515625 0.9002287046875 0.727808278125 0.8954828890625001 0.720331225 0.89655443125 0.7182978796875 0.8741747 0.7492066656249999