0 0.36875 0.1992462453125 0 0.066290596875 0 0.25112345937499997 0.28873360312499996 0.40989928437499995 0.36875 0.39010123750000003 0.36875 0.1992462453125
4 0.5953125 0.259375 0.453125 0.51875
3 0.5879604015625001 0.242291953125 0.6052242875 0.26707545625 0.7798551390624999 0.20954232187500002 0.7665752250000001 0.18652906875 0.5879604015625001 0.242291953125
3 0.6344400953125 0.2706159578125 0.8030949859375 0.2192786984375 0.7977830203125 0.19095469375000002 0.6291281296875 0.241406828125 0.6344400953125 0.2706159578125
3 0.8376227578125001 0.20777207187500002 0.81903088125 0.203346446875 0.793799046875 0.2883184609375 0.8130549203124999 0.2971697125 0.8376227578125001 0.20777207187500002
3 0.7685672125 0.2874333359375 0.785167103125 0.2900887109375 0.805086971875 0.2006910703125 0.7858310984375 0.19449519531249998 0.7685672125 0.2874333359375
1 0.225 0.62109375 0.05625 0.03125
3 0.21171875 0.73671875 0.16328125 0.42734375
4 0.36875 0.51875 0 0.51875 0 0.82956425 0.36875 0.5360174015625 0.36875 0.51875
5 0.8591030859375 0.9036010937500001 0.8910562843750001 0.9367555515625 0.8857308109375002 0.8751829765625001 0.8573278484374999 0.8491330296875 0.8502271374999999 0.8183467437499999 0.8324752406249999 0.794664965625 0.8050071234375 0.7551609890625001 0.7845453828125 0.7851922859375 0.8058475156250001 0.8159785734374999 0.82004905625 0.8491330296875 0.82004905625 0.8728148078124999 0.8271497671875 0.8964965843750001 0.8040723984374999 0.9225465328125001 0.8378008343750001 0.9225465328125001 0.8591030859375 0.9036010937500001
3 0.79140625 0.74765625 0.07734375 0.140625