0 0.4890625 0.61875 0.4890625 0.47241002187500003 0.372153171875 0.3724007609375 0.372153171875 0.370807721875 0 0.45458177187500004 0 0.6185759859375 0.0009714484375000001 0.61875 0.4890625 0.61875
4 0.840625 0.309375 0.31875 0.61875
3 0.78671875 0.53359375 0.0484375 0.1703125
3 0.71484375 0.05546875 0.0546875 0.1109375
2 1 0.4393920609375 0.4890625 0.42233470781250004 0.4890625 0.456589034375 1 0.47927819375 1 0.4393920609375
2 1 0.15607995624999998 0.73420069375 0.0861378859375 0.4890625 0.1107838515625 0.4890625 0.146147971875 0.7250934734375 0.1225911140625 1 0.19827277031249999 1 0.15607995624999998
2 1 0 0.7895832781250001 0 0.4890625 0.03857545625 0.4890625 0.0647597578125 1 0.004493084374999999 1 0
3 0.4625 0.684375 0.025 0.13125
2 0.0473123203125 0.61875 0.42413609843750005 0.8529589156250001 0.4890625 0.9220734109375 0.4890625 0.8766254281249999 0.45188897499999997 0.832699928125 0.382690875 0.7958787359375 0.2842248890625 0.7353664265625 0.1735176578125 0.6630553781249999 0.1112568375 0.61875 0.0473123203125 0.61875
2 0.125872428125 0.61875 0.26811430625 0.69622183125 0.4209961171875 0.7768938328124999 0.4247814609375 0.7565499046874999 0.15896386875 0.6228305921875 0.1527539125 0.61875 0.125872428125 0.61875
2 0.182040696875 0.61875 0.22182943125 0.6369549890624999 0.398187915625 0.7166978609375 0.40104903593749996 0.695086509375 0.22797618593750002 0.61875 0.182040696875 0.61875
4 0.54765625 0.78359375 0.053125 0.22421875
3 0.8841297203125 0.61875 0.875716503125 0.6352808484375 0.8902946843749999 0.6556638515625 0.9114619375 0.61875 0.8841297203125 0.61875
3 0.9309054171875001 0.8502286124999999 0.8882121140624999 0.7631376921874999 0.8923772546875 0.7557257296875 0.8788404062499999 0.7742556781250001 0.9163272375 0.8669055921875 0.9309054171875001 0.8502286124999999
3 0.9163272375 0.8724645859375 0.9652683468750001 0.7779617015625 0.96214444375 0.7835206953125 0.9444423609375001 0.7631376921874999 0.900707725 0.8594936296875 0.9163272375 0.8724645859375