0 0.659375 0.51186118125 0.60533570625 0.325586975 0.607723553125 0.319214546875 0 0.4103810671875 0 0.5260921453125 0.1623832328125 0.5358772765625 0.659375 0.5232157265625 0.659375 0.51186118125
3 0.93638505625 0.1266348484375 0.9429781078125 0.1196022578125 0.9152872859375 0.0574810484375 0.9093535390625 0.0656857359375 0.93638505625 0.1266348484375
3 0.9284733921875 0.12077435624999999 0.9370443609375 0.131323240625 0.9673724046875 0.0703741296875 0.9601200453125 0.0598252453125 0.9284733921875 0.12077435624999999
3 0.91001284375 0.30127749375 0.9172652015625001 0.29541700312499997 0.8875964640625 0.2356399890625 0.8796848 0.24970516874999998 0.91001284375 0.30127749375
3 0.9053977062499999 0.3001053953125 0.9133093703125 0.3047937890625 0.9429781078125 0.24501677656249998 0.9370443609375 0.2356399890625 0.9053977062499999 0.3001053953125
3 0.92715478125 0.486469025 0.933747834375 0.4770922390625 0.9060570125 0.42083152031250004 0.9001232640625 0.43020830625000006 0.92715478125 0.486469025
3 0.921221034375 0.48295272968749997 0.9278140875 0.48764112343750005 0.9568235203125 0.42083152031250004 0.9495711609375 0.41379893125 0.921221034375 0.48295272968749997
4 0.5390625 0.85390625 0.109375 0.2921875
3 0.52734375 0.7921875 0.01640625 0.0671875
3 0.5203125 0.884375 0.01796875 0.06171875
3 0.57734375 0.89140625 0.01640625 0.065625
3 0.57890625 0.7984375 0.01953125 0.0625
3 0.32795447968749997 0.5796875 0.3408764125 0.6143885078125 0.3514347109375 0.605488696875 0.34188236875 0.5796875 0.32795447968749997 0.5796875
3 0.346777321875 0.5796875 0.33531945625000004 0.60153319375 0.34421060625 0.6153773609375001 0.36360914218749996 0.5796875 0.346777321875 0.5796875
3 0.28586220625 0.7112975390624999 0.28586220625 0.7132752890624999 0.31864848437500004 0.7913958437499999 0.32809535156249997 0.7815071796874999 0.295309125 0.6994311234375 0.28586220625 0.7112975390624999
3 0.3529002015625 0.7225780171875 0.3408764125 0.7132752890624999 0.30975728281250003 0.7805183265625001 0.3169813875 0.7943624484375 0.3529002015625 0.7225780171875
3 0.303644609375 0.8995237046875 0.305867371875 0.8975459984375 0.3308738296875 0.962811284375 0.341432128125 0.9568780765625 0.315314290625 0.88370183125 0.303644609375 0.8995237046875
3 0.3679107921875 0.9016467046875001 0.3581031 0.8906238921874999 0.32642825468750003 0.9657778875 0.3347637390625 0.9806109078125 0.3679107921875 0.9016467046875001
3 0.9453125 0.76796875 0.109375 0.3765625