0 0.4 0.1271144015625 0.0407405796875 0.18465590468749998 0.0693951546875 0.3136976828125 0.4 0.2842440921875 0.4 0.1271144015625
3 0.75546875 0.17890625 0.0125 0.0640625
3 0.8078125 0.1890625 0.01328125 0.059375
3 0.5643190625 0 0.57405691875 0.023602665624999998 0.582425775 0.014667225 0.576897390625 0 0.5643190625 0
3 0.5727342703125 0 0.5662460046875 0.01268155625 0.5774044609375 0.025588289062500002 0.5881384234375 0 0.5727342703125 0
3 0.5567612671875001 0.1844406046875 0.5266333859375 0.1089857390625 0.5271913265625 0.1079929265625 0.51603286875 0.125863809375 0.5467186390625 0.19238318906250002 0.5567612671875001 0.1844406046875
3 0.582983715625 0.1298351015625 0.5734989781250001 0.11692836874999998 0.538349784375 0.19139037812499998 0.5495082921875 0.20330429843750003 0.582983715625 0.1298351015625
3 0.5668038937500001 0.3719485703125 0.57517275 0.3580489796875 0.5422552671875 0.2865654515625 0.5316546984375 0.3054291453125 0.532212640625 0.30443633281250004 0.5668038937500001 0.3719485703125
3 0.5656880640625 0.3779055296875 0.595258003125 0.30840762499999996 0.595258003125 0.30741481406250004 0.5857733171875 0.29748656093750003 0.5567612671875001 0.36301312812500003 0.5656880640625 0.3779055296875
4 0.76796875 0.27421875 0.0953125 0.3890625
0 0.4 0.83995484375 0.9836382312499999 0.7224790734375001 0.8969906890625001 0.6425209875 0.4 0.7116271421875 0.4 0.83995484375