0 0 0 0 0.329438190625 0.23031257656249998 0.5347433203125 0.659375 0.46163309531249996 0.659375 0.225316840625 0.3295977078125 0 0 0
3 0.7339589156249999 0.21378772656249997 0.7325361796875 0.21378772656249997 0.7773509609375 0.3239159796875 0.79798003125 0.3099917015625 0.743917734375 0.1985976265625 0.7339589156249999 0.21378772656249997
3 0.8342586624999999 0.20872435 0.7752169234374999 0.311257525 0.788021146875 0.3289793265625 0.8477741875 0.22518030156250002 0.8470628859375001 0.22391445000000001 0.8342586624999999 0.20872435
3 0.8223878921875001 0.559375 0.782330403125 0.4707535734375 0.784464440625 0.4656902265625 0.7695261796875 0.4846778515625 0.8067861531249999 0.559375 0.8223878921875001 0.559375
3 0.8501060375 0.559375 0.8819187828124999 0.513792228125 0.873382634375 0.503665475 0.8655578531250001 0.496070425 0.8315530265625 0.559375 0.8501060375 0.559375
1 0.4546875 0.82578125 0.0328125 0.0234375
3 0.445832190625 1 0.35177667343749996 0.743207134375 0.251022015625 0.76676166875 0.2574190390625 0.76676166875 0.34284725625 1 0.445832190625 1
3 0.5731011859375 1 0.46052768281249995 0.7078753703125 0.3805637171875 0.7533019234375 0.3757658765625 0.7499369687499999 0.4691476875 1 0.5731011859375 1
3 0.3345765734375 0.559375 0.38376222968749996 0.68936823125 0.466924853125 0.65403646875 0.42928848124999996 0.559375 0.3345765734375 0.559375
3 0.446838078125 0.559375 0.49251323906250005 0.686003353125 0.590069384375 0.643941678125 0.554136671875 0.559375 0.446838078125 0.559375
4 0.3296875 0.7796875 0.659375 0.440625
3 0.659375 0.7656952593749999 0.64222455 0.6490202234375 0.58785550625 0.6636571703125 0.641704390625 0.96239833125 0.659375 0.9583287281249999 0.659375 0.7656952593749999