0 0.3390625 0.4 0.3390625 0.19227081562499998 0.04793663125 0.206804959375 0 0.1871697515625 0 0.3249668078125 0.172277440625 0.4 0.3390625 0.4
1 0.7875 0.18359375 0.0328125 0.0234375
3 0.7940967046875 0.4 0.6845891734375 0.10101963437499999 0.583834515625 0.12457416875 0.5902315390625 0.12457416875 0.691111775 0.4 0.7940967046875 0.4
3 0.9221711124999998 0.4 0.7933401828125 0.0656878703125 0.7133762171875 0.1111144234375 0.7085783765625 0.10774946875 0.8177143953125 0.4 0.9221711124999998 0.4
4 0.66953125 0.2 0.6609375 0.4
3 1 0.1766564359375 0.9750370499999998 0.0068327234375 0.92066800625 0.0214696703125 0.9745168906250001 0.32021083125 1 0.3143419828125 1 0.1766564359375
4 0.115625 0.5421875 0.05625 0.284375
3 0.2252023671875 0.43304718124999997 0.242391278125 0.46483442343750003 0.2481209359375 0.45823706406250003 0.23295425 0.43244743124999996 0.2319431375 0.43064815312500004 0.2252023671875 0.43304718124999997
3 0.2578256046875 0.4277643453125 0.23834682968749998 0.46003634218750006 0.24272832656249999 0.46723345156249996 0.262613528125 0.43484645781250003 0.2578256046875 0.4277643453125
4 0.52265625 0.7 0.3671875 0.6
3 0.67421875 0.56015625 0.02265625 0.08359375
3 0.35 0.5515625 0.021875 0.084375