0 0.5 0.26875 0.5 0 0 0 0 0.176482846875 0.10350586875000001 0.26875 0.5 0.26875
3 0.828125 0.034375 0.015625 0.06875
2 0.7724883484375 0 0.6173552499999999 0.26875 0.633987990625 0.26875 0.7508759265625 0.07012988906249999 0.7869557296874999 0 0.7724883484375 0
2 0.8099265062499998 0 0.6650302234375001 0.26875 0.6805358703125 0.26875 0.703232296875 0.22835782343750002 0.8161605187500001 0.01665474375 0.8100748375 0 0.8099265062499998 0
2 0.7042032390624999 0.26875 0.8212730687500001 0.0500847203125 0.8171164093750001 0.0404773625 0.6929853125000001 0.26875 0.7042032390624999 0.26875
2 0.7247166125 0.26875 0.8158425062500001 0.0964215375 0.8248502249999999 0.0756541328125 0.8180346734375 0.06927265 0.8180346734375 0.0688443171875 0.7134574734375001 0.26875 0.7247166125 0.26875
2 0.7367294328125 0.26875 0.7668699375 0.216174753125 0.787636684375 0.17113236406250001 0.812437259375 0.1286444296875 0.8337217453125 0.08417192031250001 0.8319163046875 0.0718913484375 0.8319163046875 0.07154985625 0.72860190625 0.26875 0.7367294328125 0.26875
1 0.3859375 0.31796875 0.215625 0.0984375
3 0.253125 0.39296875 0.49375 0.2484375
2 0.5 0.6841007234375 0.41340688437499995 0.7320377015624999 0 0.9401501624999999 0 0.9878626390624999 0.008638132812500001 1 0.0336447328125 1 0.49090974374999996 0.8133473359375 0.5 0.8077977093750001 0.5 0.6841007234375
4 0.84921875 0.6375 0.3015625 0.725
3 0.7578125 0.7875 0.02578125 0.23046875
3 0.96328125 0.49609375 0.0171875 0.1171875
3 0.88486738125 0.6481133734375 0.891992196875 0.6512799593749999 0.921382065625 0.5293664328125001 0.9129213453125 0.5230332625 0.88486738125 0.6481133734375
3 0.8639382328125 0.584781671875 0.8559228140625 0.5950730734375 0.8781878656250001 0.667112884375 0.88486738125 0.6576131296875 0.8639382328125 0.584781671875