0 0.5296875 0 0 0 0 0.10386060781249999 0.5296875 0.1406718890625 0.5296875 0
4 0.00546875 0.8203125 0.0109375 0.209375
3 0.3278583328125 0.659990378125 0.3236930984375 0.6544313859375 0.36326259375 0.7563462328125 0.3757582046875 0.7359633140625 0.33827137343749997 0.6414604296875 0.3278583328125 0.659990378125
3 0.2945367375 0.8656731265625 0.295577975 0.8675260968749999 0.3361887078125 0.949058025 0.34868431875 0.9379400390625001 0.307032346875 0.8378781609375 0.2945367375 0.8656731265625
3 0.40819328437499997 0.6784702828125 0.3924189546875 0.663696403125 0.352849553125 0.7433752765625 0.3653451640625 0.76561125 0.40819328437499997 0.6784702828125
3 0.36835829531250003 0.8494310953124999 0.32632631875 0.9420889484374999 0.33510910781250003 0.9588343406250001 0.37965047812499997 0.8594783312500001 0.379023171875 0.8594783312500001 0.36835829531250003 0.8494310953124999
1 0.68125 0.70390625 0.03359375 0.04453125
1 0.68125 0.74140625 0.034375 0.046875
1 0.6828125 0.78671875 0.034375 0.05
1 0.6859375 0.82890625 0.03125 0.04453125
1 0.68671875 0.875 0.03203125 0.040625
1 0.6890625 0.9203125 0.03125 0.04453125
3 0.68828125 0.80390625 0.1015625 0.3921875
4 0.684375 0.75 0.309375 0.5