0 0.4296875 0.1280399109375 0.062013200000000004 0.1523958515625 0.0632071234375 0.15558202031249999 0.026194946875000003 0.22249260468749998 0.0393283109375 0.3626861546875 0.4296875 0.24281544375 0.4296875 0.1280399109375
4 0.51484375 0.2296875 0.1703125 0.459375
3 0.4296875 0.0613591265625 0.4671875 0.13993055625 0.478125 0.131597221875 0.434375 0.02881944375 0.4296875 0.037152778125 0.4296875 0.0613591265625
3 0.465625 0.14826388906250001 0.53125 0.0427083328125 0.5234375 0.0260416671875 0.453125 0.12881944375 0.465625 0.14826388906250001
3 0.553125 0.2954861109375 0.4953125 0.3927083328125 0.50625 0.41770833281249997 0.5625 0.334375 0.553125 0.2954861109375
3 0.5234375 0.4010416671875 0.471875 0.287152778125 0.453125 0.306597221875 0.5046875 0.41770833281249997 0.5234375 0.4010416671875
4 0.75859375 0.275 0.0515625 0.24140625
3 0.1654817046875 0.459375 0.1882418921875 0.509057234375 0.201258134375 0.49631785781250004 0.1831481546875 0.459375 0.1654817046875 0.459375
3 0.19905451406250002 0.459375 0.17717803125 0.4974759640625 0.1914959375 0.520638453125 0.22414861875 0.459375 0.19905451406250002 0.459375
3 0.22859228125 0.8042369453125 0.2403069171875 0.7891813046875 0.186289453125 0.6698945921874999 0.1778288640625 0.687266446875 0.17717803125 0.6884245531250001 0.22859228125 0.8042369453125
3 0.2318463265625 0.8065531578125 0.2930227734375 0.7092707765625 0.29627681875 0.7011639296875 0.2806573046875 0.6895827109375 0.21948091875000003 0.793813834375 0.2318463265625 0.8065531578125
3 0.175691878125 1 0.15114555000000002 0.9460737640625 0.1400816875 0.9669199890625 0.136176809375 0.96344561875 0.1530019453125 1 0.175691878125 1
3 0.2484385609375 1 0.2565772625 0.9866081078125 0.25332315781250003 0.9889243203125 0.23900531093750002 0.97386873125 0.2236214484375 1 0.2484385609375 1
1 0.59921875 0.96875 0.0703125 0.0625
3 0.6985196671875 1 0.486358415625 0.6424554796875 0.48951675781250004 0.6481826093749999 0.4296875 0.7001088578125 0.4296875 0.8534593875 0.5240557359375 1 0.6985196671875 1