0 0.5390625 0.41875 0.5390625 0.2385331453125 0.07392165625 0.29017276718749996 0.039345028125 0.41875 0.5390625 0.41875
3 0.5639305343750001 0.41875 0.5836477734375001 0.3873957765625 0.58690181875 0.3792889296875 0.5712823046875 0.3677077109375 0.5413240484374999 0.41875 0.5639305343750001 0.41875
0 0.5390625 0.6447709859375 0 0.6051006453125 0 0.985481315625 0.5390625 0.8352647203124999 0.5390625 0.6447709859375
1 0.8203125 0.78359375 0.03359375 0.04453125
1 0.8203125 0.82109375 0.034375 0.046875
1 0.821875 0.86640625 0.034375 0.05
1 0.825 0.90859375 0.03125 0.04453125
1 0.82578125 0.9546875 0.03203125 0.040625
1 0.828125 0.98828125 0.03125 0.0234375
3 0.82734375 0.84375 0.1015625 0.3125
4 0.75859375 0.709375 0.4390625 0.58125