0 0.0446810875 0 0 0.0136272484375 0 0.2180187125 0.541595203125 0.1735318109375 0.536819509375 0.13529724375000002 0.32993615625 0 0.0446810875 0
3 0.5796875 0.21450123125 0.5894520875 0.23429079531250002 0.594963284375 0.22894660625 0.5796875 0.1976116640625 0.5796875 0.21450123125
3 0.622018246875 0.18975587656249998 0.6170080687499999 0.182630290625 0.587949034375 0.227165209375 0.5929592125 0.23607219218750003 0.622018246875 0.18975587656249998
3 0.5929592125 0.33137691875 0.5854439453125 0.340283903125 0.608490765625 0.394616503125 0.618511121875 0.38749091562500004 0.5929592125 0.33137691875
3 0.6475701578125 0.35186298125 0.6405559078125 0.340283903125 0.6079897484375 0.3857095203125 0.6160060328125 0.391053709375 0.6475701578125 0.35186298125
3 0.5796875 0.5247508046875 0.589620396875 0.5444468062500001 0.5948276234375001 0.540396740625 0.5796875 0.5095895296874999 0.5796875 0.5247508046875
3 0.6211892046874999 0.5022104171875 0.616958334375 0.49584602968749997 0.58636588125 0.5421324828125 0.5918985578125 0.547339709375 0.6211892046874999 0.5022104171875
4 0.14453125 0.87421875 0.2890625 0.2515625
4 0.5046875 0.79453125 0.15 0.4109375
3 0.5336508140625 0.6725526703125 0.5187908218749999 0.66060121875 0.49020450625 0.7911153140625 0.5035242953125 0.8011453671875 0.5336508140625 0.6725526703125
0 1 0.5890625 0.9515632625 0.5890625 0.5796875 0.6303478953125 0.5796875 0.9399970609375 1 0.96920719375 1 0.5890625