0 0.2837694234375 0.219469825 0.201498321875 0.384929959375 0.576396059375 0.3323573609375 0.5740082109375 0.247922578125 0.2837694234375 0.219469825
3 0.62185345625 0.0212068375 0.62288120625 0.0221213203125 0.6454920828125 0.073330825 0.6516586765625 0.06784409062499999 0.6275061515625 0.0202923953125 0.62185345625 0.0212068375
3 0.679209784375 0.026903748437500003 0.6706723109375 0.01846346875 0.6418948875 0.0669296484375 0.64806148125 0.07607419374999999 0.679209784375 0.026903748437500003
3 0.62047653125 0.28024501874999996 0.62047653125 0.28296654062500004 0.6455584015625 0.334131490625 0.651370034375 0.327055471875 0.62598230625 0.2753462484375 0.62047653125 0.28024501874999996
3 0.6697226140625 0.2813336171875 0.6412761140625001 0.328144096875 0.6458642593749999 0.3368530125 0.675534275 0.288953934375 0.6758401609375 0.288953934375 0.6697226140625 0.2813336171875
3 0.6406643703125 0.15342129375 0.6400526281250001 0.1523326703125 0.66513446875 0.20349760625000002 0.6700285 0.198054525 0.6455584015625 0.14525667656250002 0.6406643703125 0.15342129375
3 0.6886869671875 0.1550542171875 0.660852209375 0.201320371875 0.6648286125 0.20730776562500003 0.692663340625 0.1637631328125 0.6944985984375001 0.1599529875 0.6886869671875 0.1550542171875
3 0.11417137343749999 0.5296875 0.14788055 0.5934516750000001 0.1542698546875 0.581371221875 0.13158593125 0.5296875 0.11417137343749999 0.5296875
3 0.16825186718750001 0.5296875 0.13669921093749998 0.587056146875 0.1462832046875 0.6005578078125 0.1855521 0.5296875 0.16825186718750001 0.5296875
3 0.23213979999999998 0.7627545453125 0.175035184375 0.856555628125 0.188612521875 0.8643723640625 0.24292179218749999 0.7783880484375001 0.24411979218750002 0.7755456031250001 0.23213979999999998 0.7627545453125
3 0.1359005578125 0.760622703125 0.1822231796875 0.8629511578125 0.19060917500000002 0.847317621875 0.1454845515625 0.7464104062500001 0.1447454796875 0.7480397203125 0.1359005578125 0.760622703125
4 0.6609375 0.71875 0.0484375 0.28671875
4 0.83203125 0.709375 0.0265625 0.14296875
3 0.64375 0.61875 0.0078125 0.02734375
3 0.6421875 0.65390625 0.00546875 0.025
3 0.6765625 0.61640625 0.00546875 0.02578125
3 0.678125 0.65625 0.0046875 0.0265625
3 0.6796875 0.69296875 0.00703125 0.025