0 0.3421875 0.4515625 0.228125 0.05625
4 0.62421875 0.34140625 0.0703125 0.2765625
3 0.8392590109375 0.4796875 0.8227641531250001 0.44704015156250004 0.817471578125 0.45269105156249995 0.8299424640625 0.4796875 0.8392590109375 0.4796875
3 0.8634758124999999 0.4796875 0.874366840625 0.4630510484375 0.8694432796875 0.4528603984375 0.8516412265625 0.4796875 0.8634758124999999 0.4796875
3 0.8362602406249999 0.3194432046875 0.835730990625 0.31897230312499997 0.8627231656250001 0.370301303125 0.8688096281250001 0.364650403125 0.841288203125 0.3119086796875 0.8362602406249999 0.3194432046875
3 0.8873336765625 0.3236813796875 0.8614000031250001 0.3655922265625 0.866163328125 0.3754813015625 0.8920970015625 0.3298032015625 0.8926262515625 0.3298032015625 0.8873336765625 0.3236813796875
3 0.8149867546875 0.1813892328125 0.8404943156249999 0.23002217656249999 0.845522253125 0.22578400156249998 0.8209117421875 0.173042278125 0.8149867546875 0.1813892328125
3 0.8771163234374999 0.1789372921875 0.8722498140624999 0.1721004546875 0.8404943156249999 0.22719672656249998 0.844993003125 0.2328476265625 0.8771163234374999 0.1789372921875
3 0.421875 0.95078125 0.025 0.0984375
4 0.30234375 0.73984375 0.2796875 0.5203125
3 0.1828125 0.5953125 0.02265625 0.1234375
1 0.82109375 0.61484375 0.04921875 0.0421875
3 0.828125 0.73984375 0.18125 0.5203125