0 0.35 0 0 0 0 0.144096778125 0.35 0.22234646093750002 0.35 0
4 0.79296875 0.375 0.0515625 0.309375
3 0.9024335656249999 0.2034584078125 0.903128928125 0.20531445 0.9177310921874999 0.2350111234375 0.9229461499999999 0.2282056265625 0.9083439875 0.20036499531250002 0.9024335656249999 0.2034584078125
3 0.9387456984375 0.20724266406249997 0.9330286171874999 0.199746325 0.9135590453125001 0.231299040625 0.9173834109375001 0.23872320781249998 0.9387456984375 0.20724266406249997
3 0.9107895796874999 0.2740908734375 0.926770546875 0.3061593953125 0.9330286171874999 0.29873522656249996 0.9170357296875 0.269038553125 0.9107895796874999 0.2740908734375
3 0.9445017453125001 0.269038553125 0.9201647640624999 0.3024473109375 0.926075184375 0.31049017968750003 0.9493690906250001 0.277081421875 0.9493690906250001 0.27584405 0.9445017453125001 0.269038553125
1 0.228125 0.67578125 0.0375 0.01484375
1 0.2359375 0.82890625 0.0390625 0.03125
3 0.234375 0.75390625 0.1578125 0.3984375
1 0.81484375 0.78671875 0.0765625 0.03515625
3 0.75234375 0.83125 0.3484375 0.3375
4 0.6984375 0.76484375 0.603125 0.4703125