0 0.4 0.28890460625 0.1158706625 0.3213294484375 0.10751306093749999 0.47745406875 0.4 0.540932234375 0.4 0.28890460625
4 0.4609375 0.3515625 0.09375 0.515625
3 0.732585953125 0.138081740625 0.745361609375 0.1321510421875 0.707590071875 0.053075043749999995 0.700924503125 0.0629595265625 0.6981471484374999 0.060982634375 0.732585953125 0.138081740625
3 0.739251521875 0.143023959375 0.778133971875 0.08174010312499999 0.7775785421875 0.0797631875 0.7675801890624999 0.06493644062500001 0.726475815625 0.130174128125 0.739251521875 0.143023959375
3 0.7592482281249999 0.32489875 0.7670247078125 0.3140257875 0.732585953125 0.234949790625 0.7225876015624999 0.24779966718750002 0.72425399375 0.2507650171875 0.7592482281249999 0.32489875
3 0.7603591390625001 0.3278641 0.8031298546875 0.258672584375 0.8036853359375 0.258672584375 0.791465109375 0.2468111875 0.7492498750000001 0.317979571875 0.7603591390625001 0.3278641
3 0.7320304734375 0.5018312328125 0.7436952171875 0.49095831562500003 0.7087009828124999 0.414847665625 0.6992581109375 0.42769749843750005 0.6981471484374999 0.4257206296875 0.7320304734375 0.5018312328125
3 0.7286976890625001 0.4899698359375 0.73702965 0.5028197125 0.7764675796875 0.4415358109375 0.7657777921875001 0.42736711875 0.765913796875 0.428685978125 0.7286976890625001 0.4899698359375
4 0.2 0.846875 0.4 0.30625
3 0.307645184375 1 0.32564960468750004 0.9675214390625 0.3144221359375 0.9518386265625001 0.2907177109375 1 0.307645184375 1
4 0.82109375 0.8046875 0.3578125 0.390625