0 0.4 0.170142071875 0 0.23014732968749999 0 0.3356733265625 0.21082073281249997 0.3483772765625 0.4 0.3435576734375 0.4 0.170142071875
4 0.4671875 0.2796875 0.0453125 0.24140625
3 0.7884612171875001 0.07205511406250001 0.8176027828125001 0.14903116875 0.8257988562499999 0.140928403125 0.7971126 0.06314208593750001 0.798023303125 0.0615215625 0.7884612171875001 0.07205511406250001
3 0.8453783781249999 0.076916759375 0.8135047468749999 0.14173870156249999 0.8203348078125 0.153082515625 0.8544851125000001 0.0898811328125 0.8544851125000001 0.08745030937500001 0.8453783781249999 0.076916759375
3 0.8075853875 0.26077834843750003 0.805764025 0.256726965625 0.8358162921875 0.332892721875 0.8458337296875001 0.3256002546875 0.8171474734374999 0.25429614375 0.8075853875 0.26077834843750003
3 0.8695374843749999 0.26728386249999997 0.8604045124999999 0.2591577890625 0.82898623125 0.327220815625 0.8412803421875001 0.33613384375 0.8695374843749999 0.26728386249999997
4 0.1390625 0.76953125 0.278125 0.4609375
3 0.1984375 0.91953125 0.0671875 0.128125
3 0.08984375 0.95078125 0.1796875 0.0609375
4 0.628125 0.73828125 0.059375 0.3984375
3 0.771045521875 0.69071253125 0.7653935421875 0.6989953765625 0.782428853125 0.730498565625 0.7877732749999999 0.7251489703125 0.771045521875 0.69071253125
3 0.7997982 0.6924569703125 0.7790885859375 0.727526559375 0.7851010484375001 0.7346593546875 0.8054766265625 0.701372965625 0.8054766265625 0.700778575 0.7997982 0.6924569703125
3 0.7790885859375 0.6104298203125 0.778086509375 0.6098354296874999 0.7951218203125 0.647876996875 0.8011342828124999 0.6425274015625 0.7844330078125 0.60626903125 0.7790885859375 0.6104298203125
3 0.8163756046875001 0.6171705843749999 0.8104870125 0.6098354296874999 0.7924496249999999 0.6419330109375 0.796123896875 0.6502546140625001 0.8163756046875001 0.6171705843749999
3 0.7745078953125001 0.5390625 0.7837649671875 0.5599058593749999 0.78944339375 0.5563394609375 0.7817939765624999 0.5390625 0.7745078953125001 0.5390625
3 0.7877696562500001 0.5390625 0.7804247 0.549206665625 0.7844330078125 0.5587170515625 0.798451625 0.5390625 0.7877696562500001 0.5390625