0 0.3408233359375 0 0.29376800625 0.0097783328125 0.2615315234375 0.126075346875 0.659375 0.2009214609375 0.659375 0.0320582609375 0.6306197109375 0 0.3408233359375 0
4 0.70390625 0.33359375 0.0421875 0.1921875
3 1 0.059981709375000004 0.9768088046875001 0.0999085390625 0.9812089109375 0.10712922656249999 1 0.074074490625 1 0.059981709375000004
3 0.9514235781250001 0.047558559375 0.9487158203125 0.0535757984375 0.9788396234375 0.10291715937499998 0.9825627890625 0.098705090625 0.9514235781250001 0.047558559375
3 0.922653653125 0.216041253125 0.91926895625 0.222660215625 0.94837735 0.2768153671875 0.9524389859374999 0.26899295625 0.922653653125 0.216041253125
3 0.9835781984375 0.2220584921875 0.9801935015625001 0.21664297656249998 0.94634653125 0.2701964046875 0.9507466375 0.2774170921875 0.9835781984375 0.2220584921875
3 0.966903965625 0.4296875 0.94160795625 0.3857273953125 0.9375463203125 0.39294808125 0.959427884375 0.4296875 0.966903965625 0.4296875
3 1 0.3839966171875 0.9720639984374999 0.4296875 0.981528109375 0.4296875 1 0.3968485828125 1 0.3839966171875
1 0.296875 0.86875 0.0296875 0.015625
3 0.32578125 0.89765625 0.35 0.09453125
2 0.659375 0.46503376718750006 0.0883426671875 0.4951836421875 0.084054684375 0.5198030203124999 0.659375 0.494308915625 0.659375 0.46503376718750006
2 0.659375 0.87018234375 0.5076134999999999 0.8799492671875001 0.497931853125 0.9062642375 0.659375 0.8971486484375 0.659375 0.87018234375
3 0.8533752296875001 1 0.8666771687499999 0.9607589328125 0.840855971875 0.9443683374999999 0.8240862890624999 1 0.8533752296875001 1