0 0.4296875 0.4890625 0.4296875 0.2999225625 0 0.24728773906249998 0 0.46486406562499993 0.034611903124999996 0.4890625 0.4296875 0.4890625
4 0.8296875 0.26484375 0.175 0.4484375
3 0.7977704937500001 0.3335167609375 0.790397459375 0.334066765625 0.8005562578125 0.4780655921875 0.810741065625 0.47519388906250004 0.7977704937500001 0.3335167609375
3 0.17529023906250002 0.75845625 0.22600555 0.854389175 0.2323948546875 0.842308721875 0.189666228125 0.74495455625 0.18846822968750002 0.7435333500000001 0.17529023906250002 0.75845625
3 0.2699321734375 0.7477970359375 0.21482421093749998 0.8479936468750001 0.2244082046875 0.8614953078124999 0.28071416562499996 0.75987745625 0.2803148203125 0.75845625 0.2699321734375 0.7477970359375
4 0.64921875 0.8859375 0.0421875 0.21875
4 0.5546875 0.86796875 0.0296875 0.1484375
3 1 0.534514278125 0.9945041671875 0.5210218624999999 0.9864878812499999 0.5245846546874999 1 0.5579896140625 1 0.534514278125
3 0.9874899171875 0.8158430234375 0.9960072203125 0.8096081343750001 0.9599339359375 0.734789471875 0.95592579375 0.7428057562499999 0.9874899171875 0.8158430234375
3 1 0.7843442359375 0.9869889000000001 0.81138953125 0.99350213125 0.8194058171874999 1 0.8066471500000001 1 0.7843442359375
3 1 1 1 0.9925439875000001 0.9829807562500001 0.9574640656250001 0.9774695609374999 0.9699338421875 0.9926015421875001 1 1 1