0 0 0.20425173281250003 0.5227007312499999 0.0990415734375 0.4360531890625 0.0190834875 0 0.07971633125000001 0 0.20425173281250003
4 0.56328125 0.44453125 0.0484375 0.2109375
3 0.7239792859375 0.5420096171875 0.7283077453125 0.5371448859375 0.7093992296875 0.5002539859375 0.70461515 0.505524125 0.7048429703125001 0.5067403078125 0.7239792859375 0.5420096171875
3 0.719878646875 0.5379556625 0.725346165625 0.54282039375 0.7444824828125001 0.511605040625 0.7398668421875 0.5037587640625001 0.7392427828125 0.5059295328125 0.719878646875 0.5379556625
3 0.7125 0.66171875 0.03125 0.2234375
2 1 0.8298547796874999 0.919589246875 0.82940374375 0.7302804468749999 0.8175785859375001 0.662673528125 0.8445296734374999 0.66051231875 0.8450213453125001 0.661666140625 0.8702907312499999 0.7294879703125 0.8461831921874999 1 0.851801684375 1 0.8298547796874999
2 1 0.7792054625 0.8792804046875 0.7701652140624999 0.7389438 0.7544066875000001 0.739570915625 0.7560320203125 0.7386372890625 0.7923154640625001 1 0.8083301484375 1 0.7792054625
2 1 0.7508960546875001 0.7420430640625 0.72403895625 0.7420430640625 0.724439809375 0.7436436437499999 0.7293878359375 1 0.7682323703125 1 0.7508960546875001
4 0.5390625 0.55 0.5390625 0.629126859375 0.5641249921875 0.8778033624999999 0.5549122421875 1 0.6581192328125 1 0.650986903125 0.9532974812500001 0.66230393125 0.55 0.5390625 0.55
2 1 0.65326585625 0.914802525 0.6324940906250001 0.7338219328125 0.5823288171875001 0.7331070015625001 0.6007775921875 0.875425675 0.6386124953125 1 0.6681096421875 1 0.65326585625
2 0.799212046875 0.55 0.962713325 0.6009170484374999 1 0.61089884375 1 0.5909899359375 0.8570485968749999 0.55 0.799212046875 0.55