0 0.41875 0.0702087140625 0 0.0667070109375 0 0.1493203265625 0.41875 0.211311796875 0.41875 0.0702087140625
3 0.640625 0.1796875 0.03046875 0.1921875
3 0.9766970984375 0.5 0.920233221875 0.3869971125 0.9078373687500001 0.40502744375 0.9566140359374999 0.5 0.9766970984375 0.5
4 0.821875 0.25 0.35625 0.5
0 0 0.9030426859375 0.3030981578125 0.9045982140625 0.38070441875 0.8090116593750001 0 0.76352054375 0 0.9030426859375
3 0.996875 0.8671875 0.00625 0.06875
4 0.46875 0.784375 0.03359375 0.20625
3 0.7734066281249999 0.5903572031250001 0.771149684375 0.5873450484375 0.8078247734375001 0.6767056640625 0.8162882484375 0.662648925 0.783562796875 0.5813207375 0.7734066281249999 0.5903572031250001
3 0.8418579874999998 0.607769228125 0.8298298078125 0.59939366875 0.79710435625 0.6616448890625 0.8089532203124999 0.68072185625 0.8418579874999998 0.607769228125
3 0.7931547171875 0.7801229734375 0.790897825 0.7761067828125 0.822494778125 0.8534187781250001 0.8332151968750001 0.842374240625 0.8038751359375 0.768074353125 0.7931547171875 0.7801229734375
3 0.8473209531249999 0.77711081875 0.814595553125 0.8463903859374999 0.8241874734374999 0.85542685 0.8580413703125 0.787151365625 0.8574771218749999 0.787151365625 0.8473209531249999 0.77711081875