1 0.8203125 0.27578125 0.034375 0.0484375
3 0.82109375 0.2125 0.0921875 0.175
4 0.37734375 0.59375 0.02890625 0.184375
4 0.30703125 0.5671875 0.01953125 0.0984375
3 0.5138116890625 0.37137194375 0.5415328234375 0.42215268125000005 0.5464247906249999 0.4156237296875 0.52237263125 0.36847018125000003 0.521149640625 0.3662938640625 0.5138116890625 0.37137194375
3 0.5598958015625 0.3578703671875 0.5574657234375 0.35629298125000003 0.5272680296875001 0.41002994375 0.539763640625 0.43226591562500005 0.5699613328125 0.378528953125 0.5598958015625 0.3578703671875
3 0.517896321875 0.5490047734375001 0.5293506 0.5323277937500001 0.49894144999999995 0.478932428125 0.48040949062499994 0.49156178749999996 0.48769853281250003 0.49156178749999996 0.517896321875 0.5490047734375001
3 0.549485334375 0.496404546875 0.5387223078125001 0.48044380000000003 0.5064419484375 0.5434457796875 0.5168549890625 0.5527107125 0.549485334375 0.496404546875
3 0.515594634375 0.6086836140624999 0.5090380359375 0.617658565625 0.536028396875 0.6740408906249999 0.5418958796875 0.6646438375 0.515594634375 0.6086836140624999
3 0.56305634375 0.6219284984375 0.563911234375 0.6219284984375 0.5527979609375 0.606716171875 0.5220228125 0.6706080421875 0.5305714906250001 0.6827779453125 0.56305634375 0.6219284984375
1 0.9734375 0.56328125 0.021875 0.01875
3 0.9703125 0.51484375 0.059375 0.0515625
4 0.8078125 0.7359375 0.378125 0.528125
3 0.96953125 0.56875 0.0609375 0.05