0 0.41875 0.1045730171875 0.32088812187500004 0.053472971875 0.3231098140625 0.0584703734375 0.0987152859375 0.42161346718750004 0.212023396875 0.46325835 0.41875 0.27398154375 0.41875 0.1045730171875
4 0.58203125 0.87578125 0.0265625 0.1703125
3 0.8859375 0.81484375 0.0171875 0.0578125
3 0.9421875 0.82265625 0.0171875 0.05078125
3 0.87890625 0.878125 0.0140625 0.05078125
3 0.94296875 0.8890625 0.01328125 0.04375
4 0.909375 0.86484375 0.109375 0.2703125
3 0.6937190046875 0.67728535625 0.7183157781249999 0.717581559375 0.7230008781249999 0.7092444109375 0.7011370921875001 0.6675586734375 0.702698803125 0.6633901 0.6937190046875 0.67728535625
3 0.7360180765625 0.666458959375 0.7362753390625001 0.666863921875 0.7128498406249999 0.7099391953125 0.718706215625 0.7168868078124999 0.7417412765625 0.6745063015625 0.7360180765625 0.666458959375
3 0.6727470125 0.783106846875 0.6714647828125 0.7835839874999999 0.6984041046874999 0.8315225859375 0.7050413531249999 0.8245749734375 0.68005414375 0.7759415921875 0.6727470125 0.783106846875
3 0.7172710953125 0.7799823484375 0.717144503125 0.780110165625 0.6933286046875 0.823880190625 0.6995753796875 0.8343016249999999 0.7233913140625 0.7884473125 0.7172710953125 0.7799823484375
3 0.731808165625 0.8948616906249999 0.71040328125 0.9352602265625001 0.7136464453125 0.9402619453125001 0.7367810109375 0.8998634078125001 0.736997228125 0.899478665625 0.731808165625 0.8948616906249999
3 0.69586675625 0.8949625343750001 0.6913767109375 0.899478665625 0.7119167453124999 0.9421856906249999 0.7158085421875 0.9367992125000001 0.69586675625 0.8949625343750001