0 0 0.497300621875 0.4128988765625 0.566942159375 0.44035966406249993 0.3885140875 0 0.3463429890625 0 0.497300621875
1 0.7421875 0.59921875 0.01953125 0.0390625
3 0.74453125 0.4140625 0.0578125 0.409375
4 0.8484375 0.309375 0.29375 0.61875
2 0.51875 0.10753586562499999 0.6922943109374999 0.11064162968749999 0.69084714375 0.07461694375 0.51875 0.07692336562499999 0.51875 0.10753586562499999
4 0.09765625 0.771875 0.04453125 0.21328125
3 0.45201005624999996 0.6969473484375001 0.4586031078125 0.6899147578125 0.4309122859375 0.6277935484375 0.4249785390625 0.6359982359374999 0.45201005624999996 0.6969473484375001
3 0.44409839218749997 0.69108685625 0.4526693609375 0.701635740625 0.48299740468749996 0.6406866296875 0.4757450453125 0.6301377453125 0.44409839218749997 0.69108685625
3 0.42563784374999997 0.87158999375 0.4328902015625 0.865729503125 0.4032214640625 0.8059524890624999 0.3953098 0.82001766875 0.42563784374999997 0.87158999375
3 0.42102270624999993 0.8704178953125 0.4289343703125 0.8751062890625001 0.4586031078125 0.8153292765625 0.4526693609375 0.8059524890624999 0.42102270624999993 0.8704178953125
4 0.80078125 0.809375 0.3984375 0.38125