0 0.609375 0.12696661874999998 0.29235566875 0.012662859374999998 0.188482746875 0.140111553125 0.582483603125 0.35677428437500003 0.609375 0.350120684375 0.609375 0.12696661874999998
4 0.61640625 0.26796875 0.0140625 0.1890625
3 0.972642571875 0.18660131562499999 0.978664421875 0.18001330937499999 0.9504080531250001 0.11742725624999999 0.9448494234375 0.12813276406250002 0.972642571875 0.18660131562499999
3 1 0.1260307703125 0.9985828453125001 0.1240152609375 0.96801038125 0.1833073125 0.976348325 0.19071881875000002 1 0.1446668828125 1 0.1260307703125
3 0.9420701078124999 0.3793004828125 0.9485551765625001 0.366947971875 0.921225246875 0.308479421875 0.9152033968750001 0.31836142968750003 0.9420701078124999 0.3793004828125
3 0.9439229843750001 0.37435947812500003 0.9476287375 0.3817709859375 0.9795908593749999 0.316714428125 0.9735690109374999 0.30930292187499997 0.9439229843750001 0.37435947812500003
3 0.9624517515625 0.57199965 0.9689368187499999 0.5621176421875 0.93929079375 0.50611959375 0.9341953828125 0.52094260625 0.9624517515625 0.57199965
3 0.960598875 0.567058646875 0.9661575046875001 0.5744701531249999 0.993950653125 0.5052960921875 0.9888552421875 0.49953158750000004 0.960598875 0.567058646875
4 0.096875 0.78671875 0.0390625 0.1890625
3 0.464830071875 0.705351315625 0.470851921875 0.6987633093750001 0.442595553125 0.63617725625 0.43703692343749995 0.6468827640625 0.464830071875 0.705351315625
3 0.46019788124999994 0.7020573125 0.468535825 0.70946881875 0.49771863281249995 0.6526472703125 0.4907703453125 0.6427652609375001 0.46019788124999994 0.7020573125
3 0.4342576078125 0.8980504828125 0.4407426765625 0.8856979718750001 0.413412746875 0.827229421875 0.40739089687499996 0.8371114296875 0.4342576078125 0.8980504828125
3 0.436110484375 0.893109478125 0.4398162375 0.9005209859375001 0.471778359375 0.835464428125 0.4657565109375 0.8280529218750001 0.436110484375 0.893109478125
3 0.6921875 0.77109375 0.165625 0.3828125