0 0.5 0.559375 0.5 0.28406251718750003 0 0.23709142343749998 0 0.4821405703125 0.26364634531250003 0.559375 0.5 0.559375
3 0.68359375 0.39609375 0.01640625 0.15625
4 0.9712645578124999 0.559375 0.9175687937500001 0.49447103437499995 0.7663684625 0.1676148015625 0.7626752484375 0.1693891671875 0.7835702234374999 0.34886947031250004 0.6845420953125 0.32106329218749996 0.8082189124999999 0.559375 0.9712645578124999 0.559375
2 0.555801271875 0.559375 0.6055634265625 0.4748173890625 0.6708526984375001 0.34791177812499996 0.7388685515625 0.242174009375 0.7594317421875 0.1959911203125 0.75329175 0.1866347453125 0.75329175 0.1862064109375 0.5378841234375 0.559375 0.555801271875 0.559375
2 0.5972175656250001 0.559375 0.67084801875 0.42134224375 0.6647024171875 0.4045235171875 0.5812144015625 0.559375 0.5972175656250001 0.559375
2 0.61995794375 0.559375 0.67596056875 0.4547722203125 0.671803909375 0.4451648625 0.60969821875 0.559375 0.61995794375 0.559375
2 0.6397194374999999 0.559375 0.67053000625 0.5011090375 0.679537725 0.48034163281250003 0.6727221734375 0.47396015 0.6727221734375 0.4735318171875 0.627814796875 0.559375 0.6397194374999999 0.559375
2 0.65192319375 0.559375 0.6671247593749999 0.5333319296875 0.6884092453124999 0.48885942031249996 0.6866038046874999 0.47657884843750004 0.6866038046874999 0.47623735624999997 0.6430474687500001 0.559375 0.65192319375 0.559375
2 0.9277014781249999 0 0.773786278125 0.16249112968749999 0.7798786625 0.173134303125 0.95010971875 0 0.9277014781249999 0
2 1 0 0.99294130625 0 0.8089296609375 0.2308708859375 0.8148696640624999 0.24353435937499998 0.9046319359375001 0.13539730781249998 0.9770295765625001 0.041294454687499996 1 0.011970393749999999 1 0
2 1 0.0267692171875 0.8200326203125 0.2562636265625 0.8353417578125001 0.2912853796875 0.8815364562500001 0.2244398515625 0.912646471875 0.1863623875 0.9882858375 0.0856492421875 1 0.068943984375 1 0.0267692171875
3 0.378193809375 1 0.3611982671875 0.9659280484374999 0.35586298125 0.9712685015625 0.35619644687499996 0.9718618750000001 0.3695761203125 1 0.378193809375 1
3 0.398702978125 1 0.41255028125 0.9777957296875 0.40612458125 0.9682100218749999 0.40554773125 0.9688949749999999 0.3869756453125 1 0.398702978125 1
3 0.5 0.6520219218750001 0.538307715625 0.7409138343749999 0.5534829718750001 0.72451829375 0.5 0.6094252515624999 0.5 0.6520219218750001
3 0.6147261328125 0.5721359265625 0.5290941140625 0.725482725 0.5442694203125 0.749593840625 0.623939684375 0.590460371875 0.6244816765625 0.5875670375000001 0.6147261328125 0.5721359265625