0 0.659375 0.3852887 0.2589671515625 0.32227833281249996 0.17775249843750002 0.5 0.563935509375 0.5 0.659375 0.495589703125 0.659375 0.3852887
4 0.94765625 0.25 0.1046875 0.5
4 0.209375 0.590625 0.046875 0.18125
3 0.5069774781249999 0.5692690828125 0.503853575 0.5692690828125 0.55695991875 0.669330959375 0.5704967671875 0.6582129734375 0.5205143249999999 0.5488861640625 0.5069774781249999 0.5692690828125
3 0.5809098078125 0.5692690828125 0.5777859046875 0.5674161125 0.5340512687500001 0.6470949875 0.5486294484375 0.673036984375 0.602777125 0.5822401234375001 0.5809098078125 0.5692690828125
3 0.530927365625 0.7990408578125 0.5746620015625 0.88242575625 0.5850750421875001 0.87130776875 0.5455055468750001 0.7730988609375 0.5486294484375 0.7823638781250001 0.530927365625 0.7990408578125
3 0.60173579375 0.7786578546875 0.55695991875 0.8750137078125 0.5694555296875 0.8916906875 0.6194379718749999 0.7990408578125 0.6236031109375 0.795334834375 0.60173579375 0.7786578546875
3 0.97734375 0.8546875 0.01953125 0.06875
3 0.96953125 0.9609375 0.0171875 0.078125
3 0.727618953125 0.5536998109375 0.7132453421875 0.569330759375 0.754184990625 0.6644845937499999 0.7692240375 0.6451564890625 0.727618953125 0.5536998109375
3 0.7825920265625 0.57676464375 0.7391459453125 0.6570507453125 0.754184990625 0.6734052687500001 0.7967956203125001 0.5960927828125 0.7976310718749999 0.5960927828125 0.7825920265625 0.57676464375
3 0.6870575671875 0.776713246875 0.7207648640625 0.8666865859375001 0.7358039109375001 0.8518187515625 0.698206296875 0.761125253125 0.6870575671875 0.776713246875
3 0.751678484375 0.770045928125 0.7124098140624999 0.860739425 0.7249423515625 0.8770940171875001 0.768388509375 0.787887275 0.7700594890625 0.78640051875 0.751678484375 0.770045928125