0 0 0 0 0.0903021515625 0.06671089687500001 0.11482085 0.1921173046875 0 0 0
4 0.4953125 0.15 0.071875 0.3
3 0.7304971218749999 0.110935521875 0.7362511062499999 0.1067234546875 0.71120435 0.05377174999999999 0.7074811828125 0.0603907125 0.7304971218749999 0.110935521875
3 0.736928046875 0.1145458640625 0.7643440921875 0.07122174375 0.757236228125 0.062195884374999996 0.73151253125 0.1061217296875 0.736928046875 0.1145458640625
3 0.7088350609375 0.2463234 0.7122197578125 0.25294236406250004 0.7396358046875 0.21142341406249998 0.736928046875 0.2048044515625 0.7088350609375 0.2463234
3 0.7122197578125 0.2523406390625 0.715942925 0.24572167656250002 0.6905576984375 0.1957785921875 0.6871730015624999 0.20179583124999997 0.7122197578125 0.2523406390625
4 0.25 0.65 0.41875 0.7
3 0.0671875 0.603125 0.04453125 0.10703125
3 0.337244453125 0.6008092765624999 0.331935809375 0.6152802453125 0.42324447656249997 0.6700182578125 0.4281992109375 0.6511430812500001 0.337244453125 0.6008092765624999
1 0.4984375 0.77578125 0.059375 0.03515625
3 0.52109375 0.63671875 0.1234375 0.4921875
4 0.5359375 0.65 0.153125 0.7