0 0.56875 0 0 0 0 0.009485909375 0.56875 0.1547250578125 0.56875 0
3 0.750576721875 0 0.79006805 0.074701675 0.7964573546875 0.062621221875 0.768972975 0 0.750576721875 0
3 0.8164549734375001 0 0.7788867109375 0.068306146875 0.7884707046875 0.0818078078125 0.8338000156250001 0 0.8164549734375001 0
3 0.8743273 0.24400454531250002 0.817222684375 0.33780562812500003 0.8308000218749999 0.3456223640625 0.8851092921875001 0.2596380484375 0.8863072921875 0.256795603125 0.8743273 0.24400454531250002
3 0.7780880578125 0.241872703125 0.8244106796875 0.3442011578125 0.832796675 0.328567621875 0.7876720515625 0.22766040625 0.7869329796875 0.2292897203125 0.7780880578125 0.241872703125
4 0.14453125 0.6671875 0.040625 0.20703125
3 0.4119152953125 0.6173815515625 0.41635292812499997 0.610619446875 0.385923453125 0.5508875140625 0.3814858203125 0.5632847078125 0.4119152953125 0.6173815515625
3 0.40874555937499996 0.6128734812500001 0.4144510859375 0.61850856875 0.446782403125 0.5632847078125 0.4417108234375 0.5531415484375 0.40874555937499996 0.6128734812500001
3 0.4334695078125 0.8044664718749999 0.43854108593749996 0.7931962968749999 0.4074776640625 0.732337346875 0.40177213749999996 0.7447345390625 0.4334695078125 0.8044664718749999
3 0.4271300328125 0.79545033125 0.4341034546875 0.8022124375 0.46706871874999994 0.743607521875 0.4626310875 0.7334643640625 0.4271300328125 0.79545033125
2 0.7535166953125 0.4390625 0.599453671875 1 0.6794585625 1 0.837904428125 0.4390625 0.7535166953125 0.4390625